# Timesteps, No of clusters, Mean size of clusters, Size of largest cluster
0 278 1 3
1000 265 1 3
2000 256 1 4
3000 242 1 6
4000 233 1 6
5000 228 1 6
6000 211 1 8
7000 211 1 8
8000 199 1 9
9000 190 1 10
10000 187 1 10
11000 183 1 11
12000 177 1 11
13000 175 1 12
14000 167 1 13
15000 165 1 13
16000 165 1 14
17000 158 1 14
18000 153 1 14
19000 152 1 15
20000 146 2 16
21000 135 2 16
22000 137 2 16
23000 137 2 16
24000 138 2 23
25000 131 2 23
26000 131 2 23
27000 131 2 23
28000 129 2 23
29000 124 2 23
30000 118 2 23
31000 127 2 23
32000 118 2 23
33000 119 2 23
34000 124 2 23
35000 120 2 25
36000 118 2 25
37000 118 2 25
38000 119 2 25
39000 114 2 26
40000 113 2 26
41000 110 2 26
42000 112 2 26
43000 110 2 26
44000 108 2 26
45000 105 2 26
46000 108 2 26
47000 110 2 27
48000 107 2 27
49000 103 2 27
50000 103 2 27
51000 102 2 27
52000 101 2 27
53000 103 2 27
54000 100 3 32
55000 103 2 32
56000 103 2 32
57000 100 3 32
58000 97 3 32
59000 92 3 32
60000 91 3 32
61000 92 3 32
62000 91 3 32
63000 87 3 33
64000 88 3 39
65000 90 3 33
66000 83 3 39
67000 80 3 38
68000 81 3 38
69000 77 3 38
70000 78 3 38
71000 78 3 38
72000 81 3 38
73000 82 3 38
74000 81 3 38
75000 79 3 39
76000 77 3 39
77000 77 3 39
78000 77 3 40
79000 76 3 40
80000 77 3 40
81000 77 3 40
82000 76 3 41
83000 78 3 41
84000 77 3 41
85000 80 3 41
86000 79 3 41
87000 76 3 41
88000 78 3 41
89000 76 3 41
90000 77 3 41
91000 73 4 41
92000 75 4 41
93000 76 3 41
94000 76 3 41
95000 78 3 41
96000 76 3 41
97000 74 4 41
98000 68 4 41
99000 71 4 41
100000 73 4 41
101000 73 4 41
102000 72 4 41
103000 69 4 41
104000 69 4 41
105000 69 4 41
106000 74 4 41
107000 73 4 41
108000 79 3 41
109000 75 4 41
110000 77 3 41
111000 74 4 41
112000 72 4 41
113000 75 4 41
114000 71 4 42
115000 69 4 42
116000 68 4 42
117000 63 4 42
118000 62 4 43
119000 63 4 44
120000 59 5 45
121000 61 4 45
122000 61 4 45
123000 60 5 46
124000 60 5 45
125000 61 4 45
126000 60 5 45
127000 60 5 45
128000 61 4 45
129000 62 4 45
130000 60 5 46
131000 62 4 46
132000 61 4 46
133000 59 5 46
134000 56 5 46
135000 54 5 46
136000 54 5 46
137000 53 5 46
138000 57 5 46
139000 56 5 46
140000 55 5 46
141000 57 5 46
142000 59 5 46
143000 57 5 46
144000 55 5 46
145000 55 5 46
146000 54 5 46
147000 54 5 46
148000 53 5 46
149000 51 5 46
150000 49 6 66
151000 49 6 46
152000 55 5 55
153000 53 5 47
154000 55 5 47
155000 56 5 47
156000 55 5 56
157000 53 5 57
158000 54 5 57
159000 53 5 57
160000 52 5 57
161000 53 5 57
162000 54 5 57
163000 50 6 57
164000 51 5 57
165000 51 5 57
166000 49 6 58
167000 51 5 58
168000 49 6 58
169000 48 6 58
170000 49 6 58
171000 48 6 58
172000 47 6 58
173000 47 6 58
174000 48 6 58
175000 47 6 58
176000 48 6 58
177000 48 6 58
178000 49 6 58
179000 48 6 59
180000 44 6 59
181000 44 6 59
182000 43 6 59
183000 48 6 59
184000 48 6 59
185000 49 6 59
186000 52 5 59
187000 48 6 59
188000 48 6 59
189000 49 6 59
190000 47 6 59
191000 48 6 59
192000 49 6 59
193000 46 6 60
194000 48 6 60
195000 47 6 60
196000 48 6 60
197000 44 6 61
198000 48 6 61
199000 48 6 61
200000 46 6 61
201000 48 6 61
202000 46 6 62
203000 44 6 62
204000 46 6 62
205000 46 6 62
206000 47 6 62
207000 43 6 62
208000 42 7 62
209000 45 6 61
210000 49 6 60
211000 48 6 60
212000 47 6 60
213000 47 6 59
214000 49 6 59
215000 48 6 59
216000 49 6 59
217000 48 6 59
218000 48 6 59
219000 51 5 59
220000 50 6 59
221000 49 6 59
222000 50 6 59
223000 46 6 59
224000 47 6 60
225000 44 6 60
226000 44 6 60
227000 43 6 60
228000 45 6 60
229000 46 6 60
230000 46 6 60
231000 45 6 60
232000 45 6 60
233000 46 6 61
234000 45 6 62
235000 41 7 63
236000 42 7 63
237000 38 7 63
238000 39 7 63
239000 38 7 63
240000 39 7 64
241000 40 7 64
242000 41 7 64
243000 41 7 64
244000 43 6 64
245000 43 6 64
246000 42 7 64
247000 41 7 64
248000 41 7 64
249000 40 7 64
250000 41 7 64
251000 41 7 64
252000 43 6 64
253000 45 6 64
254000 47 6 64
255000 48 6 65
256000 50 6 64
257000 49 6 65
258000 48 6 65
259000 48 6 65
260000 45 6 65
261000 46 6 65
262000 46 6 65
263000 45 6 65
264000 46 6 63
265000 45 6 64
266000 46 6 64
267000 48 6 63
268000 46 6 64
269000 47 6 63
270000 47 6 63
271000 49 6 63
272000 47 6 63
273000 45 6 63
274000 49 6 63
275000 48 6 63
276000 52 5 63
277000 53 5 63
278000 52 5 63
279000 53 5 63
280000 51 5 64
281000 53 5 63
282000 54 5 63
283000 53 5 63
284000 55 5 63
285000 55 5 63
286000 56 5 63
287000 54 5 63
288000 54 5 63
289000 55 5 63
290000 55 5 63
291000 56 5 63
292000 56 5 63
293000 57 5 63
294000 56 5 63
295000 54 5 63
296000 53 5 63
297000 47 6 63
298000 51 5 63
299000 51 5 62
300000 47 6 62
301000 49 6 62
302000 47 6 63
303000 46 6 64
304000 47 6 64
305000 48 6 64
306000 49 6 64
307000 49 6 64
308000 49 6 64
309000 45 6 72
310000 50 6 72
311000 48 6 72
312000 48 6 72
313000 46 6 72
314000 45 6 72
315000 46 6 72
316000 44 6 72
317000 44 6 72
318000 43 6 72
319000 43 6 72
320000 44 6 72
321000 43 6 72
322000 45 6 72
323000 45 6 72
324000 46 6 72
325000 45 6 72
326000 45 6 72
327000 46 6 72
328000 46 6 72
329000 44 6 72
330000 47 6 72
331000 45 6 72
332000 47 6 72
333000 47 6 72
334000 45 6 72
335000 44 6 72
336000 46 6 72
337000 45 6 72
338000 47 6 72
339000 46 6 72
340000 46 6 72
341000 48 6 72
342000 45 6 72
343000 46 6 72
344000 47 6 72
345000 48 6 72
346000 46 6 72
347000 45 6 72
348000 47 6 72
349000 48 6 72
350000 45 6 73
351000 45 6 73
352000 45 6 73
353000 47 6 73
354000 46 6 73
355000 44 6 73
356000 39 7 73
357000 39 7 73
358000 40 7 73
359000 41 7 73
360000 40 7 73
361000 41 7 72
362000 37 8 72
363000 39 7 72
364000 40 7 72
365000 39 7 72
366000 38 7 73
367000 38 7 72
368000 38 7 72
369000 40 7 72
370000 39 7 72
371000 40 7 72
372000 40 7 72
373000 38 7 72
374000 38 7 72
375000 40 7 72
376000 43 6 72
377000 43 6 72
378000 41 7 72
379000 42 7 72
380000 42 7 72
381000 42 7 72
382000 42 7 72
383000 42 7 72
384000 42 7 72
385000 40 7 72
386000 38 7 72
387000 40 7 72
388000 42 7 72
389000 43 6 72
390000 42 7 72
391000 41 7 72
392000 41 7 73
393000 41 7 73
394000 39 7 73
395000 40 7 74
396000 39 7 73
397000 41 7 73
398000 41 7 73
399000 42 7 72
400000 43 6 73
401000 43 6 74
402000 43 6 74
403000 46 6 75
404000 46 6 75
405000 45 6 75
406000 46 6 75
407000 47 6 75
408000 48 6 75
409000 48 6 75
410000 48 6 75
411000 46 6 74
412000 47 6 74
413000 51 5 74
414000 52 5 74
415000 51 5 74
416000 50 6 74
417000 49 6 74
418000 46 6 74
419000 47 6 75
420000 46 6 75
421000 46 6 75
422000 46 6 75
423000 45 6 75
424000 46 6 75
425000 45 6 75
426000 43 6 76
427000 45 6 76
428000 45 6 76
429000 44 6 76
430000 42 7 76
431000 44 6 76
432000 43 6 76
433000 42 7 76
434000 42 7 76
435000 42 7 76
436000 40 7 76
437000 39 7 76
438000 38 7 76
439000 38 7 76
440000 40 7 76
441000 40 7 76
442000 40 7 76
443000 41 7 76
444000 37 8 76
445000 39 7 76
446000 40 7 76
447000 38 7 76
448000 38 7 76
449000 37 8 76
450000 38 7 76
451000 38 7 76
452000 37 8 76
453000 38 7 76
454000 39 7 76
455000 42 7 76
456000 38 7 76
457000 35 8 76
458000 37 8 76
459000 38 7 76
460000 39 7 76
461000 38 7 76
462000 37 8 76
463000 37 8 76
464000 36 8 76
465000 37 8 76
466000 35 8 76
467000 34 8 76
468000 36 8 76
469000 36 8 76
470000 31 9 76
471000 32 9 76
472000 32 9 76
473000 33 9 76
474000 34 8 76
475000 35 8 76
476000 33 9 76
477000 34 8 76
478000 33 9 76
479000 34 8 76
480000 34 8 77
481000 33 9 77
482000 34 8 77
483000 34 8 77
484000 33 9 77
485000 32 9 77
486000 31 9 77
487000 31 9 77
488000 32 9 77
489000 32 9 77
490000 31 9 77
491000 30 10 77
492000 28 10 77
493000 27 11 77
494000 27 11 77
495000 28 10 77
496000 28 10 78
497000 27 11 78
498000 28 10 77
499000 28 10 77
500000 28 10 77
501000 29 10 76
502000 29 10 76
503000 29 10 76
504000 25 12 76
505000 27 11 76
506000 27 11 78
507000 26 11 78
508000 28 10 78
509000 29 10 78
510000 29 10 78
511000 30 10 77
512000 30 10 77
513000 32 9 77
514000 32 9 77
515000 30 10 78
516000 29 10 78
517000 30 10 78
518000 29 10 78
519000 31 9 78
520000 30 10 78
521000 30 10 78
522000 28 10 78
523000 28 10 78
524000 30 10 78
525000 29 10 78
526000 30 10 78
527000 30 10 78
528000 33 9 78
529000 35 8 78
530000 34 8 78
531000 33 9 78
532000 31 9 78
533000 29 10 79
534000 28 10 79
535000 28 10 79
536000 28 10 79
537000 28 10 79
538000 30 10 79
539000 29 10 79
540000 30 10 79
541000 30 10 79
542000 32 9 79
543000 30 10 79
544000 32 9 79
545000 31 9 79
546000 32 9 79
547000 31 9 79
548000 32 9 79
549000 33 9 79
550000 34 8 79
551000 35 8 79
552000 36 8 78
553000 34 8 78
554000 32 9 79
555000 32 9 79
556000 33 9 79
557000 32 9 79
558000 33 9 79
559000 33 9 79
560000 32 9 79
561000 31 9 79
562000 32 9 79
563000 32 9 79
564000 31 9 79
565000 33 9 79
566000 34 8 79
567000 34 8 79
568000 34 8 79
569000 35 8 78
570000 36 8 78
571000 35 8 78
572000 35 8 78
573000 35 8 78
574000 34 8 78
575000 34 8 78
576000 35 8 78
577000 34 8 78
578000 34 8 78
579000 33 9 78
580000 31 9 78
581000 31 9 78
582000 30 10 78
583000 30 10 78
584000 30 10 78
585000 32 9 78
586000 33 9 78
587000 33 9 78
588000 33 9 78
589000 33 9 78
590000 34 8 78
591000 32 9 79
592000 31 9 79
593000 30 10 79
594000 31 9 79
595000 33 9 78
596000 32 9 78
597000 32 9 78
598000 32 9 78
599000 34 8 78
600000 34 8 78
601000 33 9 78
602000 34 8 78
603000 38 7 77
604000 36 8 78
605000 36 8 79
606000 36 8 79
607000 37 8 80
608000 37 8 80
609000 37 8 80
610000 36 8 80
611000 37 8 80
612000 36 8 80
613000 36 8 80
614000 34 8 80
615000 34 8 80
616000 34 8 80
617000 34 8 80
618000 34 8 80
619000 35 8 80
620000 33 9 80
621000 31 9 81
622000 32 9 81
623000 30 10 81
624000 28 10 81
625000 29 10 81
626000 30 10 81
627000 29 10 81
628000 29 10 81
629000 27 11 81
630000 26 11 81
631000 29 10 81
632000 29 10 81
633000 29 10 81
634000 29 10 81
635000 29 10 81
636000 29 10 81
637000 29 10 81
638000 31 9 81
639000 31 9 81
640000 32 9 81
641000 31 9 81
642000 30 10 81
643000 31 9 81
644000 31 9 81
645000 30 10 81
646000 31 9 80
647000 30 10 80
648000 31 9 80
649000 31 9 80
650000 31 9 80
651000 32 9 80
652000 32 9 80
653000 33 9 80
654000 32 9 81
655000 32 9 81
656000 32 9 81
657000 30 10 81
658000 29 10 81
659000 28 10 81
660000 28 10 81
661000 28 10 83
662000 27 11 83
663000 27 11 83
664000 24 12 84
665000 24 12 84
666000 25 12 84
667000 26 11 84
668000 27 11 84
669000 27 11 84
670000 26 11 84
671000 28 10 84
672000 28 10 84
673000 28 10 84
674000 31 9 84
675000 30 10 84
676000 29 10 84
677000 29 10 84
678000 31 9 84
679000 29 10 84
680000 31 9 84
681000 30 10 84
682000 30 10 83
683000 31 9 84
684000 30 10 85
685000 30 10 85
686000 31 9 84
687000 32 9 115
688000 32 9 83
689000 33 9 83
690000 34 8 83
691000 36 8 83
692000 37 8 83
693000 36 8 83
694000 34 8 83
695000 37 8 82
696000 38 7 82
697000 39 7 82
698000 39 7 82
699000 39 7 82
700000 37 8 82
701000 37 8 82
702000 37 8 82
703000 36 8 82
704000 35 8 82
705000 35 8 82
706000 34 8 82
707000 35 8 82
708000 36 8 81
709000 37 8 81
710000 36 8 81
711000 36 8 81
712000 35 8 81
713000 36 8 81
714000 33 9 81
715000 34 8 81
716000 34 8 81
717000 33 9 81
718000 33 9 81
719000 33 9 80
720000 34 8 80
721000 33 9 80
722000 31 9 80
723000 33 9 80
724000 34 8 80
725000 34 8 80
726000 33 9 81
727000 33 9 81
728000 36 8 81
729000 36 8 81
730000 33 9 82
731000 32 9 82
732000 33 9 82
733000 32 9 82
734000 34 8 82
735000 34 8 83
736000 34 8 83
737000 34 8 83
738000 35 8 83
739000 34 8 83
740000 35 8 83
741000 34 8 83
742000 34 8 83
743000 35 8 83
744000 33 9 83
745000 34 8 83
746000 34 8 83
747000 33 9 83
748000 33 9 83
749000 30 10 83
750000 31 9 83
751000 31 9 83
752000 30 10 83
753000 30 10 83
754000 28 10 83
755000 27 11 83
756000 26 11 84
757000 26 11 84
758000 26 11 84
759000 27 11 84
760000 27 11 84
761000 25 12 84
762000 27 11 83
763000 29 10 83
764000 29 10 83
765000 28 10 83
766000 28 10 83
767000 27 11 83
768000 29 10 82
769000 30 10 82
770000 31 9 82
771000 30 10 82
772000 30 10 82
773000 30 10 82
774000 29 10 82
775000 28 10 82
776000 27 11 82
777000 29 10 82
778000 29 10 82
779000 30 10 81
780000 31 9 81
781000 31 9 81
782000 31 9 82
783000 33 9 81
784000 34 8 81
785000 35 8 81
786000 33 9 81
787000 32 9 81
788000 31 9 81
789000 32 9 81
790000 35 8 80
791000 35 8 80
792000 34 8 80
793000 35 8 80
794000 34 8 81
795000 34 8 82
796000 34 8 82
797000 34 8 82
798000 35 8 82
799000 36 8 82
800000 35 8 82
801000 37 8 82
802000 35 8 82
803000 34 8 83
804000 35 8 82
805000 35 8 82
806000 36 8 82
807000 34 8 82
808000 35 8 81
809000 33 9 83
810000 33 9 83
811000 33 9 83
812000 33 9 84
813000 34 8 83
814000 32 9 84
815000 34 8 83
816000 31 9 83
817000 31 9 83
818000 35 8 83
819000 37 8 82
820000 36 8 82
821000 36 8 82
822000 35 8 83
823000 38 7 82
824000 39 7 81
825000 39 7 81
826000 39 7 81
827000 37 8 81
828000 37 8 81
829000 39 7 81
830000 40 7 81
831000 38 7 81
832000 39 7 81
833000 39 7 81
834000 40 7 81
835000 40 7 81
836000 42 7 80
837000 42 7 80
838000 42 7 80
839000 42 7 80
840000 39 7 81
841000 38 7 82
842000 36 8 82
843000 35 8 83
844000 33 9 82
845000 32 9 82
846000 33 9 82
847000 35 8 82
848000 35 8 82
849000 36 8 82
850000 35 8 82
851000 35 8 82
852000 35 8 82
853000 33 9 82
854000 33 9 82
855000 31 9 82
856000 31 9 82
857000 32 9 82
858000 33 9 82
859000 32 9 82
860000 31 9 82
861000 31 9 82
862000 30 10 82
863000 31 9 82
864000 31 9 82
865000 29 10 83
866000 30 10 104
867000 30 10 104
868000 30 10 104
869000 29 10 104
870000 29 10 104
871000 30 10 104
872000 30 10 104
873000 29 10 104
874000 29 10 104
875000 29 10 104
876000 30 10 104
877000 29 10 104
878000 31 9 103
879000 30 10 104
880000 29 10 104
881000 29 10 104
882000 29 10 104
883000 30 10 104
884000 30 10 104
885000 29 10 104
886000 29 10 104
887000 29 10 104
888000 30 10 104
889000 30 10 104
890000 29 10 104
891000 31 9 104
892000 30 10 104
893000 29 10 104
894000 30 10 104
895000 32 9 104
896000 32 9 104
897000 32 9 104
898000 31 9 104
899000 31 9 104
900000 31 9 104
901000 33 9 103
902000 32 9 103
903000 32 9 102
904000 33 9 102
905000 33 9 102
906000 34 8 102
907000 30 10 102
908000 28 10 102
909000 30 10 102
910000 29 10 102
911000 30 10 102
912000 30 10 102
913000 30 10 102
914000 29 10 102
915000 28 10 103
916000 28 10 103
917000 27 11 103
918000 26 11 103
919000 29 10 103
920000 28 10 103
921000 30 10 101
922000 28 10 102
923000 28 10 102
924000 29 10 102
925000 27 11 102
926000 26 11 102
927000 26 11 102
928000 26 11 102
929000 25 12 102
930000 26 11 102
931000 25 12 102
932000 26 11 102
933000 24 12 103
934000 24 12 103
935000 24 12 103
936000 25 12 103
937000 23 13 103
938000 25 12 103
939000 25 12 104
940000 25 12 104
941000 26 11 104
942000 27 11 104
943000 28 10 104
944000 27 11 104
945000 27 11 104
946000 28 10 104
947000 28 10 104
948000 28 10 104
949000 28 10 104
950000 27 11 104
951000 26 11 104
952000 26 11 105
953000 26 11 105
954000 25 12 105
955000 25 12 105
956000 24 12 105
957000 25 12 105
958000 24 12 105
959000 26 11 105
960000 25 12 105
961000 25 12 105
962000 28 10 104
963000 27 11 104
964000 29 10 104
965000 29 10 104
966000 30 10 104
967000 28 10 105
968000 29 10 105
969000 27 11 105
970000 26 11 105
971000 28 10 104
972000 27 11 104
973000 27 11 104
974000 27 11 104
975000 27 11 104
976000 27 11 104
977000 26 11 104
978000 26 11 104
979000 26 11 104
980000 26 11 104
981000 27 11 104
982000 28 10 103
983000 28 10 103
984000 27 11 103
985000 28 10 103
986000 26 11 103
987000 26 11 103
988000 25 12 103
989000 25 12 103
990000 26 11 103
991000 26 11 103
992000 26 11 103
993000 25 12 103
994000 25 12 103
995000 25 12 103
996000 25 12 103
997000 24 12 104
998000 24 12 104
999000 25 12 104
1000000 25 12 104
