# Timesteps, No of clusters, Mean cluster size, Size largest cluster, No clusters size 1, No proteins bound to type 2 poly
0 278 1.07914 3 258 97
5000 205 1.46341 10 156 79
10000 186 1.61290 13 137 71
15000 183 1.63934 14 146 85
20000 150 2.00000 17 108 65
25000 135 2.22222 19 102 55
30000 126 2.38095 21 99 61
35000 108 2.77778 23 76 58
40000 95 3.15789 25 72 49
45000 95 3.15789 30 76 60
50000 83 3.61446 53 63 44
55000 83 3.61446 56 70 38
60000 70 4.28571 57 55 43
65000 64 4.68750 58 46 43
70000 59 5.08475 58 43 68
75000 63 4.76190 60 51 44
80000 55 5.45455 61 40 33
85000 52 5.76923 61 39 43
90000 47 6.38298 61 32 31
95000 49 6.12245 61 38 37
100000 44 6.81818 61 32 54
105000 40 7.50000 62 28 67
110000 34 8.82353 63 22 43
115000 35 8.57143 63 25 33
120000 35 8.57143 63 25 34
125000 34 8.82353 63 24 29
130000 30 10.00000 76 21 27
135000 27 11.11111 77 18 25
140000 27 11.11111 77 19 39
145000 24 12.50000 77 16 25
150000 20 15.00000 78 12 35
155000 22 13.63636 78 14 16
160000 16 18.75000 78 9 13
165000 17 17.64706 78 10 25
170000 16 18.75000 78 9 19
175000 15 20.00000 78 8 45
180000 14 21.42857 78 7 33
185000 14 21.42857 78 7 27
190000 13 23.07692 78 6 16
195000 12 25.00000 78 5 12
200000 12 25.00000 78 5 19
205000 12 25.00000 78 5 22
210000 12 25.00000 78 5 32
215000 10 30.00000 78 2 23
220000 11 27.27273 78 4 24
225000 10 30.00000 78 3 19
230000 10 30.00000 78 3 13
235000 10 30.00000 78 3 29
240000 10 30.00000 78 3 19
245000 11 27.27273 78 4 14
250000 10 30.00000 78 3 13
255000 10 30.00000 78 3 15
260000 10 30.00000 78 3 11
265000 9 33.33333 78 2 26
270000 9 33.33333 78 2 25
275000 10 30.00000 78 3 16
280000 12 25.00000 78 5 10
285000 11 27.27273 78 4 19
290000 12 25.00000 78 5 14
295000 12 25.00000 78 5 12
300000 11 27.27273 78 3 15
305000 12 25.00000 78 5 9
310000 13 23.07692 78 6 22
315000 12 25.00000 78 5 18
320000 11 27.27273 78 4 4
325000 11 27.27273 78 4 15
330000 12 25.00000 78 5 4
335000 12 25.00000 78 5 30
340000 12 25.00000 78 5 16
345000 11 27.27273 79 4 14
350000 11 27.27273 79 4 20
355000 12 25.00000 79 5 13
360000 11 27.27273 79 4 8
365000 11 27.27273 79 4 16
370000 11 27.27273 79 4 21
375000 11 27.27273 79 4 18
380000 10 30.00000 79 3 23
385000 10 30.00000 79 3 30
390000 10 30.00000 79 3 20
395000 11 27.27273 78 4 17
400000 11 27.27273 78 4 13
405000 11 27.27273 78 4 24
410000 11 27.27273 78 4 21
415000 11 27.27273 78 4 30
420000 10 30.00000 78 3 23
425000 10 30.00000 78 3 28
430000 9 33.33333 79 2 17
435000 9 33.33333 79 2 20
440000 9 33.33333 79 2 13
445000 8 37.50000 79 1 20
450000 8 37.50000 79 1 16
455000 8 37.50000 79 1 19
460000 7 42.85714 79 0 15
465000 8 37.50000 79 1 14
470000 8 37.50000 79 1 23
475000 8 37.50000 79 1 24
480000 9 33.33333 79 2 17
485000 8 37.50000 79 1 36
490000 8 37.50000 79 1 7
495000 8 37.50000 79 1 20
500000 8 37.50000 79 1 15
505000 8 37.50000 79 1 16
510000 8 37.50000 79 1 35
515000 8 37.50000 79 1 22
520000 9 33.33333 79 2 15
525000 9 33.33333 79 2 16
530000 8 37.50000 80 1 4
535000 8 37.50000 80 1 19
540000 9 33.33333 80 2 27
545000 10 30.00000 80 3 9
550000 10 30.00000 80 3 37
555000 10 30.00000 80 3 22
560000 10 30.00000 80 3 23
565000 8 37.50000 80 1 20
570000 8 37.50000 80 1 16
575000 7 42.85714 80 0 15
580000 7 42.85714 80 0 10
585000 7 42.85714 80 0 10
590000 7 42.85714 80 0 23
595000 6 50.00000 103 0 16
600000 6 50.00000 103 0 19
605000 6 50.00000 103 0 13
610000 7 42.85714 103 1 23
615000 7 42.85714 103 1 7
620000 8 37.50000 103 2 6
625000 8 37.50000 103 2 9
630000 9 33.33333 103 3 10
635000 10 30.00000 103 4 22
640000 11 27.27273 103 5 9
645000 10 30.00000 103 3 17
650000 11 27.27273 103 5 10
655000 10 30.00000 103 4 17
660000 11 27.27273 103 5 7
665000 11 27.27273 103 5 24
670000 9 33.33333 104 3 6
675000 8 37.50000 104 2 17
680000 8 37.50000 104 2 19
685000 9 33.33333 104 3 12
690000 9 33.33333 104 3 20
695000 9 33.33333 104 3 3
700000 9 33.33333 104 3 5
705000 10 30.00000 104 4 2
710000 10 30.00000 104 4 20
715000 12 25.00000 104 6 12
720000 12 25.00000 104 6 12
725000 12 25.00000 104 6 17
730000 11 27.27273 104 5 8
735000 11 27.27273 104 5 16
740000 10 30.00000 105 4 4
745000 10 30.00000 105 4 18
750000 10 30.00000 105 4 8
755000 11 27.27273 105 5 12
760000 11 27.27273 105 5 14
765000 13 23.07692 105 7 19
770000 13 23.07692 105 7 20
775000 12 25.00000 105 6 15
780000 11 27.27273 105 5 8
785000 10 30.00000 105 4 15
790000 10 30.00000 105 4 13
795000 10 30.00000 105 4 14
800000 10 30.00000 105 4 29
805000 10 30.00000 105 4 12
810000 11 27.27273 105 5 17
815000 16 18.75000 104 10 17
820000 17 17.64706 104 11 11
825000 17 17.64706 105 10 11
830000 19 15.78947 105 14 22
835000 18 16.66667 105 13 18
840000 17 17.64706 105 12 17
845000 16 18.75000 105 10 23
850000 17 17.64706 105 12 27
855000 17 17.64706 105 12 21
860000 17 17.64706 105 12 24
865000 17 17.64706 105 12 18
870000 16 18.75000 105 11 18
875000 16 18.75000 105 11 24
880000 16 18.75000 105 11 20
885000 17 17.64706 105 12 13
890000 15 20.00000 106 10 20
895000 15 20.00000 106 10 16
900000 15 20.00000 106 10 11
905000 13 23.07692 107 8 31
910000 10 30.00000 108 4 26
915000 10 30.00000 108 5 44
920000 10 30.00000 108 5 28
925000 10 30.00000 108 4 16
930000 10 30.00000 108 5 15
935000 10 30.00000 108 5 22
940000 9 33.33333 108 4 13
945000 9 33.33333 108 4 18
950000 9 33.33333 108 4 19
955000 10 30.00000 108 5 21
960000 9 33.33333 108 4 19
965000 9 33.33333 108 4 21
970000 9 33.33333 108 4 8
975000 9 33.33333 108 4 20
980000 9 33.33333 108 4 16
985000 9 33.33333 108 4 27
990000 9 33.33333 108 4 8
995000 9 33.33333 108 4 16
1000000 9 33.33333 108 4 33
1005000 10 30.00000 108 5 9
1010000 10 30.00000 108 5 13
1015000 10 30.00000 108 5 6
1020000 10 30.00000 108 5 18
1025000 10 30.00000 108 5 25
1030000 10 30.00000 108 5 14
1035000 9 33.33333 108 4 22
1040000 8 37.50000 108 4 16
1045000 6 50.00000 108 2 4
1050000 6 50.00000 108 2 14
1055000 6 50.00000 108 2 3
1060000 7 42.85714 108 3 9
1065000 7 42.85714 108 3 4
1070000 7 42.85714 108 3 13
1075000 7 42.85714 108 3 14
1080000 7 42.85714 108 3 10
1085000 7 42.85714 108 3 2
1090000 7 42.85714 108 3 7
1095000 6 50.00000 108 2 18
1100000 8 37.50000 108 4 12
1105000 7 42.85714 108 3 14
1110000 7 42.85714 108 3 8
1115000 7 42.85714 108 3 12
1120000 6 50.00000 108 2 8
1125000 6 50.00000 108 2 10
1130000 8 37.50000 108 4 10
1135000 8 37.50000 108 4 14
1140000 8 37.50000 108 4 16
1145000 7 42.85714 109 3 15
1150000 7 42.85714 109 3 10
1155000 7 42.85714 109 3 10
1160000 7 42.85714 109 3 7
1165000 8 37.50000 109 4 14
1170000 8 37.50000 109 4 18
1175000 7 42.85714 109 3 12
1180000 7 42.85714 109 3 19
1185000 7 42.85714 109 3 19
1190000 7 42.85714 109 3 15
1195000 6 50.00000 109 2 11
1200000 6 50.00000 109 2 21
1205000 7 42.85714 108 3 18
1210000 6 50.00000 108 2 25
1215000 4 75.00000 209 1 8
1220000 4 75.00000 209 1 14
1225000 4 75.00000 209 1 7
1230000 4 75.00000 209 1 20
1235000 4 75.00000 209 1 19
1240000 4 75.00000 209 1 15
1245000 3 100.00000 209 0 17
1250000 3 100.00000 209 0 14
1255000 3 100.00000 209 0 15
1260000 3 100.00000 209 0 7
1265000 3 100.00000 209 0 21
1270000 3 100.00000 209 0 12
1275000 3 100.00000 209 0 15
1280000 3 100.00000 209 0 23
1285000 3 100.00000 209 0 17
1290000 3 100.00000 209 0 7
1295000 3 100.00000 209 0 14
1300000 3 100.00000 209 0 15
1305000 4 75.00000 209 1 15
1310000 4 75.00000 209 1 8
1315000 4 75.00000 209 1 5
1320000 4 75.00000 209 1 5
1325000 4 75.00000 209 1 12
1330000 3 100.00000 209 0 10
1335000 3 100.00000 209 0 14
1340000 3 100.00000 209 0 7
1345000 3 100.00000 209 0 3
1350000 3 100.00000 209 0 11
1355000 3 100.00000 209 0 13
1360000 3 100.00000 209 0 6
1365000 3 100.00000 209 0 27
1370000 3 100.00000 209 0 13
1375000 3 100.00000 209 0 10
1380000 3 100.00000 209 0 4
1385000 3 100.00000 209 0 14
1390000 3 100.00000 209 0 10
1395000 3 100.00000 209 0 11
1400000 3 100.00000 209 0 4
1405000 3 100.00000 209 0 11
1410000 3 100.00000 209 0 11
1415000 3 100.00000 209 0 3
1420000 3 100.00000 209 0 2
1425000 3 100.00000 209 0 12
1430000 3 100.00000 209 0 8
1435000 3 100.00000 209 0 2
1440000 4 75.00000 209 1 8
1445000 4 75.00000 209 1 13
1450000 4 75.00000 209 1 25
1455000 4 75.00000 209 1 8
1460000 4 75.00000 209 1 20
1465000 4 75.00000 209 1 9
1470000 4 75.00000 209 1 8
1475000 4 75.00000 209 1 17
1480000 4 75.00000 209 1 7
1485000 4 75.00000 209 1 10
1490000 4 75.00000 209 1 13
1495000 4 75.00000 209 1 13
1500000 4 75.00000 209 1 13
1505000 4 75.00000 209 1 6
1510000 4 75.00000 209 1 17
1515000 4 75.00000 209 1 7
1520000 4 75.00000 209 1 19
1525000 4 75.00000 209 1 12
1530000 4 75.00000 209 1 15
1535000 4 75.00000 209 1 3
1540000 4 75.00000 209 1 7
1545000 4 75.00000 209 1 20
1550000 4 75.00000 209 1 12
1555000 5 60.00000 209 2 14
1560000 5 60.00000 209 2 9
1565000 5 60.00000 209 2 15
1570000 5 60.00000 209 2 10
1575000 5 60.00000 209 2 4
1580000 5 60.00000 209 2 10
1585000 5 60.00000 209 2 18
1590000 5 60.00000 209 2 9
1595000 6 50.00000 209 3 13
1600000 5 60.00000 209 2 2
1605000 6 50.00000 209 3 24
1610000 6 50.00000 209 3 10
1615000 6 50.00000 209 3 17
1620000 5 60.00000 209 2 9
1625000 5 60.00000 209 2 19
1630000 4 75.00000 209 1 12
1635000 4 75.00000 209 1 18
1640000 4 75.00000 209 1 4
1645000 4 75.00000 209 1 10
1650000 6 50.00000 208 3 14
1655000 6 50.00000 208 3 14
1660000 6 50.00000 208 3 16
1665000 5 60.00000 208 2 10
1670000 5 60.00000 208 2 10
1675000 5 60.00000 208 2 14
1680000 5 60.00000 208 2 8
1685000 5 60.00000 208 2 12
1690000 5 60.00000 208 2 10
1695000 5 60.00000 208 2 24
1700000 5 60.00000 208 2 18
1705000 5 60.00000 208 2 9
1710000 5 60.00000 208 2 7
1715000 5 60.00000 208 2 28
1720000 6 50.00000 208 3 19
1725000 5 60.00000 208 2 19
1730000 5 60.00000 208 2 20
1735000 5 60.00000 208 2 8
1740000 5 60.00000 208 2 12
1745000 5 60.00000 208 2 13
1750000 5 60.00000 208 2 10
1755000 5 60.00000 208 2 5
1760000 5 60.00000 208 2 12
1765000 4 75.00000 209 1 14
1770000 4 75.00000 209 1 10
1775000 4 75.00000 209 1 5
1780000 4 75.00000 209 1 14
1785000 4 75.00000 209 1 18
1790000 4 75.00000 209 1 17
1795000 4 75.00000 209 1 11
1800000 4 75.00000 209 1 6
1805000 4 75.00000 209 1 8
1810000 4 75.00000 209 1 6
1815000 5 60.00000 209 2 32
1820000 5 60.00000 209 2 3
1825000 4 75.00000 209 1 24
1830000 4 75.00000 209 1 29
1835000 4 75.00000 209 1 12
1840000 4 75.00000 209 1 4
1845000 4 75.00000 209 1 12
1850000 4 75.00000 209 1 9
1855000 3 100.00000 209 0 5
1860000 3 100.00000 209 0 17
1865000 3 100.00000 209 0 30
1870000 3 100.00000 209 0 9
1875000 3 100.00000 209 0 23
1880000 3 100.00000 209 0 18
1885000 3 100.00000 209 0 20
1890000 3 100.00000 209 0 15
1895000 3 100.00000 209 0 12
1900000 3 100.00000 209 0 15
1905000 3 100.00000 209 0 15
1910000 4 75.00000 209 1 19
1915000 4 75.00000 209 1 11
1920000 3 100.00000 210 0 14
1925000 3 100.00000 210 0 8
1930000 3 100.00000 210 0 9
1935000 3 100.00000 210 0 14
1940000 3 100.00000 210 0 17
1945000 3 100.00000 210 0 26
1950000 3 100.00000 210 0 5
1955000 3 100.00000 210 0 11
1960000 3 100.00000 210 0 11
1965000 3 100.00000 210 0 8
1970000 3 100.00000 210 0 5
1975000 3 100.00000 210 0 18
1980000 2 150.00000 243 0 10
1985000 3 100.00000 210 0 9
1990000 3 100.00000 210 0 9
1995000 3 100.00000 210 0 20
2000000 3 100.00000 210 0 9
