# Timesteps, No of clusters, Mean cluster size, Size largest cluster, No clusters size 1, No proteins bound to type 2 poly
0 278 1.07914 3 258 97
5000 143 2.09790 8 76 155
10000 98 3.06122 16 37 198
15000 74 4.05405 16 17 214
20000 58 5.17241 24 9 242
25000 50 6.00000 24 4 241
30000 43 6.97674 26 0 252
35000 43 6.97674 26 0 253
40000 42 7.14286 26 1 259
45000 41 7.31707 26 1 262
50000 40 7.50000 26 1 266
55000 39 7.69231 26 1 271
60000 37 8.10811 26 1 276
65000 36 8.33333 34 1 265
70000 35 8.57143 34 1 266
75000 32 9.37500 34 0 275
80000 32 9.37500 34 0 275
85000 31 9.67742 34 0 278
90000 30 10.00000 34 0 288
95000 30 10.00000 34 0 288
100000 28 10.71429 34 0 283
105000 28 10.71429 34 0 279
110000 27 11.11111 34 0 284
115000 27 11.11111 34 0 282
120000 27 11.11111 34 0 278
125000 26 11.53846 38 0 287
130000 25 12.00000 38 0 288
135000 25 12.00000 38 1 286
140000 25 12.00000 38 1 284
145000 25 12.00000 38 1 288
150000 25 12.00000 38 1 287
155000 25 12.00000 38 1 286
160000 25 12.00000 38 1 290
165000 24 12.50000 38 0 289
170000 24 12.50000 38 0 288
175000 24 12.50000 38 0 285
180000 24 12.50000 38 0 282
185000 24 12.50000 38 0 286
190000 24 12.50000 38 0 287
195000 24 12.50000 38 0 280
200000 24 12.50000 38 0 280
205000 24 12.50000 38 0 280
210000 24 12.50000 38 0 287
215000 24 12.50000 38 0 285
220000 23 13.04348 38 0 288
225000 23 13.04348 38 1 286
230000 22 13.63636 39 1 289
235000 22 13.63636 39 1 281
240000 22 13.63636 39 1 283
245000 22 13.63636 39 1 282
250000 22 13.63636 39 1 285
255000 22 13.63636 39 1 292
260000 22 13.63636 39 1 287
265000 22 13.63636 39 1 287
270000 22 13.63636 39 1 287
275000 22 13.63636 39 1 289
280000 22 13.63636 39 1 289
285000 22 13.63636 39 1 284
290000 21 14.28571 39 1 285
295000 21 14.28571 39 1 288
300000 21 14.28571 39 1 286
305000 21 14.28571 39 1 289
310000 21 14.28571 39 1 286
315000 21 14.28571 39 1 289
320000 21 14.28571 39 1 286
325000 21 14.28571 39 1 287
330000 20 15.00000 39 0 292
335000 21 14.28571 39 1 286
340000 20 15.00000 39 0 291
345000 20 15.00000 39 0 291
350000 20 15.00000 39 0 286
355000 20 15.00000 39 0 286
360000 20 15.00000 39 0 287
365000 19 15.78947 39 0 285
370000 19 15.78947 39 0 288
375000 19 15.78947 39 0 287
380000 19 15.78947 39 0 286
385000 19 15.78947 39 0 291
390000 19 15.78947 39 0 289
395000 19 15.78947 39 0 285
400000 19 15.78947 39 0 287
405000 19 15.78947 39 0 292
410000 19 15.78947 39 0 288
415000 19 15.78947 39 0 292
420000 19 15.78947 39 0 291
425000 19 15.78947 39 0 295
430000 19 15.78947 39 0 294
435000 19 15.78947 39 0 293
440000 19 15.78947 39 0 294
445000 19 15.78947 39 0 290
450000 19 15.78947 39 0 287
455000 19 15.78947 39 0 291
460000 19 15.78947 39 0 289
465000 19 15.78947 39 0 292
470000 19 15.78947 39 0 289
475000 19 15.78947 39 0 291
480000 19 15.78947 39 0 289
485000 19 15.78947 39 0 291
490000 19 15.78947 39 0 290
495000 19 15.78947 39 0 290
500000 19 15.78947 39 0 287
505000 19 15.78947 39 0 292
510000 18 16.66667 47 0 289
515000 17 17.64706 50 0 289
520000 17 17.64706 50 0 290
525000 17 17.64706 50 0 290
530000 17 17.64706 50 0 290
535000 17 17.64706 50 0 291
540000 17 17.64706 50 0 292
545000 16 18.75000 50 0 287
550000 16 18.75000 50 0 286
555000 16 18.75000 50 0 286
560000 16 18.75000 50 0 289
565000 16 18.75000 50 0 294
570000 16 18.75000 50 0 293
575000 16 18.75000 50 0 288
580000 15 20.00000 59 0 287
585000 15 20.00000 59 0 289
590000 15 20.00000 59 0 292
595000 15 20.00000 59 0 295
600000 15 20.00000 59 0 289
605000 15 20.00000 59 0 290
610000 15 20.00000 59 0 289
615000 15 20.00000 59 0 294
620000 15 20.00000 59 0 291
625000 15 20.00000 59 0 292
630000 15 20.00000 59 0 288
635000 15 20.00000 59 0 288
640000 15 20.00000 59 0 289
645000 15 20.00000 59 0 295
650000 15 20.00000 59 0 292
655000 15 20.00000 59 0 290
660000 15 20.00000 59 0 295
665000 15 20.00000 59 0 292
670000 15 20.00000 59 0 292
675000 15 20.00000 59 0 287
680000 15 20.00000 59 0 291
685000 15 20.00000 59 0 292
690000 15 20.00000 59 0 291
695000 15 20.00000 59 0 291
700000 15 20.00000 59 0 291
705000 15 20.00000 59 0 291
710000 15 20.00000 59 0 291
715000 15 20.00000 59 0 291
720000 15 20.00000 59 0 293
725000 15 20.00000 59 0 288
730000 15 20.00000 59 0 294
735000 15 20.00000 59 0 291
740000 15 20.00000 59 0 291
745000 14 21.42857 59 0 295
750000 14 21.42857 59 0 295
755000 14 21.42857 59 0 294
760000 14 21.42857 59 0 288
765000 14 21.42857 59 0 289
770000 14 21.42857 59 0 290
775000 13 23.07692 61 0 289
780000 13 23.07692 61 0 294
785000 13 23.07692 61 0 292
790000 13 23.07692 61 0 288
795000 13 23.07692 61 0 290
800000 13 23.07692 61 0 293
805000 13 23.07692 61 0 293
810000 13 23.07692 61 0 294
815000 13 23.07692 61 0 287
820000 13 23.07692 61 0 288
825000 13 23.07692 61 0 289
830000 13 23.07692 61 0 293
835000 13 23.07692 61 0 292
840000 13 23.07692 61 0 295
845000 13 23.07692 61 0 294
850000 13 23.07692 61 0 293
855000 13 23.07692 61 0 293
860000 13 23.07692 61 0 295
865000 12 25.00000 61 0 292
870000 12 25.00000 61 0 291
875000 12 25.00000 61 0 294
880000 12 25.00000 61 0 292
885000 12 25.00000 61 0 291
890000 12 25.00000 61 0 292
895000 12 25.00000 61 0 292
900000 12 25.00000 61 0 292
905000 12 25.00000 61 0 293
910000 12 25.00000 61 0 294
915000 12 25.00000 61 0 294
920000 12 25.00000 61 0 293
925000 12 25.00000 61 0 292
930000 12 25.00000 61 0 291
935000 12 25.00000 61 0 295
940000 12 25.00000 61 0 291
945000 12 25.00000 61 0 291
950000 12 25.00000 61 0 289
955000 12 25.00000 61 0 292
960000 12 25.00000 61 0 294
965000 12 25.00000 61 0 287
970000 12 25.00000 61 0 290
975000 12 25.00000 61 0 293
980000 12 25.00000 61 0 296
985000 12 25.00000 61 0 293
990000 12 25.00000 61 0 293
995000 12 25.00000 61 0 295
1000000 12 25.00000 61 0 291
1005000 12 25.00000 61 0 291
1010000 12 25.00000 61 0 293
1015000 12 25.00000 61 0 291
1020000 12 25.00000 61 0 293
1025000 12 25.00000 61 0 293
1030000 12 25.00000 61 0 291
1035000 12 25.00000 61 0 294
1040000 12 25.00000 61 0 293
1045000 12 25.00000 61 0 289
1050000 12 25.00000 61 0 292
1055000 12 25.00000 61 0 293
1060000 12 25.00000 61 0 291
1065000 12 25.00000 61 0 293
1070000 12 25.00000 61 0 289
1075000 12 25.00000 61 0 294
1080000 12 25.00000 61 0 292
1085000 12 25.00000 61 0 291
1090000 12 25.00000 61 0 291
1095000 12 25.00000 61 0 293
1100000 12 25.00000 61 0 291
1105000 12 25.00000 61 0 287
1110000 12 25.00000 61 0 291
1115000 12 25.00000 61 0 292
1120000 12 25.00000 61 0 292
1125000 12 25.00000 61 0 293
1130000 12 25.00000 61 0 295
1135000 12 25.00000 61 0 294
1140000 12 25.00000 61 0 292
1145000 12 25.00000 61 0 290
1150000 12 25.00000 61 0 295
1155000 12 25.00000 61 0 295
1160000 12 25.00000 61 0 292
1165000 12 25.00000 61 0 296
1170000 12 25.00000 61 0 290
1175000 12 25.00000 61 0 289
1180000 12 25.00000 61 0 290
1185000 12 25.00000 61 0 290
1190000 12 25.00000 61 0 293
1195000 12 25.00000 61 0 290
1200000 12 25.00000 61 0 291
1205000 12 25.00000 61 0 294
1210000 12 25.00000 61 0 291
1215000 12 25.00000 61 0 295
1220000 12 25.00000 61 0 289
1225000 12 25.00000 61 0 291
1230000 12 25.00000 61 0 292
1235000 12 25.00000 61 0 292
1240000 12 25.00000 61 0 292
1245000 12 25.00000 61 0 292
1250000 12 25.00000 61 0 295
1255000 12 25.00000 61 0 293
1260000 12 25.00000 61 0 293
1265000 12 25.00000 61 0 292
1270000 12 25.00000 61 0 292
1275000 12 25.00000 61 0 288
1280000 12 25.00000 61 0 290
1285000 12 25.00000 61 0 291
1290000 12 25.00000 61 0 291
1295000 12 25.00000 61 0 290
1300000 12 25.00000 61 0 286
1305000 12 25.00000 61 0 288
1310000 12 25.00000 61 0 288
1315000 12 25.00000 61 0 292
1320000 12 25.00000 61 0 291
1325000 12 25.00000 61 0 291
1330000 12 25.00000 61 0 290
1335000 12 25.00000 61 0 290
1340000 12 25.00000 61 0 290
1345000 12 25.00000 61 0 290
1350000 12 25.00000 61 0 291
1355000 12 25.00000 61 0 296
1360000 12 25.00000 61 0 287
1365000 12 25.00000 61 0 295
1370000 12 25.00000 61 0 293
1375000 12 25.00000 61 0 291
1380000 12 25.00000 61 0 293
1385000 12 25.00000 61 0 295
1390000 12 25.00000 61 0 296
1395000 12 25.00000 61 0 289
1400000 12 25.00000 61 0 292
1405000 12 25.00000 61 0 294
1410000 12 25.00000 61 0 292
1415000 12 25.00000 61 0 292
1420000 12 25.00000 61 0 296
1425000 12 25.00000 61 0 289
1430000 12 25.00000 61 0 291
1435000 12 25.00000 61 0 292
1440000 12 25.00000 61 0 289
1445000 12 25.00000 61 0 292
1450000 12 25.00000 61 0 293
1455000 12 25.00000 61 0 291
1460000 12 25.00000 61 0 294
1465000 12 25.00000 61 0 289
1470000 12 25.00000 61 0 293
1475000 12 25.00000 61 0 294
1480000 12 25.00000 61 0 289
1485000 12 25.00000 61 0 291
1490000 12 25.00000 61 0 290
1495000 12 25.00000 61 0 290
1500000 12 25.00000 61 0 290
1505000 12 25.00000 61 0 291
1510000 12 25.00000 61 0 294
1515000 12 25.00000 61 0 288
1520000 12 25.00000 61 0 290
1525000 12 25.00000 61 0 291
1530000 12 25.00000 61 0 288
1535000 12 25.00000 61 0 291
1540000 12 25.00000 61 0 290
1545000 12 25.00000 61 0 291
1550000 12 25.00000 61 0 288
1555000 12 25.00000 61 0 290
1560000 12 25.00000 61 0 287
1565000 12 25.00000 61 0 290
1570000 12 25.00000 61 0 290
1575000 12 25.00000 61 0 292
1580000 12 25.00000 61 0 292
1585000 12 25.00000 61 0 293
1590000 12 25.00000 61 0 290
1595000 12 25.00000 61 0 291
1600000 12 25.00000 61 0 288
1605000 12 25.00000 61 0 290
1610000 12 25.00000 61 0 292
1615000 12 25.00000 61 0 292
1620000 12 25.00000 61 0 291
1625000 12 25.00000 61 0 291
1630000 12 25.00000 61 0 290
1635000 12 25.00000 61 0 288
1640000 12 25.00000 61 0 291
1645000 12 25.00000 61 0 288
1650000 12 25.00000 61 0 295
1655000 12 25.00000 61 0 292
1660000 12 25.00000 61 0 294
1665000 12 25.00000 61 0 290
1670000 12 25.00000 61 0 292
1675000 12 25.00000 61 0 290
1680000 12 25.00000 61 0 293
1685000 12 25.00000 61 0 290
1690000 12 25.00000 61 0 295
1695000 12 25.00000 61 0 292
1700000 12 25.00000 61 0 292
1705000 12 25.00000 61 0 293
1710000 12 25.00000 61 0 290
1715000 12 25.00000 61 0 292
1720000 12 25.00000 61 0 294
1725000 12 25.00000 61 0 290
1730000 12 25.00000 61 0 290
1735000 12 25.00000 61 0 287
1740000 12 25.00000 61 0 292
1745000 12 25.00000 61 0 294
1750000 12 25.00000 61 0 287
1755000 12 25.00000 61 0 292
1760000 12 25.00000 61 0 289
1765000 12 25.00000 61 0 296
1770000 12 25.00000 61 0 289
1775000 12 25.00000 61 0 289
1780000 12 25.00000 61 0 293
1785000 12 25.00000 61 0 291
1790000 12 25.00000 61 0 296
1795000 12 25.00000 61 0 294
1800000 12 25.00000 61 0 296
1805000 12 25.00000 61 0 297
1810000 12 25.00000 61 0 289
1815000 12 25.00000 61 0 294
1820000 12 25.00000 61 0 291
1825000 12 25.00000 61 0 294
1830000 12 25.00000 61 0 292
1835000 12 25.00000 61 0 289
1840000 12 25.00000 61 0 291
1845000 12 25.00000 61 0 292
1850000 12 25.00000 61 0 291
1855000 12 25.00000 61 0 292
1860000 12 25.00000 61 0 295
1865000 12 25.00000 61 0 294
1870000 12 25.00000 61 0 294
1875000 12 25.00000 61 0 298
1880000 12 25.00000 61 0 294
1885000 12 25.00000 61 0 293
1890000 12 25.00000 61 0 295
1895000 12 25.00000 61 0 292
1900000 12 25.00000 61 0 290
1905000 12 25.00000 61 0 293
1910000 12 25.00000 61 0 290
1915000 12 25.00000 61 0 289
1920000 12 25.00000 61 0 293
1925000 12 25.00000 61 0 290
1930000 12 25.00000 61 0 290
1935000 12 25.00000 61 0 294
1940000 12 25.00000 61 0 289
1945000 12 25.00000 61 0 289
1950000 12 25.00000 61 0 290
1955000 12 25.00000 61 0 288
1960000 12 25.00000 61 0 294
1965000 12 25.00000 61 0 290
1970000 12 25.00000 61 0 292
1975000 12 25.00000 61 0 290
1980000 12 25.00000 61 0 290
1985000 12 25.00000 61 0 290
1990000 12 25.00000 61 0 294
1995000 12 25.00000 61 0 289
2000000 12 25.00000 61 0 293
