# Timesteps, No of clusters, Mean cluster size, Size largest cluster, No clusters size 1, No proteins bound to type 2 poly
0 278 1.07914 3 258 97
5000 219 1.36986 6 176 180
10000 178 1.68539 11 128 205
15000 143 2.09790 12 96 227
20000 121 2.47934 13 78 248
25000 105 2.85714 18 64 255
30000 96 3.12500 18 56 265
35000 88 3.40909 32 50 259
40000 80 3.75000 32 44 264
45000 79 3.79747 32 43 276
50000 76 3.94737 32 43 273
55000 67 4.47761 33 34 276
60000 67 4.47761 33 37 276
65000 63 4.76190 33 33 284
70000 58 5.17241 33 28 281
75000 57 5.26316 33 28 286
80000 60 5.00000 33 31 283
85000 61 4.91803 33 33 279
90000 56 5.35714 33 28 283
95000 56 5.35714 33 29 284
100000 53 5.66038 33 27 283
105000 53 5.66038 33 28 279
110000 53 5.66038 33 29 286
115000 46 6.52174 33 22 286
120000 45 6.66667 33 21 285
125000 38 7.89474 34 14 291
130000 37 8.10811 42 13 294
135000 39 7.69231 35 15 292
140000 38 7.89474 35 14 291
145000 38 7.89474 35 14 292
150000 42 7.14286 35 18 291
155000 37 8.10811 35 15 290
160000 39 7.69231 35 17 285
165000 39 7.69231 35 17 289
170000 37 8.10811 35 15 293
175000 37 8.10811 35 15 289
180000 36 8.33333 35 14 295
185000 34 8.82353 44 13 293
190000 32 9.37500 44 11 295
195000 33 9.09091 44 13 291
200000 32 9.37500 44 13 294
205000 36 8.33333 44 18 289
210000 35 8.57143 44 17 289
215000 32 9.37500 44 14 293
220000 30 10.00000 44 12 292
225000 29 10.34483 44 11 294
230000 30 10.00000 44 12 296
235000 29 10.34483 44 11 294
240000 28 10.71429 44 10 292
245000 27 11.11111 44 9 297
250000 28 10.71429 44 11 293
255000 27 11.11111 44 10 292
260000 26 11.53846 44 9 296
265000 28 10.71429 44 11 296
270000 26 11.53846 44 9 294
275000 25 12.00000 45 8 294
280000 24 12.50000 45 7 297
285000 26 11.53846 45 9 296
290000 26 11.53846 45 9 295
295000 28 10.71429 45 11 292
300000 24 12.50000 45 7 294
305000 24 12.50000 45 7 294
310000 24 12.50000 45 7 294
315000 25 12.00000 45 8 294
320000 24 12.50000 45 7 297
325000 24 12.50000 45 7 295
330000 26 11.53846 45 9 293
335000 25 12.00000 45 9 295
340000 24 12.50000 45 8 294
345000 23 13.04348 45 7 296
350000 21 14.28571 45 5 297
355000 21 14.28571 45 5 296
360000 20 15.00000 45 4 297
365000 19 15.78947 45 3 298
370000 17 17.64706 45 1 299
375000 16 18.75000 45 0 300
380000 16 18.75000 45 0 300
385000 16 18.75000 45 0 300
390000 17 17.64706 45 1 299
395000 17 17.64706 45 1 299
400000 17 17.64706 45 1 299
405000 18 16.66667 45 2 299
410000 17 17.64706 45 2 298
415000 18 16.66667 45 3 299
420000 16 18.75000 54 2 299
425000 15 20.00000 54 1 299
430000 15 20.00000 54 1 299
435000 16 18.75000 54 2 298
440000 16 18.75000 54 2 298
445000 16 18.75000 54 2 298
450000 17 17.64706 54 3 299
455000 15 20.00000 54 1 299
460000 15 20.00000 54 1 299
465000 15 20.00000 54 1 300
470000 15 20.00000 54 1 299
475000 15 20.00000 54 1 299
480000 16 18.75000 54 2 299
485000 15 20.00000 54 2 299
490000 15 20.00000 54 2 299
495000 15 20.00000 54 2 298
500000 15 20.00000 54 2 298
505000 15 20.00000 54 2 299
510000 15 20.00000 54 2 299
515000 15 20.00000 54 2 299
520000 15 20.00000 54 2 298
525000 15 20.00000 54 2 300
530000 15 20.00000 54 2 298
535000 16 18.75000 54 3 298
540000 15 20.00000 54 2 299
545000 15 20.00000 54 2 300
550000 15 20.00000 54 2 299
555000 15 20.00000 54 2 299
560000 15 20.00000 54 2 299
565000 15 20.00000 54 2 299
570000 15 20.00000 54 2 300
575000 15 20.00000 54 2 299
580000 15 20.00000 54 2 299
585000 15 20.00000 55 2 299
590000 15 20.00000 55 2 299
595000 16 18.75000 55 3 300
600000 16 18.75000 56 3 298
605000 16 18.75000 56 3 299
610000 16 18.75000 57 3 298
615000 16 18.75000 57 3 299
620000 16 18.75000 57 3 300
625000 17 17.64706 57 4 298
630000 16 18.75000 57 3 298
635000 15 20.00000 57 2 299
640000 15 20.00000 57 2 299
645000 15 20.00000 57 2 298
650000 15 20.00000 57 2 298
655000 16 18.75000 57 3 298
660000 15 20.00000 57 2 298
665000 14 21.42857 57 1 299
670000 14 21.42857 58 1 300
675000 14 21.42857 58 1 300
680000 14 21.42857 58 1 300
685000 14 21.42857 58 1 300
690000 14 21.42857 58 1 300
695000 14 21.42857 58 1 300
700000 14 21.42857 58 1 300
705000 14 21.42857 58 1 300
710000 14 21.42857 58 1 299
715000 13 23.07692 58 0 300
720000 14 21.42857 58 1 300
725000 13 23.07692 58 0 300
730000 12 25.00000 58 0 300
735000 13 23.07692 58 1 300
740000 14 21.42857 58 2 299
745000 13 23.07692 58 1 300
750000 14 21.42857 58 2 299
755000 15 20.00000 58 2 298
760000 14 21.42857 58 1 299
765000 14 21.42857 58 2 299
770000 15 20.00000 58 3 298
775000 14 21.42857 58 2 298
780000 14 21.42857 58 2 298
785000 14 21.42857 58 2 299
790000 14 21.42857 58 2 299
795000 13 23.07692 58 1 299
800000 13 23.07692 58 1 299
805000 15 20.00000 58 3 297
810000 14 21.42857 58 2 299
815000 14 21.42857 58 2 298
820000 14 21.42857 58 2 298
825000 14 21.42857 58 2 298
830000 14 21.42857 58 2 299
835000 14 21.42857 58 2 299
840000 13 23.07692 58 1 300
845000 14 21.42857 58 2 299
850000 14 21.42857 58 2 299
855000 14 21.42857 58 2 298
860000 14 21.42857 58 2 298
865000 14 21.42857 58 2 299
870000 15 20.00000 58 3 297
875000 15 20.00000 58 3 297
880000 15 20.00000 58 3 297
885000 16 18.75000 58 4 297
890000 17 17.64706 58 5 297
895000 17 17.64706 58 5 297
900000 17 17.64706 58 5 297
905000 15 20.00000 59 3 299
910000 15 20.00000 59 3 298
915000 15 20.00000 59 3 298
920000 15 20.00000 59 3 297
925000 17 17.64706 59 5 298
930000 16 18.75000 59 4 296
935000 16 18.75000 59 4 296
940000 15 20.00000 59 3 298
945000 13 23.07692 59 1 300
950000 12 25.00000 59 1 300
955000 12 25.00000 59 1 299
960000 12 25.00000 59 1 299
965000 12 25.00000 59 1 299
970000 12 25.00000 59 1 299
975000 13 23.07692 59 2 300
980000 13 23.07692 59 2 298
985000 14 21.42857 59 3 298
990000 14 21.42857 59 3 298
995000 13 23.07692 59 3 298
1000000 13 23.07692 59 3 298
1005000 13 23.07692 59 3 298
1010000 13 23.07692 59 3 299
1015000 11 27.27273 60 1 299
1020000 11 27.27273 60 1 300
1025000 10 30.00000 60 0 300
1030000 11 27.27273 59 1 300
1035000 10 30.00000 60 0 300
1040000 10 30.00000 60 0 300
1045000 10 30.00000 60 0 300
1050000 10 30.00000 60 0 300
1055000 10 30.00000 60 0 300
1060000 10 30.00000 60 0 300
1065000 10 30.00000 60 0 300
1070000 10 30.00000 60 0 300
1075000 11 27.27273 60 1 299
1080000 11 27.27273 60 1 299
1085000 11 27.27273 60 1 300
1090000 11 27.27273 60 1 299
1095000 11 27.27273 60 1 299
1100000 12 25.00000 60 2 299
1105000 12 25.00000 60 2 298
1110000 13 23.07692 60 3 296
1115000 12 25.00000 61 2 299
1120000 11 27.27273 61 1 299
1125000 11 27.27273 61 1 299
1130000 10 30.00000 61 0 300
1135000 10 30.00000 61 0 300
1140000 11 27.27273 61 1 300
1145000 10 30.00000 61 0 300
1150000 10 30.00000 61 0 300
1155000 10 30.00000 61 0 300
1160000 10 30.00000 61 0 300
1165000 10 30.00000 61 0 300
1170000 10 30.00000 61 0 300
1175000 10 30.00000 61 0 300
1180000 10 30.00000 61 0 300
1185000 10 30.00000 61 0 300
1190000 10 30.00000 61 0 300
1195000 10 30.00000 61 0 300
1200000 10 30.00000 61 0 300
1205000 10 30.00000 61 0 300
1210000 10 30.00000 61 0 300
1215000 10 30.00000 61 0 300
1220000 11 27.27273 61 1 299
1225000 11 27.27273 61 1 299
1230000 11 27.27273 61 1 299
1235000 11 27.27273 61 1 299
1240000 10 30.00000 61 0 300
1245000 10 30.00000 61 0 300
1250000 10 30.00000 61 0 300
1255000 10 30.00000 61 0 300
1260000 10 30.00000 61 0 300
1265000 11 27.27273 61 1 299
1270000 10 30.00000 61 0 300
1275000 10 30.00000 61 0 300
1280000 10 30.00000 61 0 300
1285000 10 30.00000 61 0 300
1290000 10 30.00000 61 0 300
1295000 10 30.00000 61 0 300
1300000 11 27.27273 61 1 300
1305000 11 27.27273 61 1 299
1310000 11 27.27273 61 1 300
1315000 11 27.27273 61 1 300
1320000 12 25.00000 61 2 298
1325000 12 25.00000 61 2 298
1330000 12 25.00000 61 2 299
1335000 13 23.07692 61 3 298
1340000 13 23.07692 61 3 297
1345000 12 25.00000 61 2 299
1350000 10 30.00000 61 0 300
1355000 10 30.00000 61 0 300
1360000 10 30.00000 61 0 300
1365000 10 30.00000 61 0 300
1370000 10 30.00000 61 0 300
1375000 10 30.00000 61 0 300
1380000 11 27.27273 61 1 300
1385000 11 27.27273 61 1 299
1390000 10 30.00000 61 0 300
1395000 10 30.00000 61 0 300
1400000 10 30.00000 61 0 300
1405000 10 30.00000 61 0 300
1410000 10 30.00000 61 0 300
1415000 11 27.27273 61 1 300
1420000 11 27.27273 61 1 299
1425000 12 25.00000 60 2 298
1430000 12 25.00000 60 2 299
1435000 11 27.27273 60 1 299
1440000 11 27.27273 60 1 299
1445000 11 27.27273 60 1 299
1450000 11 27.27273 60 1 300
1455000 11 27.27273 60 1 299
1460000 11 27.27273 60 1 299
1465000 12 25.00000 60 2 300
1470000 11 27.27273 61 1 300
1475000 11 27.27273 61 1 299
1480000 11 27.27273 61 1 299
1485000 11 27.27273 61 1 299
1490000 11 27.27273 61 1 299
1495000 11 27.27273 61 1 299
1500000 11 27.27273 61 1 299
1505000 11 27.27273 61 1 299
1510000 12 25.00000 61 2 299
1515000 11 27.27273 61 1 299
1520000 12 25.00000 61 2 299
1525000 12 25.00000 61 2 299
1530000 13 23.07692 61 3 298
1535000 12 25.00000 61 2 299
1540000 11 27.27273 61 1 300
1545000 11 27.27273 61 1 299
1550000 10 30.00000 61 0 300
1555000 10 30.00000 61 0 300
1560000 10 30.00000 61 0 300
1565000 10 30.00000 61 0 300
1570000 10 30.00000 61 0 300
1575000 10 30.00000 61 0 300
1580000 10 30.00000 61 0 300
1585000 10 30.00000 61 0 300
1590000 10 30.00000 61 0 300
1595000 11 27.27273 61 1 299
1600000 11 27.27273 61 1 299
1605000 11 27.27273 61 1 299
1610000 11 27.27273 61 1 300
1615000 11 27.27273 61 1 300
1620000 11 27.27273 61 1 299
1625000 11 27.27273 61 1 299
1630000 12 25.00000 61 2 299
1635000 12 25.00000 61 2 299
1640000 12 25.00000 61 2 298
1645000 13 23.07692 61 3 297
1650000 12 25.00000 61 2 298
1655000 12 25.00000 61 2 298
1660000 12 25.00000 61 2 298
1665000 12 25.00000 61 2 299
1670000 11 27.27273 61 1 299
1675000 11 27.27273 61 1 299
1680000 11 27.27273 61 1 299
1685000 11 27.27273 61 1 300
1690000 12 25.00000 61 2 298
1695000 11 27.27273 62 1 299
1700000 11 27.27273 62 1 299
1705000 11 27.27273 62 1 299
1710000 12 25.00000 62 2 299
1715000 11 27.27273 62 1 299
1720000 12 25.00000 62 2 299
1725000 12 25.00000 62 2 299
1730000 12 25.00000 62 2 299
1735000 12 25.00000 62 2 298
1740000 11 27.27273 62 1 299
1745000 11 27.27273 62 1 300
1750000 11 27.27273 62 1 299
1755000 11 27.27273 62 1 299
1760000 11 27.27273 62 1 300
1765000 11 27.27273 62 1 299
1770000 11 27.27273 62 1 299
1775000 11 27.27273 62 1 300
1780000 11 27.27273 62 1 299
1785000 12 25.00000 62 2 299
1790000 12 25.00000 62 2 299
1795000 12 25.00000 62 2 299
1800000 12 25.00000 62 2 298
1805000 11 27.27273 62 1 299
1810000 11 27.27273 62 1 299
1815000 11 27.27273 62 1 300
1820000 11 27.27273 62 1 299
1825000 11 27.27273 62 1 299
1830000 10 30.00000 62 0 300
1835000 10 30.00000 62 0 300
1840000 10 30.00000 62 0 300
1845000 11 27.27273 62 1 300
1850000 11 27.27273 62 1 299
1855000 11 27.27273 62 1 299
1860000 11 27.27273 62 1 299
1865000 12 25.00000 62 2 299
1870000 12 25.00000 62 2 300
1875000 11 27.27273 63 1 299
1880000 11 27.27273 63 1 299
1885000 11 27.27273 63 1 299
1890000 11 27.27273 63 1 300
1895000 11 27.27273 63 1 299
1900000 11 27.27273 63 1 299
1905000 11 27.27273 63 1 300
1910000 11 27.27273 63 1 299
1915000 11 27.27273 63 1 299
1920000 11 27.27273 63 1 299
1925000 11 27.27273 63 1 299
1930000 13 23.07692 63 3 298
1935000 11 27.27273 64 1 299
1940000 11 27.27273 64 1 299
1945000 11 27.27273 65 1 300
1950000 10 30.00000 65 0 300
1955000 10 30.00000 65 0 300
1960000 11 27.27273 65 1 299
1965000 11 27.27273 65 1 299
1970000 11 27.27273 65 1 300
1975000 11 27.27273 65 1 300
1980000 11 27.27273 65 1 300
1985000 11 27.27273 65 1 300
1990000 12 25.00000 65 2 298
1995000 12 25.00000 65 2 298
2000000 11 27.27273 65 1 300
