# Timesteps, No of clusters, Mean cluster size, Size largest cluster, No clusters size 1, No proteins bound to type 2 poly
0 278 1.07914 3 258 97
5000 134 2.23881 10 61 163
10000 98 3.06122 12 31 190
15000 81 3.70370 14 21 196
20000 68 4.41176 14 15 211
25000 63 4.76190 17 15 229
30000 55 5.45455 19 10 242
35000 48 6.25000 19 4 241
40000 44 6.81818 20 3 247
45000 42 7.14286 21 3 251
50000 41 7.31707 21 4 251
55000 39 7.69231 24 3 252
60000 38 7.89474 24 3 262
65000 36 8.33333 24 3 267
70000 35 8.57143 24 3 256
75000 35 8.57143 25 3 257
80000 34 8.82353 25 3 254
85000 32 9.37500 25 2 262
90000 32 9.37500 25 2 254
95000 32 9.37500 25 2 253
100000 31 9.67742 29 2 250
105000 29 10.34483 29 1 246
110000 29 10.34483 29 1 250
115000 29 10.34483 29 1 253
120000 29 10.34483 29 1 264
125000 29 10.34483 29 1 266
130000 29 10.34483 29 1 261
135000 28 10.71429 29 1 264
140000 28 10.71429 29 1 266
145000 27 11.11111 29 0 265
150000 26 11.53846 29 0 267
155000 26 11.53846 29 0 262
160000 25 12.00000 29 0 275
165000 24 12.50000 37 0 277
170000 24 12.50000 37 0 276
175000 24 12.50000 37 0 266
180000 24 12.50000 37 0 272
185000 24 12.50000 37 0 263
190000 23 13.04348 37 0 267
195000 23 13.04348 37 0 279
200000 23 13.04348 37 0 271
205000 22 13.63636 37 0 276
210000 22 13.63636 37 0 283
215000 22 13.63636 37 0 274
220000 22 13.63636 37 0 277
225000 22 13.63636 37 0 278
230000 22 13.63636 37 0 277
235000 22 13.63636 37 0 274
240000 22 13.63636 37 0 285
245000 21 14.28571 37 0 281
250000 21 14.28571 37 0 280
255000 21 14.28571 37 0 279
260000 21 14.28571 37 0 279
265000 21 14.28571 37 0 279
270000 21 14.28571 37 0 284
275000 21 14.28571 37 0 277
280000 21 14.28571 37 0 279
285000 21 14.28571 37 0 286
290000 21 14.28571 37 0 280
295000 20 15.00000 37 0 281
300000 20 15.00000 37 0 284
305000 20 15.00000 37 0 285
310000 20 15.00000 37 0 288
315000 19 15.78947 56 0 283
320000 19 15.78947 56 0 285
325000 19 15.78947 56 0 287
330000 19 15.78947 56 0 287
335000 19 15.78947 56 0 289
340000 19 15.78947 56 0 290
345000 19 15.78947 56 0 284
350000 19 15.78947 56 0 283
355000 19 15.78947 56 0 286
360000 19 15.78947 56 0 293
365000 19 15.78947 56 0 290
370000 18 16.66667 56 0 286
375000 18 16.66667 56 0 286
380000 18 16.66667 56 0 288
385000 18 16.66667 56 0 290
390000 18 16.66667 56 0 289
395000 18 16.66667 56 0 288
400000 18 16.66667 56 0 287
405000 17 17.64706 56 0 290
410000 17 17.64706 56 0 289
415000 17 17.64706 56 0 290
420000 17 17.64706 56 0 287
425000 17 17.64706 56 0 287
430000 17 17.64706 56 0 286
435000 17 17.64706 56 0 288
440000 17 17.64706 56 0 291
445000 17 17.64706 56 0 291
450000 17 17.64706 56 0 290
455000 17 17.64706 56 0 288
460000 17 17.64706 56 0 292
465000 17 17.64706 56 0 287
470000 17 17.64706 56 0 289
475000 17 17.64706 56 0 287
480000 17 17.64706 56 0 291
485000 17 17.64706 56 0 292
490000 17 17.64706 56 0 289
495000 17 17.64706 56 0 288
500000 17 17.64706 56 0 288
505000 17 17.64706 56 0 292
510000 17 17.64706 56 0 293
515000 17 17.64706 56 0 288
520000 17 17.64706 56 0 294
525000 17 17.64706 56 0 287
530000 17 17.64706 56 0 287
535000 17 17.64706 56 0 289
540000 17 17.64706 56 0 289
545000 17 17.64706 56 0 291
550000 17 17.64706 56 0 290
555000 17 17.64706 56 0 285
560000 17 17.64706 56 0 285
565000 17 17.64706 56 0 290
570000 17 17.64706 56 0 289
575000 17 17.64706 56 0 291
580000 17 17.64706 56 0 283
585000 17 17.64706 56 0 291
590000 17 17.64706 56 0 286
595000 17 17.64706 56 0 286
600000 17 17.64706 56 0 292
605000 17 17.64706 56 0 291
610000 17 17.64706 56 0 295
615000 17 17.64706 56 0 290
620000 17 17.64706 56 0 289
625000 17 17.64706 56 0 290
630000 17 17.64706 56 0 290
635000 17 17.64706 56 0 291
640000 17 17.64706 56 0 288
645000 17 17.64706 56 0 289
650000 17 17.64706 56 0 289
655000 17 17.64706 56 0 288
660000 17 17.64706 56 0 289
665000 17 17.64706 56 0 287
670000 17 17.64706 56 0 285
675000 17 17.64706 56 0 288
680000 17 17.64706 56 0 288
685000 17 17.64706 56 0 289
690000 17 17.64706 56 0 291
695000 17 17.64706 56 0 286
700000 17 17.64706 56 0 290
705000 17 17.64706 56 0 289
710000 17 17.64706 56 0 287
715000 17 17.64706 56 0 288
720000 17 17.64706 56 0 289
725000 17 17.64706 56 0 289
730000 17 17.64706 56 0 290
735000 17 17.64706 56 0 290
740000 17 17.64706 56 0 291
745000 17 17.64706 56 0 296
750000 17 17.64706 56 0 296
755000 17 17.64706 56 0 292
760000 17 17.64706 56 0 290
765000 17 17.64706 56 0 290
770000 17 17.64706 56 0 286
775000 17 17.64706 56 0 290
780000 17 17.64706 56 0 291
785000 17 17.64706 56 0 291
790000 17 17.64706 56 0 292
795000 17 17.64706 56 0 292
800000 17 17.64706 56 0 289
805000 17 17.64706 56 0 293
810000 17 17.64706 56 0 289
815000 17 17.64706 56 0 291
820000 17 17.64706 56 0 293
825000 17 17.64706 56 0 289
830000 17 17.64706 56 0 289
835000 17 17.64706 56 0 287
840000 17 17.64706 56 0 290
845000 17 17.64706 56 0 291
850000 17 17.64706 56 0 283
855000 17 17.64706 56 0 286
860000 17 17.64706 56 0 285
865000 17 17.64706 56 0 288
870000 17 17.64706 56 0 288
875000 17 17.64706 56 0 287
880000 17 17.64706 56 0 286
885000 17 17.64706 56 0 290
890000 17 17.64706 56 0 289
895000 17 17.64706 56 0 293
900000 16 18.75000 56 0 292
905000 16 18.75000 56 0 293
910000 16 18.75000 56 0 289
915000 16 18.75000 56 0 290
920000 16 18.75000 56 0 294
925000 16 18.75000 56 0 289
930000 16 18.75000 56 0 291
935000 16 18.75000 56 0 290
940000 15 20.00000 56 0 294
945000 16 18.75000 56 0 290
950000 16 18.75000 56 0 292
955000 16 18.75000 56 0 291
960000 16 18.75000 56 0 290
965000 16 18.75000 56 0 289
970000 16 18.75000 56 0 294
975000 16 18.75000 56 0 292
980000 15 20.00000 56 0 291
985000 15 20.00000 56 0 291
990000 15 20.00000 56 0 289
995000 15 20.00000 56 0 293
1000000 15 20.00000 56 0 289
1005000 15 20.00000 56 0 289
1010000 15 20.00000 56 0 290
1015000 15 20.00000 56 0 290
1020000 15 20.00000 56 0 290
1025000 15 20.00000 56 0 290
1030000 15 20.00000 56 0 291
1035000 15 20.00000 56 0 293
1040000 15 20.00000 56 0 292
1045000 15 20.00000 56 0 290
1050000 15 20.00000 56 0 289
1055000 15 20.00000 56 0 289
1060000 15 20.00000 56 0 287
1065000 15 20.00000 56 0 287
1070000 15 20.00000 56 0 289
1075000 15 20.00000 56 0 289
1080000 15 20.00000 56 0 292
1085000 15 20.00000 56 0 292
1090000 15 20.00000 56 0 292
1095000 15 20.00000 56 0 287
1100000 15 20.00000 56 0 291
1105000 15 20.00000 56 0 295
1110000 15 20.00000 56 0 292
1115000 15 20.00000 56 0 292
1120000 15 20.00000 56 0 291
1125000 15 20.00000 56 0 291
1130000 15 20.00000 56 0 291
1135000 15 20.00000 56 0 290
1140000 15 20.00000 56 0 292
1145000 15 20.00000 56 0 293
1150000 15 20.00000 56 0 293
1155000 15 20.00000 56 0 293
1160000 15 20.00000 56 0 295
1165000 15 20.00000 56 0 291
1170000 15 20.00000 56 0 294
1175000 15 20.00000 56 0 293
1180000 14 21.42857 61 0 291
1185000 14 21.42857 61 0 293
1190000 14 21.42857 61 0 291
1195000 14 21.42857 61 0 294
1200000 14 21.42857 61 0 291
1205000 14 21.42857 61 0 293
1210000 14 21.42857 61 0 291
1215000 14 21.42857 61 0 293
1220000 14 21.42857 61 0 290
1225000 14 21.42857 61 0 293
1230000 14 21.42857 61 0 292
1235000 14 21.42857 61 0 291
1240000 14 21.42857 61 0 288
1245000 14 21.42857 61 0 291
1250000 14 21.42857 61 0 288
1255000 14 21.42857 61 0 295
1260000 14 21.42857 61 0 293
1265000 14 21.42857 61 0 295
1270000 14 21.42857 61 0 292
1275000 14 21.42857 61 0 293
1280000 14 21.42857 61 0 291
1285000 14 21.42857 61 0 290
1290000 14 21.42857 61 0 293
1295000 14 21.42857 61 0 293
1300000 14 21.42857 61 0 288
1305000 14 21.42857 61 0 288
1310000 14 21.42857 61 0 288
1315000 14 21.42857 61 0 291
1320000 14 21.42857 61 0 290
1325000 14 21.42857 61 0 294
1330000 14 21.42857 61 0 292
1335000 14 21.42857 61 0 291
1340000 14 21.42857 61 0 292
1345000 14 21.42857 61 0 293
1350000 14 21.42857 61 0 290
1355000 14 21.42857 61 0 290
1360000 14 21.42857 61 0 294
1365000 14 21.42857 61 0 291
1370000 14 21.42857 61 0 292
1375000 14 21.42857 61 0 292
1380000 14 21.42857 61 0 292
1385000 14 21.42857 61 0 289
1390000 14 21.42857 61 0 291
1395000 14 21.42857 61 0 291
1400000 14 21.42857 61 0 294
1405000 14 21.42857 61 0 289
1410000 14 21.42857 61 0 293
1415000 14 21.42857 61 0 291
1420000 14 21.42857 61 0 293
1425000 14 21.42857 61 0 292
1430000 14 21.42857 61 0 290
1435000 14 21.42857 61 0 291
1440000 14 21.42857 61 0 289
1445000 14 21.42857 61 0 289
1450000 14 21.42857 61 0 290
1455000 14 21.42857 61 0 289
1460000 14 21.42857 61 0 290
1465000 14 21.42857 61 0 292
1470000 14 21.42857 61 0 294
1475000 14 21.42857 61 0 292
1480000 14 21.42857 61 0 292
1485000 14 21.42857 61 0 291
1490000 14 21.42857 61 0 292
1495000 14 21.42857 61 0 290
1500000 14 21.42857 61 0 293
1505000 14 21.42857 61 0 293
1510000 14 21.42857 61 0 292
1515000 14 21.42857 61 0 292
1520000 14 21.42857 61 0 295
1525000 14 21.42857 61 0 291
1530000 14 21.42857 61 0 293
1535000 14 21.42857 61 0 292
1540000 14 21.42857 61 0 294
1545000 14 21.42857 61 0 289
1550000 14 21.42857 61 0 296
1555000 14 21.42857 61 0 289
1560000 14 21.42857 61 0 294
1565000 14 21.42857 61 0 293
1570000 14 21.42857 61 0 289
1575000 14 21.42857 61 0 294
1580000 14 21.42857 61 0 291
1585000 14 21.42857 61 0 290
1590000 14 21.42857 61 0 294
1595000 14 21.42857 61 0 290
1600000 13 23.07692 61 0 293
1605000 13 23.07692 61 0 290
1610000 13 23.07692 61 0 292
1615000 13 23.07692 61 0 296
1620000 13 23.07692 61 0 292
1625000 13 23.07692 61 0 294
1630000 13 23.07692 61 0 298
1635000 13 23.07692 61 0 295
1640000 13 23.07692 61 0 294
1645000 13 23.07692 61 0 295
1650000 13 23.07692 61 0 294
1655000 13 23.07692 61 0 296
1660000 13 23.07692 61 0 294
1665000 12 25.00000 61 0 291
1670000 12 25.00000 61 0 297
1675000 12 25.00000 61 0 294
1680000 12 25.00000 61 0 294
1685000 12 25.00000 61 0 297
1690000 12 25.00000 61 0 296
1695000 12 25.00000 61 0 298
1700000 12 25.00000 61 0 296
1705000 12 25.00000 61 0 293
1710000 12 25.00000 61 0 294
1715000 12 25.00000 61 0 297
1720000 12 25.00000 61 0 298
1725000 12 25.00000 61 0 296
1730000 12 25.00000 61 0 298
1735000 12 25.00000 61 0 299
1740000 12 25.00000 61 0 299
1745000 12 25.00000 61 0 300
1750000 12 25.00000 61 0 298
1755000 12 25.00000 61 0 298
1760000 12 25.00000 61 0 296
1765000 12 25.00000 61 0 297
1770000 12 25.00000 61 0 298
1775000 12 25.00000 61 0 295
1780000 12 25.00000 61 0 294
1785000 12 25.00000 61 0 295
1790000 12 25.00000 61 0 298
1795000 12 25.00000 61 0 296
1800000 12 25.00000 61 0 294
1805000 12 25.00000 61 0 296
1810000 12 25.00000 61 0 297
1815000 12 25.00000 61 0 296
1820000 12 25.00000 61 0 297
1825000 12 25.00000 61 0 297
1830000 12 25.00000 61 0 295
1835000 12 25.00000 61 0 297
1840000 12 25.00000 61 0 298
1845000 12 25.00000 61 0 296
1850000 12 25.00000 61 0 297
1855000 12 25.00000 61 0 295
1860000 12 25.00000 61 0 297
1865000 12 25.00000 61 0 298
1870000 12 25.00000 61 0 294
1875000 12 25.00000 61 0 299
1880000 12 25.00000 61 0 296
1885000 12 25.00000 61 0 295
1890000 12 25.00000 61 0 295
1895000 12 25.00000 61 0 296
1900000 12 25.00000 61 0 298
1905000 12 25.00000 61 0 297
1910000 12 25.00000 61 0 296
1915000 12 25.00000 61 0 293
1920000 12 25.00000 61 0 297
1925000 12 25.00000 61 0 296
1930000 12 25.00000 61 0 294
1935000 12 25.00000 61 0 293
1940000 12 25.00000 61 0 296
1945000 12 25.00000 61 0 296
1950000 12 25.00000 61 0 295
1955000 12 25.00000 61 0 296
1960000 12 25.00000 61 0 296
1965000 12 25.00000 61 0 297
1970000 12 25.00000 61 0 296
1975000 12 25.00000 61 0 297
1980000 12 25.00000 61 0 298
1985000 12 25.00000 61 0 295
1990000 12 25.00000 61 0 295
1995000 12 25.00000 61 0 296
2000000 12 25.00000 61 0 295
