# Timesteps, No of clusters, Mean cluster size, Size largest cluster, No clusters size 1, No proteins bound to type 2 poly
0 278 1.07914 3 258 97
5000 143 2.09790 7 75 164
10000 98 3.06122 13 31 182
15000 79 3.79747 20 22 206
20000 68 4.41176 27 18 213
25000 59 5.08475 27 12 222
30000 53 5.66038 27 8 241
35000 50 6.00000 27 5 242
40000 49 6.12245 27 4 238
45000 47 6.38298 27 3 246
50000 44 6.81818 27 3 260
55000 43 6.97674 27 2 253
60000 43 6.97674 27 2 262
65000 42 7.14286 27 2 257
70000 39 7.69231 27 1 255
75000 37 8.10811 27 1 261
80000 35 8.57143 27 1 267
85000 34 8.82353 34 1 287
90000 34 8.82353 34 1 278
95000 34 8.82353 34 1 272
100000 33 9.09091 34 1 271
105000 32 9.37500 34 0 268
110000 32 9.37500 34 0 278
115000 32 9.37500 34 0 273
120000 32 9.37500 34 0 274
125000 31 9.67742 34 0 278
130000 31 9.67742 34 0 276
135000 31 9.67742 34 0 280
140000 32 9.37500 34 2 285
145000 32 9.37500 34 2 279
150000 29 10.34483 34 0 280
155000 29 10.34483 34 0 281
160000 28 10.71429 39 0 277
165000 28 10.71429 39 0 278
170000 28 10.71429 39 0 284
175000 27 11.11111 39 0 280
180000 27 11.11111 39 0 281
185000 27 11.11111 39 0 282
190000 27 11.11111 39 1 284
195000 26 11.53846 39 0 284
200000 26 11.53846 39 0 281
205000 25 12.00000 39 0 287
210000 25 12.00000 39 0 284
215000 24 12.50000 39 0 288
220000 24 12.50000 39 0 286
225000 24 12.50000 39 0 281
230000 24 12.50000 39 0 282
235000 24 12.50000 39 0 285
240000 24 12.50000 39 0 284
245000 24 12.50000 39 0 286
250000 23 13.04348 39 0 288
255000 23 13.04348 39 0 289
260000 23 13.04348 39 0 289
265000 23 13.04348 39 0 290
270000 23 13.04348 39 0 290
275000 22 13.63636 39 0 293
280000 22 13.63636 39 0 292
285000 22 13.63636 39 0 293
290000 22 13.63636 39 0 296
295000 21 14.28571 39 0 292
300000 21 14.28571 39 0 293
305000 21 14.28571 39 0 287
310000 21 14.28571 39 0 286
315000 21 14.28571 39 0 296
320000 21 14.28571 39 0 288
325000 21 14.28571 39 0 287
330000 21 14.28571 39 0 295
335000 21 14.28571 39 0 294
340000 21 14.28571 39 0 293
345000 21 14.28571 39 0 295
350000 21 14.28571 39 0 290
355000 21 14.28571 39 0 296
360000 21 14.28571 39 0 292
365000 21 14.28571 39 0 290
370000 21 14.28571 39 0 290
375000 21 14.28571 39 0 290
380000 21 14.28571 39 0 290
385000 21 14.28571 39 0 292
390000 21 14.28571 39 0 288
395000 20 15.00000 39 0 290
400000 20 15.00000 39 0 290
405000 20 15.00000 39 0 291
410000 20 15.00000 39 0 289
415000 20 15.00000 39 0 289
420000 20 15.00000 39 0 293
425000 20 15.00000 39 0 292
430000 20 15.00000 39 0 292
435000 20 15.00000 39 0 285
440000 20 15.00000 39 0 292
445000 20 15.00000 39 0 291
450000 20 15.00000 39 0 292
455000 20 15.00000 39 0 290
460000 20 15.00000 39 0 289
465000 20 15.00000 39 0 288
470000 20 15.00000 39 0 290
475000 20 15.00000 39 0 291
480000 20 15.00000 39 0 291
485000 20 15.00000 39 0 291
490000 20 15.00000 39 0 289
495000 20 15.00000 39 0 291
500000 20 15.00000 39 0 298
505000 20 15.00000 39 0 290
510000 20 15.00000 39 0 294
515000 20 15.00000 39 0 289
520000 20 15.00000 39 0 291
525000 19 15.78947 43 0 292
530000 19 15.78947 43 0 288
535000 19 15.78947 43 0 288
540000 19 15.78947 43 0 290
545000 18 16.66667 43 0 289
550000 18 16.66667 43 0 285
555000 18 16.66667 43 0 295
560000 18 16.66667 43 0 289
565000 18 16.66667 43 0 293
570000 18 16.66667 43 0 293
575000 18 16.66667 43 0 288
580000 18 16.66667 43 0 290
585000 18 16.66667 43 0 294
590000 18 16.66667 43 0 290
595000 18 16.66667 43 0 290
600000 18 16.66667 43 0 288
605000 18 16.66667 43 0 292
610000 18 16.66667 43 0 295
615000 18 16.66667 43 0 295
620000 18 16.66667 43 0 292
625000 18 16.66667 43 0 293
630000 18 16.66667 43 0 292
635000 18 16.66667 43 0 294
640000 18 16.66667 43 0 295
645000 18 16.66667 43 0 292
650000 18 16.66667 43 0 294
655000 18 16.66667 43 0 292
660000 18 16.66667 43 0 291
665000 18 16.66667 43 0 293
670000 18 16.66667 43 0 293
675000 18 16.66667 43 0 293
680000 18 16.66667 43 0 293
685000 18 16.66667 43 0 293
690000 18 16.66667 43 0 291
695000 18 16.66667 43 0 296
700000 18 16.66667 43 0 293
705000 18 16.66667 43 0 292
710000 18 16.66667 43 0 292
715000 18 16.66667 43 0 296
720000 18 16.66667 43 0 293
725000 18 16.66667 43 0 296
730000 18 16.66667 43 0 294
735000 18 16.66667 43 0 294
740000 18 16.66667 43 0 292
745000 18 16.66667 43 0 294
750000 18 16.66667 43 0 293
755000 18 16.66667 43 0 293
760000 18 16.66667 43 0 293
765000 18 16.66667 43 0 290
770000 18 16.66667 43 0 294
775000 18 16.66667 43 0 287
780000 18 16.66667 43 0 292
785000 18 16.66667 43 0 291
790000 18 16.66667 43 0 294
795000 18 16.66667 43 0 295
800000 18 16.66667 43 0 291
805000 18 16.66667 43 0 291
810000 18 16.66667 43 0 292
815000 18 16.66667 43 0 293
820000 18 16.66667 43 0 293
825000 18 16.66667 43 0 293
830000 18 16.66667 43 0 290
835000 18 16.66667 43 0 291
840000 18 16.66667 43 0 291
845000 18 16.66667 43 0 290
850000 18 16.66667 43 0 294
855000 18 16.66667 43 0 290
860000 18 16.66667 43 0 295
865000 18 16.66667 43 0 294
870000 18 16.66667 43 0 294
875000 18 16.66667 43 0 291
880000 18 16.66667 43 0 294
885000 18 16.66667 43 0 291
890000 18 16.66667 43 0 294
895000 18 16.66667 43 0 289
900000 18 16.66667 43 0 292
905000 18 16.66667 43 0 296
910000 18 16.66667 43 0 294
915000 18 16.66667 43 0 290
920000 18 16.66667 43 0 296
925000 18 16.66667 43 0 292
930000 18 16.66667 43 0 294
935000 18 16.66667 43 0 293
940000 18 16.66667 43 0 293
945000 18 16.66667 43 0 293
950000 18 16.66667 43 0 294
955000 18 16.66667 43 0 293
960000 18 16.66667 43 0 294
965000 18 16.66667 43 0 291
970000 18 16.66667 43 0 293
975000 18 16.66667 43 0 291
980000 18 16.66667 43 0 292
985000 18 16.66667 43 0 294
990000 17 17.64706 43 0 298
995000 17 17.64706 43 0 295
1000000 16 18.75000 43 0 293
1005000 16 18.75000 43 0 296
1010000 16 18.75000 43 0 297
1015000 16 18.75000 43 0 296
1020000 16 18.75000 43 0 298
1025000 16 18.75000 43 0 292
1030000 16 18.75000 43 0 295
1035000 16 18.75000 43 0 294
1040000 16 18.75000 43 0 295
1045000 16 18.75000 43 0 293
1050000 16 18.75000 43 0 294
1055000 16 18.75000 43 0 295
1060000 16 18.75000 43 0 292
1065000 16 18.75000 43 0 291
1070000 16 18.75000 43 0 295
1075000 16 18.75000 43 0 295
1080000 16 18.75000 43 0 292
1085000 16 18.75000 43 0 293
1090000 16 18.75000 43 0 293
1095000 16 18.75000 43 0 294
1100000 16 18.75000 43 0 292
1105000 16 18.75000 43 0 291
1110000 16 18.75000 43 0 291
1115000 16 18.75000 43 0 293
1120000 16 18.75000 43 0 290
1125000 16 18.75000 43 0 296
1130000 16 18.75000 43 0 293
1135000 16 18.75000 43 0 291
1140000 16 18.75000 43 0 295
1145000 16 18.75000 43 0 293
1150000 16 18.75000 43 0 293
1155000 16 18.75000 43 0 294
1160000 16 18.75000 43 0 292
1165000 16 18.75000 43 0 294
1170000 16 18.75000 43 0 295
1175000 16 18.75000 43 0 295
1180000 16 18.75000 43 0 289
1185000 16 18.75000 43 0 290
1190000 16 18.75000 43 0 293
1195000 16 18.75000 43 0 294
1200000 16 18.75000 43 0 289
1205000 16 18.75000 43 0 293
1210000 16 18.75000 43 0 294
1215000 16 18.75000 43 0 289
1220000 16 18.75000 43 0 288
1225000 16 18.75000 43 0 288
1230000 16 18.75000 43 0 290
1235000 16 18.75000 43 0 289
1240000 16 18.75000 43 0 295
1245000 16 18.75000 43 0 294
1250000 16 18.75000 43 0 293
1255000 16 18.75000 43 0 293
1260000 16 18.75000 43 0 292
1265000 16 18.75000 43 0 295
1270000 16 18.75000 43 0 291
1275000 16 18.75000 43 0 294
1280000 16 18.75000 43 0 292
1285000 16 18.75000 43 0 293
1290000 16 18.75000 43 0 294
1295000 16 18.75000 43 0 294
1300000 16 18.75000 43 0 294
1305000 16 18.75000 43 0 290
1310000 16 18.75000 43 0 293
1315000 16 18.75000 43 0 295
1320000 16 18.75000 43 0 292
1325000 16 18.75000 43 0 291
1330000 16 18.75000 43 0 291
1335000 16 18.75000 43 0 292
1340000 16 18.75000 43 0 296
1345000 16 18.75000 43 0 293
1350000 16 18.75000 43 0 296
1355000 16 18.75000 43 0 291
1360000 16 18.75000 43 0 291
1365000 16 18.75000 43 0 290
1370000 16 18.75000 43 0 292
1375000 16 18.75000 43 0 289
1380000 16 18.75000 43 0 291
1385000 15 20.00000 43 0 292
1390000 15 20.00000 43 0 294
1395000 15 20.00000 43 0 292
1400000 15 20.00000 43 0 292
1405000 15 20.00000 43 0 297
1410000 15 20.00000 43 0 295
1415000 15 20.00000 43 0 291
1420000 15 20.00000 43 0 293
1425000 15 20.00000 43 0 293
1430000 15 20.00000 43 0 294
1435000 15 20.00000 43 0 291
1440000 15 20.00000 43 0 290
1445000 15 20.00000 43 0 292
1450000 15 20.00000 43 0 291
1455000 15 20.00000 43 0 293
1460000 15 20.00000 43 0 291
1465000 15 20.00000 43 0 291
1470000 15 20.00000 43 0 292
1475000 15 20.00000 43 0 292
1480000 15 20.00000 43 0 294
1485000 15 20.00000 43 0 293
1490000 15 20.00000 43 0 293
1495000 15 20.00000 43 0 291
1500000 15 20.00000 43 0 291
1505000 15 20.00000 43 0 289
1510000 15 20.00000 43 0 290
1515000 15 20.00000 43 0 291
1520000 15 20.00000 43 0 289
1525000 15 20.00000 43 0 290
1530000 15 20.00000 43 0 291
1535000 15 20.00000 43 0 293
1540000 15 20.00000 43 0 294
1545000 15 20.00000 43 0 300
1550000 15 20.00000 43 0 292
1555000 15 20.00000 43 0 295
1560000 15 20.00000 43 0 293
1565000 15 20.00000 43 0 294
1570000 15 20.00000 43 0 294
1575000 15 20.00000 43 0 293
1580000 15 20.00000 43 0 295
1585000 15 20.00000 43 0 294
1590000 15 20.00000 43 0 295
1595000 15 20.00000 43 0 292
1600000 15 20.00000 43 0 292
1605000 15 20.00000 43 0 294
1610000 15 20.00000 43 0 294
1615000 15 20.00000 43 0 294
1620000 15 20.00000 43 0 297
1625000 15 20.00000 43 0 295
1630000 15 20.00000 43 0 296
1635000 15 20.00000 43 0 293
1640000 15 20.00000 43 0 297
1645000 15 20.00000 43 0 293
1650000 15 20.00000 43 0 293
1655000 15 20.00000 43 0 293
1660000 15 20.00000 43 0 294
1665000 15 20.00000 43 0 294
1670000 15 20.00000 43 0 292
1675000 15 20.00000 43 0 298
1680000 15 20.00000 43 0 293
1685000 15 20.00000 43 0 296
1690000 15 20.00000 43 0 299
1695000 15 20.00000 43 0 295
1700000 15 20.00000 43 0 294
1705000 15 20.00000 43 0 293
1710000 15 20.00000 43 0 293
1715000 15 20.00000 43 0 295
1720000 15 20.00000 43 0 293
1725000 15 20.00000 43 0 292
1730000 15 20.00000 43 0 292
1735000 15 20.00000 43 0 296
1740000 15 20.00000 43 0 292
1745000 15 20.00000 43 0 294
1750000 15 20.00000 43 0 293
1755000 15 20.00000 43 0 295
1760000 15 20.00000 43 0 296
1765000 15 20.00000 43 0 295
1770000 15 20.00000 43 0 296
1775000 15 20.00000 43 0 295
1780000 15 20.00000 43 0 295
1785000 15 20.00000 43 0 295
1790000 15 20.00000 43 0 296
1795000 15 20.00000 43 0 295
1800000 15 20.00000 43 0 294
1805000 15 20.00000 43 0 296
1810000 15 20.00000 43 0 297
1815000 15 20.00000 43 0 294
1820000 15 20.00000 43 0 294
1825000 15 20.00000 43 0 296
1830000 15 20.00000 43 0 295
1835000 15 20.00000 43 0 296
1840000 15 20.00000 43 0 296
1845000 15 20.00000 43 0 300
1850000 15 20.00000 43 0 294
1855000 15 20.00000 43 0 293
1860000 15 20.00000 43 0 296
1865000 15 20.00000 43 0 295
1870000 15 20.00000 43 0 297
1875000 15 20.00000 43 0 296
1880000 15 20.00000 43 0 296
1885000 15 20.00000 43 0 293
1890000 15 20.00000 43 0 295
1895000 14 21.42857 59 0 294
1900000 14 21.42857 59 0 296
1905000 14 21.42857 59 0 295
1910000 14 21.42857 59 0 294
1915000 14 21.42857 59 0 294
1920000 14 21.42857 59 0 294
1925000 14 21.42857 59 0 296
1930000 14 21.42857 59 0 294
1935000 14 21.42857 59 0 295
1940000 14 21.42857 59 0 295
1945000 14 21.42857 59 0 294
1950000 14 21.42857 59 0 297
1955000 14 21.42857 59 0 294
1960000 14 21.42857 59 0 295
1965000 14 21.42857 59 0 296
1970000 14 21.42857 59 0 296
1975000 14 21.42857 59 0 295
1980000 14 21.42857 59 0 296
1985000 14 21.42857 59 0 296
1990000 14 21.42857 59 0 296
1995000 13 23.07692 59 0 295
2000000 13 23.07692 59 0 295
