# Timesteps, No of clusters, Mean size of clusters, Size of largest cluster
0 278 1 3
1000 246 1 5
2000 242 1 5
3000 221 1 5
4000 218 1 6
5000 206 1 7
6000 176 1 9
7000 168 1 8
8000 163 1 8
9000 150 2 11
10000 145 2 12
11000 137 2 13
12000 130 2 13
13000 120 2 13
14000 116 2 15
15000 116 2 15
16000 109 2 15
17000 107 2 17
18000 99 3 17
19000 100 3 17
20000 96 3 17
21000 91 3 17
22000 88 3 18
23000 87 3 18
24000 88 3 18
25000 88 3 18
26000 87 3 19
27000 82 3 19
28000 82 3 19
29000 84 3 19
30000 83 3 19
31000 79 3 19
32000 77 3 20
33000 74 4 20
34000 72 4 20
35000 73 4 20
36000 73 4 21
37000 71 4 21
38000 71 4 21
39000 70 4 21
40000 66 4 21
41000 63 4 21
42000 62 4 21
43000 60 5 21
44000 58 5 21
45000 59 5 21
46000 58 5 21
47000 56 5 21
48000 55 5 21
49000 53 5 21
50000 51 5 21
51000 49 6 21
52000 49 6 21
53000 49 6 21
54000 47 6 21
55000 47 6 21
56000 48 6 21
57000 48 6 21
58000 46 6 21
59000 47 6 21
60000 48 6 21
61000 48 6 21
62000 47 6 21
63000 47 6 21
64000 46 6 21
65000 45 6 21
66000 42 7 22
67000 42 7 22
68000 42 7 22
69000 42 7 22
70000 42 7 22
71000 42 7 22
72000 44 6 22
73000 45 6 22
74000 44 6 22
75000 43 6 22
76000 43 6 22
77000 43 6 22
78000 43 6 22
79000 41 7 22
80000 41 7 22
81000 40 7 32
82000 41 7 32
83000 40 7 32
84000 40 7 32
85000 39 7 32
86000 40 7 32
87000 40 7 32
88000 40 7 32
89000 39 7 32
90000 40 7 32
91000 40 7 32
92000 39 7 32
93000 39 7 32
94000 39 7 32
95000 39 7 32
96000 39 7 32
97000 39 7 32
98000 38 7 32
99000 38 7 32
100000 38 7 32
101000 38 7 32
102000 38 7 32
103000 39 7 32
104000 40 7 32
105000 39 7 32
106000 39 7 32
107000 39 7 32
108000 38 7 32
109000 37 8 32
110000 37 8 32
111000 37 8 32
112000 37 8 32
113000 36 8 32
114000 36 8 32
115000 35 8 32
116000 35 8 32
117000 36 8 32
118000 35 8 32
119000 35 8 32
120000 35 8 32
121000 35 8 32
122000 35 8 32
123000 34 8 32
124000 34 8 32
125000 34 8 32
126000 34 8 32
127000 34 8 32
128000 34 8 32
129000 34 8 32
130000 33 9 32
131000 33 9 32
132000 33 9 32
133000 33 9 32
134000 32 9 32
135000 32 9 32
136000 32 9 32
137000 32 9 32
138000 31 9 32
139000 30 10 32
140000 30 10 32
141000 30 10 32
142000 30 10 32
143000 31 9 32
144000 31 9 32
145000 32 9 32
146000 32 9 32
147000 33 9 32
148000 33 9 32
149000 33 9 32
150000 32 9 32
151000 34 8 32
152000 33 9 32
153000 32 9 32
154000 32 9 32
155000 32 9 32
156000 31 9 32
157000 31 9 32
158000 30 10 32
159000 30 10 32
160000 30 10 32
161000 30 10 32
162000 29 10 32
163000 29 10 32
164000 29 10 32
165000 29 10 32
166000 29 10 32
167000 29 10 32
168000 29 10 32
169000 29 10 32
170000 29 10 32
171000 29 10 32
172000 28 10 32
173000 28 10 32
174000 26 11 32
175000 26 11 32
176000 27 11 32
177000 27 11 32
178000 28 10 32
179000 28 10 32
180000 27 11 32
181000 28 10 32
182000 25 12 33
183000 25 12 33
184000 25 12 33
185000 25 12 33
186000 25 12 33
187000 25 12 33
188000 25 12 33
189000 24 12 33
190000 24 12 33
191000 24 12 33
192000 24 12 33
193000 24 12 33
194000 24 12 33
195000 24 12 33
196000 25 12 33
197000 25 12 33
198000 25 12 33
199000 26 11 33
200000 26 11 33
201000 26 11 33
202000 26 11 33
203000 26 11 33
204000 26 11 33
205000 26 11 33
206000 26 11 33
207000 26 11 33
208000 25 12 34
209000 25 12 34
210000 25 12 34
211000 24 12 35
212000 24 12 35
213000 24 12 35
214000 25 12 35
215000 25 12 35
216000 25 12 35
217000 25 12 35
218000 25 12 35
219000 24 12 35
220000 23 13 35
221000 22 13 39
222000 22 13 39
223000 22 13 39
224000 22 13 39
225000 23 13 39
226000 23 13 39
227000 24 12 39
228000 24 12 39
229000 24 12 39
230000 24 12 39
231000 24 12 39
232000 24 12 39
233000 24 12 39
234000 24 12 39
235000 24 12 39
236000 24 12 39
237000 22 13 39
238000 22 13 39
239000 23 13 39
240000 22 13 39
241000 22 13 39
242000 23 13 39
243000 23 13 39
244000 23 13 39
245000 23 13 39
246000 22 13 39
247000 23 13 39
248000 23 13 39
249000 23 13 39
250000 23 13 39
251000 23 13 39
252000 23 13 39
253000 23 13 39
254000 23 13 39
255000 22 13 39
256000 22 13 39
257000 22 13 39
258000 22 13 39
259000 22 13 39
260000 23 13 39
261000 23 13 39
262000 22 13 39
263000 22 13 39
264000 22 13 39
265000 22 13 39
266000 21 14 39
267000 22 13 39
268000 22 13 39
269000 23 13 39
270000 22 13 39
271000 22 13 39
272000 22 13 39
273000 22 13 39
274000 22 13 39
275000 22 13 39
276000 22 13 39
277000 22 13 39
278000 22 13 39
279000 22 13 39
280000 23 13 39
281000 22 13 39
282000 23 13 39
283000 23 13 39
284000 23 13 39
285000 23 13 39
286000 23 13 39
287000 23 13 39
288000 23 13 39
289000 23 13 39
290000 23 13 39
291000 23 13 39
292000 22 13 39
293000 23 13 39
294000 23 13 39
295000 22 13 39
296000 22 13 39
297000 22 13 39
298000 22 13 39
299000 22 13 39
300000 22 13 39
301000 22 13 39
302000 22 13 39
303000 21 14 39
304000 21 14 39
305000 21 14 39
306000 21 14 39
307000 21 14 39
308000 21 14 39
309000 21 14 39
310000 21 14 39
311000 21 14 39
312000 21 14 39
313000 21 14 39
314000 20 15 39
315000 20 15 39
316000 20 15 39
317000 20 15 39
318000 20 15 39
319000 20 15 39
320000 20 15 39
321000 21 14 39
322000 21 14 39
323000 21 14 39
324000 20 15 40
325000 20 15 40
326000 21 14 40
327000 21 14 40
328000 21 14 40
329000 21 14 40
330000 21 14 40
331000 22 13 40
332000 21 14 40
333000 20 15 40
334000 20 15 40
335000 20 15 40
336000 20 15 40
337000 20 15 40
338000 20 15 40
339000 20 15 40
340000 20 15 40
341000 20 15 40
342000 20 15 40
343000 20 15 40
344000 20 15 40
345000 20 15 40
346000 19 15 40
347000 19 15 40
348000 19 15 40
349000 19 15 40
350000 19 15 40
351000 19 15 40
352000 19 15 40
353000 19 15 40
354000 19 15 40
355000 19 15 40
356000 19 15 40
357000 19 15 40
358000 19 15 40
359000 19 15 40
360000 19 15 40
361000 19 15 40
362000 19 15 40
363000 19 15 40
364000 20 15 40
365000 20 15 40
366000 20 15 40
367000 20 15 40
368000 20 15 40
369000 20 15 40
370000 20 15 40
371000 21 14 40
372000 20 15 40
373000 20 15 40
374000 20 15 40
375000 20 15 40
376000 20 15 40
377000 20 15 40
378000 20 15 40
379000 20 15 40
380000 21 14 40
381000 20 15 40
382000 20 15 40
383000 21 14 40
384000 21 14 40
385000 21 14 40
386000 21 14 40
387000 21 14 40
388000 21 14 40
389000 21 14 40
390000 21 14 40
391000 21 14 40
392000 21 14 40
393000 21 14 40
394000 21 14 40
395000 21 14 40
396000 21 14 40
397000 21 14 40
398000 21 14 40
399000 21 14 40
400000 21 14 40
401000 21 14 40
402000 21 14 40
403000 21 14 40
404000 21 14 40
405000 21 14 40
406000 21 14 40
407000 21 14 40
408000 21 14 40
409000 21 14 40
410000 21 14 40
411000 21 14 40
412000 21 14 40
413000 21 14 40
414000 21 14 40
415000 21 14 40
416000 21 14 40
417000 21 14 40
418000 21 14 40
419000 21 14 40
420000 21 14 40
421000 21 14 40
422000 21 14 40
423000 21 14 40
424000 21 14 40
425000 22 13 40
426000 22 13 40
427000 22 13 40
428000 21 14 40
429000 21 14 40
430000 21 14 40
431000 21 14 40
432000 21 14 40
433000 21 14 40
434000 21 14 40
435000 20 15 40
436000 20 15 40
437000 20 15 40
438000 20 15 40
439000 20 15 40
440000 19 15 40
441000 19 15 40
442000 19 15 40
443000 19 15 40
444000 18 16 40
445000 18 16 40
446000 18 16 40
447000 18 16 40
448000 18 16 40
449000 18 16 40
450000 19 15 40
451000 18 16 40
452000 18 16 40
453000 18 16 40
454000 18 16 40
455000 18 16 40
456000 18 16 40
457000 18 16 40
458000 19 15 40
459000 19 15 40
460000 19 15 40
461000 19 15 40
462000 19 15 40
463000 19 15 40
464000 19 15 40
465000 19 15 40
466000 20 15 40
467000 20 15 40
468000 20 15 40
469000 20 15 40
470000 20 15 40
471000 20 15 40
472000 20 15 40
473000 19 15 40
474000 19 15 40
475000 19 15 40
476000 20 15 40
477000 20 15 40
478000 20 15 40
479000 20 15 40
480000 20 15 40
481000 20 15 40
482000 19 15 40
483000 19 15 40
484000 18 16 40
485000 18 16 40
486000 18 16 40
487000 18 16 40
488000 18 16 40
489000 18 16 40
490000 18 16 40
491000 18 16 40
492000 18 16 40
493000 18 16 40
494000 18 16 40
495000 18 16 40
496000 18 16 40
497000 18 16 40
498000 18 16 40
499000 18 16 40
500000 18 16 40
501000 18 16 40
502000 18 16 40
503000 18 16 40
504000 19 15 40
505000 19 15 40
506000 19 15 40
507000 19 15 40
508000 18 16 40
509000 18 16 40
510000 18 16 40
511000 18 16 40
512000 18 16 40
513000 18 16 40
514000 19 15 40
515000 19 15 40
516000 19 15 40
517000 19 15 40
518000 19 15 40
519000 19 15 40
520000 19 15 40
521000 19 15 40
522000 19 15 40
523000 19 15 40
524000 19 15 40
525000 19 15 40
526000 19 15 40
527000 19 15 40
528000 19 15 40
529000 19 15 40
530000 19 15 40
531000 19 15 40
532000 19 15 40
533000 19 15 40
534000 19 15 40
535000 19 15 40
536000 19 15 40
537000 19 15 40
538000 18 16 40
539000 18 16 40
540000 18 16 40
541000 18 16 40
542000 18 16 40
543000 18 16 40
544000 18 16 40
545000 18 16 40
546000 18 16 40
547000 18 16 40
548000 18 16 40
549000 18 16 40
550000 18 16 40
551000 18 16 40
552000 18 16 40
553000 18 16 40
554000 18 16 40
555000 18 16 40
556000 18 16 40
557000 18 16 40
558000 19 15 40
559000 19 15 40
560000 19 15 40
561000 19 15 40
562000 19 15 40
563000 19 15 40
564000 19 15 40
565000 19 15 40
566000 19 15 40
567000 19 15 40
568000 19 15 40
569000 19 15 40
570000 19 15 40
571000 19 15 40
572000 19 15 40
573000 19 15 40
574000 19 15 40
575000 19 15 40
576000 19 15 40
577000 19 15 40
578000 19 15 40
579000 19 15 40
580000 20 15 40
581000 20 15 40
582000 20 15 40
583000 21 14 40
584000 21 14 40
585000 21 14 40
586000 21 14 40
587000 21 14 40
588000 21 14 40
589000 21 14 40
590000 21 14 40
591000 22 13 40
592000 21 14 40
593000 21 14 40
594000 21 14 40
595000 20 15 40
596000 20 15 40
597000 20 15 40
598000 20 15 40
599000 19 15 40
600000 19 15 40
601000 19 15 40
602000 19 15 40
603000 19 15 40
604000 19 15 40
605000 19 15 40
606000 19 15 40
607000 19 15 40
608000 19 15 40
609000 19 15 40
610000 19 15 40
611000 19 15 40
612000 19 15 40
613000 19 15 40
614000 19 15 40
615000 20 15 40
616000 20 15 40
617000 19 15 40
618000 19 15 40
619000 18 16 40
620000 19 15 40
621000 19 15 40
622000 19 15 40
623000 19 15 40
624000 19 15 40
625000 19 15 40
626000 19 15 40
627000 19 15 40
628000 19 15 40
629000 19 15 40
630000 19 15 40
631000 19 15 40
632000 19 15 40
633000 19 15 40
634000 18 16 40
635000 18 16 40
636000 18 16 40
637000 18 16 40
638000 18 16 40
639000 18 16 40
640000 18 16 40
641000 18 16 40
642000 18 16 40
643000 17 17 40
644000 17 17 40
645000 17 17 40
646000 17 17 40
647000 17 17 40
648000 17 17 40
649000 17 17 40
650000 17 17 40
651000 17 17 40
652000 17 17 40
653000 17 17 40
654000 17 17 40
655000 17 17 40
656000 17 17 40
657000 17 17 40
658000 16 18 40
659000 16 18 40
660000 16 18 40
661000 16 18 40
662000 16 18 40
663000 16 18 40
664000 16 18 40
665000 16 18 40
666000 16 18 40
667000 16 18 40
668000 16 18 40
669000 16 18 40
670000 16 18 40
671000 16 18 40
672000 16 18 40
673000 16 18 40
674000 16 18 40
675000 16 18 40
676000 16 18 40
677000 16 18 40
678000 16 18 40
679000 16 18 40
680000 16 18 40
681000 16 18 40
682000 16 18 40
683000 16 18 40
684000 16 18 40
685000 16 18 40
686000 16 18 40
687000 16 18 40
688000 16 18 40
689000 16 18 40
690000 16 18 40
691000 16 18 40
692000 16 18 40
693000 16 18 40
694000 16 18 40
695000 16 18 40
696000 16 18 40
697000 16 18 40
698000 16 18 40
699000 17 17 40
700000 17 17 40
701000 16 18 40
702000 16 18 40
703000 16 18 40
704000 16 18 40
705000 16 18 40
706000 16 18 40
707000 16 18 40
708000 16 18 40
709000 16 18 40
710000 16 18 40
711000 16 18 40
712000 16 18 40
713000 16 18 40
714000 16 18 40
715000 16 18 40
716000 16 18 40
717000 16 18 40
718000 16 18 40
719000 16 18 40
720000 16 18 40
721000 16 18 40
722000 16 18 40
723000 16 18 40
724000 16 18 40
725000 16 18 40
726000 16 18 40
727000 16 18 40
728000 16 18 40
729000 16 18 40
730000 16 18 40
731000 16 18 40
732000 16 18 40
733000 16 18 40
734000 16 18 40
735000 16 18 40
736000 16 18 40
737000 16 18 40
738000 16 18 40
739000 16 18 40
740000 16 18 40
741000 16 18 40
742000 16 18 40
743000 16 18 40
744000 16 18 40
745000 16 18 40
746000 16 18 40
747000 16 18 40
748000 16 18 40
749000 16 18 40
750000 16 18 40
751000 16 18 40
752000 16 18 40
753000 16 18 40
754000 16 18 40
755000 16 18 40
756000 16 18 40
757000 16 18 40
758000 16 18 40
759000 16 18 40
760000 16 18 40
761000 17 17 40
762000 17 17 40
763000 17 17 40
764000 17 17 40
765000 17 17 40
766000 17 17 40
767000 17 17 40
768000 17 17 40
769000 17 17 40
770000 17 17 40
771000 17 17 40
772000 17 17 40
773000 17 17 40
774000 17 17 40
775000 17 17 40
776000 17 17 40
777000 17 17 40
778000 17 17 40
779000 17 17 40
780000 17 17 40
781000 17 17 40
782000 16 18 40
783000 16 18 40
784000 16 18 40
785000 16 18 40
786000 16 18 40
787000 16 18 40
788000 16 18 40
789000 16 18 40
790000 16 18 40
791000 16 18 40
792000 16 18 40
793000 16 18 40
794000 16 18 40
795000 16 18 40
796000 16 18 40
797000 16 18 40
798000 16 18 40
799000 16 18 40
800000 16 18 40
801000 16 18 40
802000 16 18 40
803000 16 18 40
804000 16 18 40
805000 16 18 40
806000 16 18 40
807000 16 18 40
808000 16 18 40
809000 16 18 40
810000 16 18 40
811000 16 18 40
812000 16 18 40
813000 16 18 40
814000 16 18 40
815000 16 18 40
816000 16 18 40
817000 16 18 40
818000 16 18 40
819000 16 18 40
820000 16 18 40
821000 16 18 40
822000 16 18 40
823000 16 18 40
824000 16 18 40
825000 17 17 40
826000 17 17 40
827000 17 17 40
828000 17 17 40
829000 17 17 40
830000 17 17 40
831000 17 17 40
832000 17 17 40
833000 17 17 40
834000 17 17 40
835000 17 17 40
836000 16 18 40
837000 16 18 40
838000 16 18 40
839000 16 18 40
840000 16 18 40
841000 16 18 40
842000 16 18 40
843000 16 18 40
844000 16 18 40
845000 16 18 40
846000 16 18 40
847000 16 18 40
848000 16 18 40
849000 16 18 40
850000 16 18 40
851000 16 18 40
852000 16 18 40
853000 16 18 40
854000 16 18 40
855000 16 18 40
856000 16 18 40
857000 16 18 40
858000 16 18 40
859000 16 18 40
860000 16 18 40
861000 16 18 40
862000 16 18 40
863000 16 18 40
864000 16 18 40
865000 16 18 40
866000 16 18 40
867000 16 18 40
868000 16 18 40
869000 16 18 40
870000 16 18 40
871000 16 18 40
872000 16 18 40
873000 16 18 40
874000 16 18 40
875000 16 18 40
876000 16 18 40
877000 16 18 40
878000 16 18 40
879000 16 18 40
880000 16 18 40
881000 16 18 40
882000 16 18 40
883000 16 18 40
884000 16 18 40
885000 16 18 40
886000 16 18 40
887000 15 20 40
888000 15 20 40
889000 15 20 40
890000 15 20 40
891000 15 20 40
892000 15 20 40
893000 15 20 40
894000 15 20 40
895000 15 20 40
896000 15 20 40
897000 15 20 40
898000 15 20 40
899000 15 20 40
900000 15 20 40
901000 15 20 40
902000 15 20 40
903000 15 20 40
904000 15 20 40
905000 15 20 40
906000 15 20 40
907000 15 20 40
908000 15 20 40
909000 15 20 40
910000 15 20 40
911000 15 20 40
912000 15 20 40
913000 15 20 40
914000 15 20 40
915000 15 20 40
916000 16 18 40
917000 16 18 40
918000 16 18 40
919000 16 18 40
920000 16 18 40
921000 16 18 40
922000 16 18 40
923000 16 18 40
924000 16 18 40
925000 17 17 40
926000 16 18 40
927000 16 18 40
928000 16 18 40
929000 16 18 40
930000 16 18 40
931000 16 18 40
932000 16 18 40
933000 16 18 40
934000 16 18 40
935000 16 18 40
936000 16 18 40
937000 16 18 40
938000 16 18 40
939000 16 18 40
940000 16 18 40
941000 16 18 40
942000 16 18 40
943000 16 18 40
944000 16 18 40
945000 16 18 40
946000 16 18 40
947000 16 18 40
948000 17 17 40
949000 17 17 40
950000 16 18 40
951000 16 18 40
952000 16 18 40
953000 16 18 40
954000 16 18 40
955000 16 18 40
956000 16 18 40
957000 16 18 40
958000 16 18 40
959000 16 18 40
960000 16 18 40
961000 16 18 40
962000 16 18 40
963000 16 18 40
964000 16 18 40
965000 16 18 40
966000 16 18 40
967000 16 18 40
968000 16 18 40
969000 16 18 40
970000 16 18 40
971000 16 18 40
972000 16 18 40
973000 16 18 40
974000 16 18 40
975000 16 18 40
976000 16 18 40
977000 16 18 40
978000 16 18 40
979000 16 18 40
980000 16 18 40
981000 16 18 40
982000 16 18 40
983000 16 18 40
984000 15 20 41
985000 15 20 41
986000 15 20 41
987000 15 20 41
988000 15 20 41
989000 15 20 41
990000 15 20 41
991000 15 20 41
992000 15 20 41
993000 15 20 41
994000 15 20 41
995000 15 20 41
996000 15 20 41
997000 15 20 41
998000 15 20 41
999000 15 20 41
1000000 15 20 41
