# Timesteps, No of clusters, Mean cluster size, Size largest cluster, No clusters size 1, No proteins bound to type 2 poly
0 278 1.07914 3 258 97
5000 170 1.76471 10 107 184
10000 144 2.08333 11 88 204
15000 104 2.88462 15 53 226
20000 84 3.57143 16 34 239
25000 72 4.16667 16 29 243
30000 62 4.83871 16 21 253
35000 54 5.55556 18 14 254
40000 45 6.66667 20 7 259
45000 43 6.97674 28 7 257
50000 42 7.14286 32 8 257
55000 41 7.31707 32 7 259
60000 38 7.89474 32 6 263
65000 35 8.57143 32 3 271
70000 32 9.37500 32 3 269
75000 32 9.37500 32 3 274
80000 32 9.37500 32 3 273
85000 31 9.67742 32 2 275
90000 31 9.67742 32 2 280
95000 30 10.00000 32 1 281
100000 30 10.00000 32 1 276
105000 30 10.00000 32 1 273
110000 27 11.11111 32 0 277
115000 28 10.71429 32 0 270
120000 28 10.71429 32 0 281
125000 27 11.11111 32 2 274
130000 27 11.11111 32 2 278
135000 27 11.11111 32 2 272
140000 26 11.53846 32 2 273
145000 25 12.00000 32 1 273
150000 24 12.50000 32 1 277
155000 24 12.50000 32 1 275
160000 25 12.00000 32 3 274
165000 24 12.50000 33 2 271
170000 24 12.50000 33 2 279
175000 24 12.50000 33 2 275
180000 24 12.50000 33 2 275
185000 24 12.50000 33 2 275
190000 24 12.50000 33 2 276
195000 24 12.50000 33 2 276
200000 24 12.50000 33 2 277
205000 24 12.50000 33 2 272
210000 23 13.04348 33 1 274
215000 23 13.04348 33 1 273
220000 23 13.04348 33 1 282
225000 23 13.04348 33 1 278
230000 23 13.04348 33 1 276
235000 23 13.04348 33 1 275
240000 23 13.04348 33 1 271
245000 23 13.04348 33 1 271
250000 23 13.04348 33 1 271
255000 23 13.04348 33 1 271
260000 23 13.04348 33 1 277
265000 21 14.28571 33 0 285
270000 21 14.28571 33 0 289
275000 21 14.28571 33 0 290
280000 20 15.00000 33 0 290
285000 20 15.00000 33 0 289
290000 20 15.00000 33 0 294
295000 21 14.28571 33 1 294
300000 21 14.28571 33 1 293
305000 21 14.28571 33 1 288
310000 21 14.28571 33 1 293
315000 21 14.28571 33 1 289
320000 21 14.28571 33 1 294
325000 20 15.00000 33 1 292
330000 20 15.00000 33 1 295
335000 21 14.28571 33 2 293
340000 20 15.00000 33 1 291
345000 20 15.00000 33 1 291
350000 19 15.78947 33 0 291
355000 19 15.78947 33 0 294
360000 20 15.00000 33 2 296
365000 19 15.78947 33 2 295
370000 18 16.66667 33 1 295
375000 18 16.66667 33 1 294
380000 18 16.66667 33 1 294
385000 18 16.66667 33 1 295
390000 18 16.66667 33 1 292
395000 18 16.66667 33 1 295
400000 18 16.66667 33 1 294
405000 18 16.66667 33 1 293
410000 18 16.66667 33 1 292
415000 18 16.66667 33 1 289
420000 16 18.75000 36 0 295
425000 16 18.75000 36 0 292
430000 16 18.75000 36 0 292
435000 16 18.75000 36 0 297
440000 16 18.75000 36 0 291
445000 16 18.75000 36 0 293
450000 16 18.75000 36 0 292
455000 16 18.75000 36 0 293
460000 16 18.75000 36 0 291
465000 16 18.75000 36 0 295
470000 16 18.75000 36 0 292
475000 16 18.75000 36 0 297
480000 16 18.75000 36 0 292
485000 16 18.75000 36 0 291
490000 16 18.75000 36 0 293
495000 16 18.75000 36 0 297
500000 16 18.75000 36 0 296
505000 16 18.75000 36 0 294
510000 16 18.75000 36 0 297
515000 16 18.75000 36 0 292
520000 16 18.75000 36 0 291
525000 16 18.75000 36 0 297
530000 16 18.75000 36 0 296
535000 16 18.75000 36 0 291
540000 16 18.75000 36 0 296
545000 16 18.75000 36 0 294
550000 16 18.75000 36 0 296
555000 16 18.75000 36 0 295
560000 17 17.64706 36 1 292
565000 17 17.64706 36 1 295
570000 17 17.64706 36 1 293
575000 17 17.64706 36 1 289
580000 17 17.64706 36 1 298
585000 17 17.64706 36 1 295
590000 17 17.64706 36 1 294
595000 17 17.64706 36 1 294
600000 17 17.64706 36 1 287
605000 16 18.75000 36 0 290
610000 16 18.75000 36 0 293
615000 16 18.75000 36 0 289
620000 16 18.75000 36 0 289
625000 16 18.75000 36 0 290
630000 16 18.75000 36 0 292
635000 16 18.75000 36 0 293
640000 15 20.00000 52 0 293
645000 16 18.75000 36 0 291
650000 15 20.00000 36 0 293
655000 14 21.42857 52 0 295
660000 14 21.42857 52 0 294
665000 14 21.42857 52 0 291
670000 14 21.42857 52 0 289
675000 14 21.42857 52 0 292
680000 14 21.42857 52 0 296
685000 14 21.42857 52 0 294
690000 14 21.42857 52 0 293
695000 14 21.42857 52 0 293
700000 15 20.00000 52 1 295
705000 15 20.00000 52 1 295
710000 15 20.00000 52 1 295
715000 14 21.42857 52 0 294
720000 14 21.42857 52 0 296
725000 14 21.42857 52 0 295
730000 14 21.42857 52 0 294
735000 14 21.42857 52 0 297
740000 14 21.42857 52 0 297
745000 14 21.42857 52 0 296
750000 14 21.42857 52 0 295
755000 14 21.42857 52 0 297
760000 14 21.42857 52 0 296
765000 14 21.42857 52 0 298
770000 14 21.42857 52 0 297
775000 14 21.42857 52 0 298
780000 14 21.42857 52 0 297
785000 14 21.42857 52 0 297
790000 14 21.42857 52 0 297
795000 14 21.42857 52 0 297
800000 14 21.42857 52 0 297
805000 14 21.42857 52 0 299
810000 14 21.42857 52 0 298
815000 14 21.42857 52 0 299
820000 14 21.42857 52 0 297
825000 14 21.42857 52 0 295
830000 14 21.42857 52 0 297
835000 14 21.42857 52 0 297
840000 14 21.42857 52 0 297
845000 14 21.42857 52 0 297
850000 14 21.42857 52 0 296
855000 14 21.42857 52 0 296
860000 14 21.42857 52 0 298
865000 14 21.42857 52 0 298
870000 14 21.42857 52 0 298
875000 14 21.42857 52 0 296
880000 14 21.42857 52 0 298
885000 14 21.42857 52 0 296
890000 14 21.42857 52 0 297
895000 14 21.42857 52 0 296
900000 14 21.42857 52 0 297
905000 14 21.42857 52 0 296
910000 14 21.42857 52 0 297
915000 14 21.42857 52 0 298
920000 13 23.07692 79 0 298
925000 13 23.07692 79 0 298
930000 13 23.07692 79 0 298
935000 13 23.07692 79 0 298
940000 13 23.07692 79 0 299
945000 13 23.07692 79 0 298
950000 13 23.07692 79 0 297
955000 13 23.07692 79 0 299
960000 13 23.07692 79 0 298
965000 13 23.07692 79 0 298
970000 13 23.07692 79 0 300
975000 13 23.07692 79 0 298
980000 13 23.07692 79 0 298
985000 13 23.07692 79 0 296
990000 13 23.07692 79 0 298
995000 13 23.07692 79 0 299
1000000 13 23.07692 79 0 297
1005000 13 23.07692 79 0 299
1010000 13 23.07692 79 0 299
1015000 13 23.07692 79 0 300
1020000 13 23.07692 79 0 298
1025000 13 23.07692 79 0 299
1030000 13 23.07692 79 0 298
1035000 13 23.07692 79 0 297
1040000 13 23.07692 79 0 297
1045000 13 23.07692 79 0 298
1050000 13 23.07692 79 0 298
1055000 13 23.07692 79 0 297
1060000 13 23.07692 79 0 299
1065000 13 23.07692 79 0 299
1070000 13 23.07692 79 0 300
1075000 13 23.07692 79 0 300
1080000 13 23.07692 79 0 299
1085000 13 23.07692 79 0 299
1090000 13 23.07692 79 0 299
1095000 13 23.07692 79 0 300
1100000 12 25.00000 79 0 298
1105000 12 25.00000 79 0 297
1110000 12 25.00000 79 0 297
1115000 12 25.00000 79 0 298
1120000 12 25.00000 79 0 299
1125000 12 25.00000 79 0 300
1130000 12 25.00000 79 0 299
1135000 12 25.00000 79 0 299
1140000 12 25.00000 79 0 299
1145000 12 25.00000 79 0 299
1150000 12 25.00000 79 0 298
1155000 11 27.27273 79 0 299
1160000 12 25.00000 79 0 297
1165000 12 25.00000 79 0 297
1170000 12 25.00000 79 0 300
1175000 12 25.00000 79 0 299
1180000 12 25.00000 79 0 298
1185000 12 25.00000 79 0 298
1190000 12 25.00000 79 0 298
1195000 12 25.00000 79 0 297
1200000 12 25.00000 79 0 300
1205000 12 25.00000 79 0 298
1210000 12 25.00000 79 0 298
1215000 12 25.00000 79 0 300
1220000 12 25.00000 79 0 299
1225000 12 25.00000 79 0 300
1230000 12 25.00000 79 0 300
1235000 12 25.00000 79 0 300
1240000 12 25.00000 79 0 300
1245000 12 25.00000 79 0 300
1250000 12 25.00000 79 0 299
1255000 12 25.00000 79 0 298
1260000 12 25.00000 79 0 298
1265000 12 25.00000 79 0 298
1270000 12 25.00000 79 0 300
1275000 12 25.00000 79 0 300
1280000 12 25.00000 79 0 300
1285000 12 25.00000 79 0 300
1290000 12 25.00000 79 0 300
1295000 12 25.00000 79 0 299
1300000 12 25.00000 79 0 299
1305000 12 25.00000 79 0 299
1310000 12 25.00000 79 0 298
1315000 12 25.00000 79 0 299
1320000 12 25.00000 79 0 299
1325000 12 25.00000 79 0 300
1330000 12 25.00000 79 0 300
1335000 12 25.00000 79 0 300
1340000 12 25.00000 79 0 298
1345000 12 25.00000 79 0 299
1350000 12 25.00000 79 0 300
1355000 12 25.00000 79 0 298
1360000 12 25.00000 79 0 300
1365000 12 25.00000 79 0 300
1370000 12 25.00000 79 0 299
1375000 12 25.00000 79 0 300
1380000 12 25.00000 79 0 298
1385000 12 25.00000 79 0 299
1390000 12 25.00000 79 0 299
1395000 12 25.00000 79 0 299
1400000 12 25.00000 79 0 299
1405000 12 25.00000 79 0 299
1410000 12 25.00000 79 0 300
1415000 12 25.00000 79 0 300
1420000 12 25.00000 79 0 300
1425000 12 25.00000 79 0 300
1430000 12 25.00000 79 0 300
1435000 12 25.00000 79 0 300
1440000 12 25.00000 79 0 298
1445000 12 25.00000 79 0 299
1450000 12 25.00000 79 0 299
1455000 12 25.00000 79 0 299
1460000 12 25.00000 79 0 298
1465000 12 25.00000 79 0 300
1470000 12 25.00000 79 0 300
1475000 12 25.00000 79 0 299
1480000 12 25.00000 79 0 298
1485000 12 25.00000 79 0 298
1490000 12 25.00000 79 0 298
1495000 12 25.00000 79 0 300
1500000 12 25.00000 79 0 298
1505000 12 25.00000 79 0 299
1510000 12 25.00000 79 0 298
1515000 12 25.00000 79 0 298
1520000 12 25.00000 79 0 299
1525000 12 25.00000 79 0 299
1530000 12 25.00000 79 0 299
1535000 12 25.00000 79 0 300
1540000 12 25.00000 79 0 299
1545000 12 25.00000 79 0 300
1550000 12 25.00000 79 0 299
1555000 12 25.00000 79 0 299
1560000 12 25.00000 79 0 300
1565000 12 25.00000 79 0 300
1570000 12 25.00000 79 0 300
1575000 12 25.00000 79 0 299
1580000 12 25.00000 79 0 299
1585000 12 25.00000 79 0 300
1590000 12 25.00000 79 0 300
1595000 12 25.00000 79 0 299
1600000 11 27.27273 79 0 300
1605000 11 27.27273 79 0 299
1610000 11 27.27273 79 0 300
1615000 10 30.00000 79 0 298
1620000 10 30.00000 79 0 298
1625000 10 30.00000 79 0 297
1630000 10 30.00000 79 0 299
1635000 10 30.00000 79 0 300
1640000 10 30.00000 79 0 299
1645000 10 30.00000 79 0 300
1650000 10 30.00000 79 0 300
1655000 10 30.00000 79 0 300
1660000 10 30.00000 79 0 299
1665000 10 30.00000 79 0 299
1670000 10 30.00000 79 0 300
1675000 10 30.00000 79 0 297
1680000 10 30.00000 79 0 299
1685000 10 30.00000 79 0 299
1690000 11 27.27273 79 1 299
1695000 11 27.27273 79 1 299
1700000 11 27.27273 79 1 300
1705000 10 30.00000 79 0 300
1710000 10 30.00000 79 0 300
1715000 10 30.00000 79 0 300
1720000 10 30.00000 79 0 300
1725000 10 30.00000 79 0 300
1730000 10 30.00000 79 0 299
1735000 10 30.00000 79 0 300
1740000 10 30.00000 79 0 300
1745000 10 30.00000 79 0 300
1750000 10 30.00000 79 0 300
1755000 10 30.00000 79 0 300
1760000 10 30.00000 79 0 300
1765000 10 30.00000 79 0 300
1770000 10 30.00000 79 0 300
1775000 10 30.00000 79 0 300
1780000 10 30.00000 79 0 300
1785000 10 30.00000 79 0 300
1790000 10 30.00000 79 0 300
1795000 10 30.00000 79 0 299
1800000 10 30.00000 79 0 300
1805000 10 30.00000 79 0 300
1810000 10 30.00000 79 0 299
1815000 10 30.00000 79 0 299
1820000 10 30.00000 79 0 300
1825000 10 30.00000 79 0 300
1830000 10 30.00000 79 0 300
1835000 10 30.00000 79 0 300
1840000 10 30.00000 79 0 299
1845000 10 30.00000 79 0 299
1850000 10 30.00000 79 0 299
1855000 10 30.00000 79 0 300
1860000 10 30.00000 79 0 299
1865000 10 30.00000 79 0 298
1870000 10 30.00000 79 0 297
1875000 10 30.00000 79 0 300
1880000 10 30.00000 79 0 300
1885000 10 30.00000 79 0 300
1890000 10 30.00000 79 0 300
1895000 10 30.00000 79 0 300
1900000 10 30.00000 79 0 300
1905000 10 30.00000 79 0 300
1910000 10 30.00000 79 0 299
1915000 10 30.00000 79 0 299
1920000 10 30.00000 79 0 300
1925000 10 30.00000 79 0 300
1930000 10 30.00000 79 0 300
1935000 10 30.00000 79 0 300
1940000 10 30.00000 79 0 299
1945000 10 30.00000 79 0 299
1950000 10 30.00000 79 0 300
1955000 10 30.00000 79 0 300
1960000 10 30.00000 79 0 300
1965000 10 30.00000 79 0 300
1970000 10 30.00000 79 0 300
1975000 10 30.00000 79 0 300
1980000 10 30.00000 79 0 300
1985000 10 30.00000 79 0 300
1990000 10 30.00000 79 0 300
1995000 10 30.00000 79 0 299
2000000 10 30.00000 79 0 298
