# Timesteps, List of cluster sizes
1000000: [10, 41, 15, 18, 6, 16, 34, 20, 30, 37, 10, 13, 26, 10, 14]
1005000: [10, 41, 15, 18, 6, 16, 34, 20, 30, 37, 10, 13, 26, 10, 14]
1010000: [10, 41, 15, 18, 6, 16, 34, 20, 30, 37, 10, 13, 26, 10, 14]
1015000: [10, 41, 15, 18, 6, 16, 34, 20, 30, 37, 10, 13, 26, 10, 14]
1020000: [10, 41, 15, 18, 6, 16, 34, 20, 30, 37, 10, 13, 26, 10, 14]
1025000: [10, 41, 15, 18, 6, 16, 34, 20, 30, 37, 10, 13, 26, 10, 14]
1030000: [10, 41, 15, 18, 6, 16, 34, 20, 30, 37, 10, 13, 26, 10, 13]
1035000: [10, 41, 15, 18, 6, 16, 34, 20, 30, 37, 10, 13, 26, 10, 13]
1040000: [10, 41, 15, 18, 6, 16, 34, 20, 30, 37, 10, 13, 26, 10, 13]
1045000: [10, 41, 15, 18, 6, 16, 34, 20, 30, 37, 10, 13, 26, 10, 13]
1050000: [10, 41, 15, 18, 6, 16, 34, 20, 30, 37, 10, 13, 26, 10, 13]
1055000: [10, 41, 15, 18, 6, 16, 34, 20, 30, 37, 10, 13, 26, 10, 13]
1060000: [10, 41, 15, 18, 6, 16, 34, 20, 30, 37, 10, 13, 26, 10, 13]
1065000: [10, 41, 15, 18, 6, 16, 34, 20, 30, 37, 10, 13, 26, 10, 13]
1070000: [10, 41, 15, 18, 6, 16, 34, 20, 30, 37, 10, 13, 26, 10, 13]
1075000: [10, 41, 15, 18, 6, 16, 34, 20, 30, 37, 10, 13, 26, 10, 13]
1080000: [10, 41, 15, 18, 6, 16, 34, 20, 30, 37, 10, 13, 26, 10, 13]
1085000: [10, 41, 15, 18, 6, 16, 34, 20, 30, 37, 10, 13, 26, 10, 13]
1090000: [10, 41, 15, 18, 6, 16, 34, 20, 30, 37, 10, 13, 26, 10, 13]
1095000: [10, 41, 15, 18, 6, 16, 34, 20, 30, 37, 10, 13, 26, 10, 13]
1100000: [10, 41, 15, 18, 6, 16, 34, 20, 30, 37, 10, 13, 26, 10, 12]
1105000: [10, 41, 15, 18, 6, 16, 34, 20, 30, 37, 10, 13, 26, 10, 12]
1110000: [10, 41, 15, 18, 6, 16, 34, 20, 30, 37, 10, 13, 26, 10, 12]
1115000: [10, 41, 15, 18, 6, 16, 34, 20, 30, 37, 10, 13, 26, 10, 12]
1120000: [10, 41, 16, 18, 6, 16, 34, 20, 30, 37, 10, 13, 26, 10, 12]
1125000: [10, 41, 16, 18, 6, 16, 34, 20, 30, 37, 10, 13, 26, 10, 12]
1130000: [10, 41, 16, 18, 6, 16, 34, 20, 30, 37, 10, 13, 26, 9, 12]
1135000: [10, 41, 16, 18, 6, 16, 34, 20, 30, 37, 10, 13, 26, 9, 12]
1140000: [10, 41, 16, 18, 6, 16, 34, 20, 30, 37, 10, 13, 26, 9, 12]
1145000: [10, 41, 16, 18, 6, 17, 34, 20, 30, 37, 10, 13, 26, 9, 12]
1150000: [10, 41, 16, 18, 6, 17, 34, 20, 30, 37, 10, 13, 26, 9, 12]
1155000: [10, 41, 16, 18, 6, 17, 34, 20, 30, 37, 10, 13, 26, 9, 12]
1160000: [10, 41, 16, 18, 6, 17, 34, 20, 30, 37, 10, 13, 26, 10, 12]
1165000: [10, 41, 16, 18, 6, 17, 34, 20, 30, 37, 10, 13, 26, 10, 12]
1170000: [10, 41, 16, 18, 6, 17, 34, 20, 30, 37, 10, 13, 26, 10, 12]
1175000: [10, 41, 16, 18, 6, 17, 34, 20, 30, 37, 10, 13, 26, 10, 12]
1180000: [10, 41, 16, 18, 6, 17, 34, 20, 30, 37, 10, 13, 26, 9, 12]
1185000: [10, 41, 16, 18, 6, 17, 34, 20, 30, 37, 10, 13, 26, 10, 12]
1190000: [10, 41, 16, 18, 6, 17, 34, 20, 30, 37, 10, 13, 26, 10, 12]
1195000: [10, 41, 16, 18, 6, 17, 34, 20, 30, 37, 10, 13, 26, 10, 12]
1200000: [10, 41, 16, 18, 6, 17, 34, 20, 30, 37, 10, 13, 26, 10, 12]
1205000: [10, 41, 16, 18, 6, 17, 34, 20, 30, 37, 10, 13, 26, 10, 12]
1210000: [10, 41, 16, 18, 6, 17, 34, 20, 30, 37, 10, 13, 26, 10, 12]
1215000: [10, 41, 16, 18, 6, 17, 34, 20, 30, 37, 10, 13, 26, 10, 12]
1220000: [10, 41, 16, 18, 6, 17, 34, 20, 30, 37, 10, 13, 26, 10, 12]
1225000: [10, 41, 16, 18, 6, 17, 34, 20, 30, 37, 10, 13, 26, 10, 12]
1230000: [10, 41, 16, 18, 6, 17, 34, 20, 30, 37, 10, 13, 26, 10, 12]
1235000: [10, 41, 16, 18, 6, 17, 34, 20, 30, 37, 10, 13, 26, 10, 12]
1240000: [10, 41, 16, 18, 6, 17, 34, 20, 30, 37, 10, 13, 26, 10, 12]
1245000: [10, 41, 16, 18, 6, 17, 34, 20, 30, 37, 10, 13, 26, 10, 12]
1250000: [10, 41, 16, 18, 6, 17, 34, 20, 30, 37, 10, 13, 26, 10, 12]
1255000: [10, 41, 16, 18, 43, 17, 34, 20, 30, 10, 13, 26, 10, 12]
1260000: [10, 41, 16, 18, 43, 17, 34, 20, 30, 10, 13, 26, 10, 12]
1265000: [10, 41, 16, 18, 43, 17, 34, 20, 30, 10, 13, 26, 10, 12]
1270000: [10, 41, 16, 18, 43, 17, 34, 20, 30, 10, 13, 26, 10, 12]
1275000: [10, 41, 16, 18, 43, 17, 34, 20, 30, 10, 13, 26, 10, 12]
1280000: [10, 41, 16, 18, 43, 17, 34, 20, 30, 10, 13, 26, 10, 12]
1285000: [10, 41, 16, 18, 43, 17, 34, 20, 30, 10, 13, 26, 10, 12]
1290000: [10, 41, 16, 18, 43, 17, 34, 20, 30, 10, 13, 26, 10, 12]
1295000: [10, 41, 16, 18, 43, 17, 34, 20, 30, 10, 13, 26, 10, 12]
1300000: [10, 41, 16, 18, 43, 17, 34, 20, 30, 10, 13, 26, 10, 12]
1305000: [10, 41, 16, 18, 43, 17, 34, 20, 30, 10, 13, 26, 10, 12]
1310000: [10, 41, 16, 18, 43, 17, 34, 20, 30, 10, 13, 26, 10, 12]
1315000: [10, 41, 16, 18, 43, 17, 34, 20, 30, 10, 13, 26, 10, 12]
1320000: [10, 41, 16, 18, 43, 17, 34, 20, 30, 10, 13, 26, 10, 12]
1325000: [10, 41, 16, 18, 43, 17, 34, 20, 30, 10, 13, 26, 10, 12]
1330000: [10, 41, 16, 18, 43, 17, 34, 20, 30, 10, 13, 26, 10, 12]
1335000: [10, 41, 16, 18, 43, 17, 34, 20, 30, 10, 13, 26, 10, 12]
1340000: [10, 41, 16, 18, 43, 17, 34, 20, 30, 10, 13, 26, 10, 12]
1345000: [10, 41, 16, 18, 43, 17, 34, 20, 30, 10, 13, 26, 10, 12]
1350000: [10, 41, 16, 18, 43, 17, 34, 20, 30, 10, 13, 26, 10, 12]
1355000: [11, 41, 16, 18, 43, 17, 34, 20, 30, 10, 13, 26, 9, 12]
1360000: [11, 41, 16, 18, 43, 17, 34, 20, 30, 10, 13, 26, 9, 12]
1365000: [11, 41, 16, 18, 43, 17, 34, 20, 30, 10, 13, 26, 9, 12]
1370000: [11, 41, 16, 18, 43, 17, 34, 20, 30, 10, 13, 26, 9, 12]
1375000: [11, 41, 16, 18, 43, 17, 34, 20, 30, 10, 13, 26, 9, 12]
1380000: [11, 41, 16, 18, 43, 17, 34, 20, 30, 10, 13, 26, 9, 12]
1385000: [11, 41, 16, 18, 43, 17, 34, 20, 30, 10, 13, 26, 9, 12]
1390000: [11, 41, 16, 18, 43, 17, 34, 20, 30, 10, 13, 26, 9, 12]
1395000: [11, 41, 16, 18, 43, 17, 34, 20, 30, 10, 13, 26, 9, 12]
1400000: [11, 41, 16, 18, 43, 17, 34, 20, 30, 10, 13, 26, 9, 12]
1405000: [11, 41, 16, 18, 43, 17, 34, 20, 30, 10, 13, 26, 9, 12]
1410000: [11, 41, 16, 18, 43, 17, 34, 20, 30, 10, 13, 26, 9, 12]
1415000: [11, 41, 16, 18, 43, 17, 34, 20, 30, 10, 13, 26, 9, 12]
1420000: [11, 41, 16, 18, 43, 17, 34, 20, 30, 10, 13, 26, 9, 12]
1425000: [11, 41, 16, 18, 43, 17, 34, 20, 30, 10, 13, 26, 9, 12]
1430000: [11, 41, 16, 18, 43, 17, 34, 20, 30, 10, 13, 26, 9, 12]
1435000: [11, 41, 16, 18, 43, 17, 34, 20, 30, 10, 13, 26, 9, 12]
1440000: [11, 41, 16, 18, 43, 17, 34, 20, 30, 10, 13, 26, 9, 12]
1445000: [11, 41, 16, 18, 43, 17, 34, 20, 30, 10, 13, 26, 9, 12]
1450000: [11, 41, 16, 18, 43, 17, 34, 20, 30, 10, 13, 26, 9, 12]
1455000: [11, 41, 16, 18, 43, 17, 34, 20, 30, 10, 13, 26, 9, 12]
1460000: [11, 41, 16, 18, 43, 17, 34, 20, 30, 10, 13, 26, 9, 12]
1465000: [11, 41, 16, 18, 43, 17, 34, 20, 30, 10, 13, 26, 9, 12]
1470000: [11, 41, 16, 18, 43, 17, 34, 20, 30, 10, 13, 26, 9, 12]
1475000: [11, 41, 16, 18, 43, 17, 34, 20, 30, 10, 13, 26, 9, 12]
1480000: [11, 41, 16, 18, 43, 17, 34, 20, 30, 10, 13, 26, 9, 12]
1485000: [11, 41, 16, 18, 43, 17, 34, 20, 30, 10, 13, 26, 9, 12]
1490000: [11, 41, 16, 18, 43, 17, 34, 20, 30, 10, 13, 26, 9, 12]
1495000: [11, 41, 16, 18, 43, 17, 34, 20, 30, 10, 13, 26, 9, 12]
1500000: [11, 41, 16, 18, 43, 17, 34, 20, 30, 10, 13, 26, 9, 12]
1505000: [11, 41, 16, 18, 43, 17, 34, 20, 30, 10, 13, 26, 9, 12]
1510000: [11, 41, 16, 18, 43, 17, 34, 20, 30, 10, 13, 26, 9, 12]
1515000: [11, 41, 16, 18, 43, 17, 34, 20, 30, 10, 13, 26, 9, 12]
1520000: [11, 41, 16, 18, 43, 17, 34, 20, 30, 10, 13, 26, 8, 12]
1525000: [11, 41, 16, 18, 43, 17, 34, 20, 30, 10, 13, 26, 8, 12]
1530000: [11, 41, 16, 18, 43, 17, 34, 20, 30, 10, 13, 26, 8, 12]
1535000: [11, 41, 16, 18, 43, 17, 34, 20, 30, 10, 13, 26, 8, 12]
1540000: [11, 41, 16, 18, 43, 17, 34, 20, 30, 10, 13, 26, 8, 12]
1545000: [11, 41, 16, 18, 43, 17, 34, 20, 30, 10, 13, 26, 8, 12]
1550000: [11, 41, 16, 18, 43, 17, 34, 20, 30, 10, 13, 26, 8, 12]
1555000: [11, 41, 16, 18, 43, 17, 34, 20, 30, 10, 13, 26, 8, 12]
1560000: [11, 41, 16, 18, 43, 17, 34, 20, 30, 10, 13, 26, 8, 12]
1565000: [11, 41, 16, 18, 43, 17, 34, 20, 30, 10, 13, 26, 8, 12]
1570000: [11, 41, 16, 18, 43, 17, 34, 20, 30, 10, 13, 26, 8, 12]
1575000: [11, 41, 16, 18, 43, 17, 34, 20, 30, 10, 13, 26, 8, 12]
1580000: [11, 41, 16, 18, 43, 17, 34, 20, 30, 11, 13, 26, 8, 12]
1585000: [11, 41, 16, 18, 43, 17, 34, 20, 30, 11, 13, 26, 8, 12]
1590000: [11, 41, 16, 18, 43, 17, 34, 20, 30, 11, 13, 26, 8, 12]
1595000: [11, 41, 16, 18, 43, 17, 34, 20, 30, 11, 13, 26, 8, 12]
1600000: [11, 41, 16, 18, 77, 17, 20, 30, 11, 13, 26, 8, 12]
1605000: [11, 41, 16, 18, 77, 17, 20, 30, 11, 13, 26, 8, 12]
1610000: [11, 41, 16, 18, 77, 17, 20, 30, 11, 13, 26, 8, 12]
1615000: [11, 41, 16, 18, 77, 17, 20, 30, 11, 13, 26, 8, 12]
1620000: [11, 41, 16, 18, 77, 17, 20, 30, 11, 13, 26, 8, 12]
1625000: [11, 41, 16, 18, 77, 17, 20, 30, 11, 13, 26, 8, 12]
1630000: [11, 41, 16, 18, 77, 17, 20, 30, 11, 13, 26, 8, 12]
1635000: [11, 41, 16, 18, 77, 17, 20, 30, 11, 13, 26, 8, 12]
1640000: [11, 41, 16, 18, 77, 17, 20, 30, 11, 13, 26, 8, 12]
1645000: [11, 41, 16, 18, 77, 17, 20, 30, 11, 13, 26, 8, 12]
1650000: [11, 41, 16, 18, 77, 17, 20, 30, 11, 13, 26, 8, 12]
1655000: [11, 41, 16, 18, 77, 17, 20, 30, 11, 13, 26, 8, 12]
1660000: [11, 41, 16, 18, 77, 17, 20, 30, 11, 13, 26, 8, 12]
1665000: [11, 41, 16, 18, 77, 17, 20, 30, 11, 13, 26, 8, 12]
1670000: [11, 41, 16, 18, 77, 17, 20, 30, 11, 13, 26, 8, 12]
1675000: [11, 41, 16, 18, 77, 17, 20, 30, 11, 13, 26, 8, 12]
1680000: [11, 41, 16, 18, 77, 17, 20, 30, 11, 13, 26, 8, 12]
1685000: [11, 41, 16, 18, 77, 17, 20, 30, 11, 13, 26, 8, 12]
1690000: [11, 41, 16, 18, 77, 17, 20, 30, 11, 13, 26, 8, 12]
1695000: [11, 41, 16, 18, 77, 17, 20, 30, 11, 13, 26, 8, 12]
1700000: [11, 41, 16, 18, 77, 17, 20, 30, 11, 13, 26, 8, 12]
1705000: [11, 41, 16, 18, 77, 17, 20, 30, 11, 13, 26, 8, 12]
1710000: [11, 41, 16, 18, 77, 17, 20, 30, 11, 13, 26, 8, 12]
1715000: [11, 41, 16, 18, 77, 17, 20, 30, 11, 13, 26, 8, 12]
1720000: [11, 41, 16, 18, 77, 17, 20, 30, 11, 13, 26, 8, 12]
1725000: [11, 41, 16, 18, 77, 17, 20, 30, 11, 13, 26, 8, 12]
1730000: [11, 41, 16, 18, 77, 17, 20, 30, 11, 13, 26, 8, 12]
1735000: [11, 41, 16, 18, 77, 17, 20, 30, 11, 13, 26, 8, 12]
1740000: [11, 41, 16, 18, 77, 17, 20, 30, 11, 13, 26, 8, 12]
1745000: [11, 41, 16, 18, 77, 17, 20, 30, 11, 13, 26, 8, 12]
1750000: [11, 41, 16, 18, 77, 17, 20, 30, 11, 13, 26, 8, 12]
1755000: [11, 41, 16, 18, 77, 17, 20, 30, 11, 13, 26, 8, 12]
1760000: [11, 41, 16, 18, 77, 17, 20, 30, 11, 13, 26, 8, 12]
1765000: [11, 41, 16, 18, 77, 17, 20, 30, 11, 13, 26, 8, 12]
1770000: [11, 41, 16, 18, 77, 17, 20, 30, 11, 13, 26, 8, 12]
1775000: [11, 41, 16, 18, 77, 17, 20, 30, 11, 13, 26, 8, 12]
1780000: [11, 41, 16, 18, 77, 17, 20, 30, 11, 13, 26, 8, 12]
1785000: [11, 41, 16, 18, 77, 17, 20, 30, 11, 13, 26, 8, 12]
1790000: [11, 41, 16, 18, 77, 17, 20, 30, 11, 13, 26, 8, 12]
1795000: [11, 41, 16, 18, 77, 17, 20, 30, 11, 13, 26, 8, 12]
1800000: [11, 41, 16, 18, 77, 17, 20, 30, 11, 13, 26, 8, 12]
1805000: [11, 41, 16, 18, 77, 17, 20, 30, 11, 13, 26, 8, 12]
1810000: [11, 41, 16, 18, 77, 17, 20, 30, 11, 13, 26, 8, 12]
1815000: [11, 41, 16, 18, 77, 17, 20, 30, 11, 13, 26, 8, 12]
1820000: [11, 41, 16, 18, 77, 17, 20, 30, 11, 13, 26, 8, 12]
1825000: [11, 41, 16, 18, 77, 17, 20, 30, 11, 13, 26, 8, 12]
1830000: [11, 41, 16, 18, 77, 17, 20, 30, 11, 13, 26, 8, 12]
1835000: [11, 41, 16, 18, 77, 17, 20, 30, 11, 13, 26, 8, 12]
1840000: [11, 41, 16, 18, 77, 17, 20, 30, 11, 13, 26, 8, 12]
1845000: [11, 41, 16, 18, 77, 17, 20, 30, 11, 13, 26, 8, 12]
1850000: [11, 41, 16, 18, 77, 17, 20, 30, 11, 13, 26, 8, 12]
1855000: [11, 41, 16, 18, 77, 17, 20, 30, 11, 13, 26, 8, 12]
1860000: [11, 41, 16, 18, 77, 17, 20, 30, 11, 13, 26, 8, 12]
1865000: [11, 41, 16, 18, 77, 17, 20, 30, 11, 13, 26, 8, 12]
1870000: [11, 41, 16, 18, 77, 17, 20, 30, 11, 13, 26, 8, 12]
1875000: [11, 41, 16, 18, 77, 17, 33, 30, 11, 26, 8, 12]
1880000: [11, 41, 16, 18, 77, 17, 33, 30, 11, 26, 8, 12]
1885000: [11, 41, 16, 18, 77, 17, 33, 30, 11, 26, 8, 12]
1890000: [11, 41, 16, 18, 77, 17, 33, 30, 11, 26, 8, 12]
1895000: [11, 41, 16, 18, 77, 17, 33, 30, 11, 26, 8, 12]
1900000: [11, 41, 16, 18, 77, 17, 33, 30, 11, 26, 8, 12]
1905000: [11, 41, 16, 18, 77, 17, 33, 30, 11, 26, 8, 12]
1910000: [11, 41, 16, 18, 77, 17, 33, 30, 11, 26, 8, 12]
1915000: [11, 41, 16, 18, 77, 17, 33, 30, 11, 26, 8, 12]
1920000: [11, 41, 16, 18, 77, 17, 33, 30, 11, 26, 8, 12]
1925000: [11, 41, 16, 18, 77, 17, 33, 30, 11, 26, 8, 12]
1930000: [11, 41, 16, 18, 77, 17, 33, 30, 11, 26, 8, 12]
1935000: [11, 41, 16, 18, 77, 17, 33, 30, 11, 26, 8, 12]
1940000: [11, 41, 16, 18, 77, 17, 33, 30, 11, 26, 8, 12]
1945000: [11, 41, 16, 18, 77, 17, 33, 30, 11, 26, 8, 12]
1950000: [11, 41, 16, 18, 77, 17, 33, 30, 11, 26, 8, 12]
1955000: [11, 41, 16, 18, 77, 17, 33, 30, 11, 26, 8, 12]
1960000: [11, 41, 16, 18, 77, 17, 33, 30, 11, 26, 8, 12]
1965000: [11, 41, 16, 18, 77, 17, 33, 30, 11, 26, 8, 12]
1970000: [11, 41, 16, 18, 77, 17, 33, 30, 11, 26, 8, 12]
1975000: [11, 41, 16, 18, 77, 17, 33, 30, 11, 26, 8, 12]
1980000: [11, 41, 16, 18, 77, 17, 33, 30, 11, 26, 8, 12]
1985000: [11, 41, 16, 18, 77, 17, 33, 30, 11, 26, 8, 12]
1990000: [11, 41, 16, 18, 77, 17, 33, 30, 11, 26, 8, 12]
1995000: [11, 41, 16, 18, 77, 17, 33, 30, 11, 26, 8, 12]
2000000: [11, 41, 16, 18, 77, 17, 33, 30, 11, 26, 8, 12]
