# Timesteps, List of cluster sizes
1000000: [29, 15, 9, 18, 8, 3, 10, 14, 12, 18, 11, 12, 8, 2, 3, 3, 2, 2]
1005000: [30, 14, 10, 20, 2, 7, 4, 9, 12, 14, 17, 10, 12, 2, 7, 2, 2, 2]
1010000: [27, 13, 14, 18, 10, 18, 6, 9, 15, 11, 11, 2, 2, 7, 2, 2, 3, 2]
1015000: [27, 2, 12, 15, 19, 13, 21, 5, 5, 11, 2, 15, 11, 9, 2, 6, 2, 2, 2, 2, 2, 2, 2]
1020000: [26, 11, 17, 19, 9, 20, 6, 13, 2, 2, 2, 12, 2, 11, 8, 2, 10, 3, 5, 2]
1025000: [26, 11, 17, 19, 9, 2, 21, 6, 12, 13, 11, 8, 10, 2, 2, 4]
1030000: [26, 17, 19, 8, 22, 6, 5, 13, 13, 2, 12, 11, 8, 9, 2, 2, 2]
1035000: [27, 17, 20, 8, 21, 6, 2, 4, 11, 13, 14, 11, 8, 2, 2, 8, 2, 2, 3, 2, 2]
1040000: [29, 18, 18, 8, 22, 6, 4, 2, 10, 12, 13, 11, 9, 2, 8, 2]
1045000: [29, 18, 18, 9, 22, 6, 5, 10, 12, 12, 11, 10, 7, 2, 2, 2, 2, 2]
1050000: [29, 14, 17, 18, 9, 19, 6, 3, 6, 10, 12, 10, 13, 9, 2, 2]
1055000: [29, 23, 12, 17, 17, 7, 5, 10, 9, 2, 12, 11, 12, 2, 8, 2, 2]
1060000: [28, 12, 17, 17, 24, 9, 10, 9, 12, 2, 12, 11, 7, 5, 2]
1065000: [29, 12, 16, 17, 8, 23, 7, 9, 9, 12, 11, 2, 2, 12, 5, 3, 2, 2, 2]
1070000: [27, 13, 17, 19, 8, 20, 6, 2, 9, 2, 9, 13, 13, 2, 11, 2, 4, 2, 2, 3, 3]
1075000: [27, 13, 15, 19, 12, 21, 6, 3, 10, 9, 17, 11, 10, 4, 2]
1080000: [27, 15, 20, 11, 21, 7, 9, 11, 18, 12, 9, 4, 10, 2, 2]
1085000: [27, 14, 19, 12, 21, 7, 8, 11, 18, 14, 9, 5, 11, 2]
1090000: [26, 13, 20, 11, 20, 7, 8, 12, 16, 12, 9, 5, 10, 2, 2, 2]
1095000: [26, 15, 20, 10, 19, 6, 9, 11, 15, 11, 10, 4, 10, 2]
1100000: [26, 8, 12, 20, 12, 19, 11, 12, 11, 15, 5, 10, 8, 2, 2, 2]
1105000: [26, 8, 13, 21, 13, 22, 11, 12, 10, 14, 4, 2, 12, 2, 9, 2, 2, 2, 2, 2]
1110000: [26, 8, 13, 14, 23, 13, 21, 10, 10, 13, 4, 11, 10, 2, 2, 2]
1115000: [26, 6, 14, 15, 22, 13, 21, 9, 2, 10, 14, 4, 11, 2, 11, 2, 2, 2]
1120000: [27, 15, 14, 20, 13, 21, 7, 9, 10, 15, 4, 11, 10, 2, 2, 2]
1125000: [25, 13, 14, 18, 11, 21, 2, 6, 2, 9, 11, 14, 4, 2, 11, 9, 2]
1130000: [25, 13, 17, 20, 11, 7, 11, 2, 9, 19, 13, 5, 11, 7, 2, 2, 2, 2, 2, 2, 2]
1135000: [26, 12, 18, 21, 11, 11, 2, 10, 19, 13, 12, 2, 7, 4, 5, 2, 2, 2, 2]
1140000: [27, 15, 19, 12, 13, 11, 21, 18, 12, 6, 12, 8, 2, 2, 5, 2, 2, 2, 2, 2]
1145000: [27, 13, 21, 11, 2, 11, 15, 18, 10, 2, 14, 12, 6, 8, 4]
1150000: [27, 12, 2, 21, 13, 13, 9, 15, 2, 18, 11, 11, 4, 6, 8, 2, 4, 2, 2, 2]
1155000: [26, 2, 12, 20, 5, 10, 10, 15, 19, 12, 11, 5, 9, 2, 11, 4]
1160000: [24, 12, 19, 6, 11, 12, 15, 20, 2, 12, 12, 2, 10, 4, 2, 2, 11, 2, 2, 2]
1165000: [24, 2, 12, 19, 14, 6, 12, 13, 15, 22, 2, 12, 9, 5, 2, 11]
1170000: [23, 12, 2, 21, 11, 7, 12, 12, 21, 2, 11, 13, 5, 10, 12, 2, 2]
1175000: [25, 12, 21, 12, 7, 12, 10, 20, 11, 17, 4, 10, 2, 11, 2]
1180000: [26, 12, 21, 11, 6, 13, 12, 20, 2, 9, 15, 9, 2, 11, 2, 2, 2, 3, 2]
1185000: [28, 12, 20, 12, 6, 12, 13, 11, 2, 21, 9, 14, 9, 2, 3]
1190000: [27, 12, 20, 11, 5, 12, 12, 11, 22, 2, 10, 13, 9, 2, 3]
1195000: [11, 18, 2, 11, 5, 12, 25, 2, 10, 10, 2, 20, 10, 13, 8, 4, 2, 2]
1200000: [11, 18, 2, 11, 7, 10, 24, 11, 11, 2, 20, 9, 13, 9, 4, 2, 2]
1205000: [11, 19, 11, 7, 10, 27, 11, 12, 2, 20, 10, 2, 14, 8, 2, 4, 2, 2, 2]
1210000: [2, 11, 21, 27, 12, 7, 11, 11, 13, 2, 20, 10, 15, 8, 4, 2]
1215000: [11, 20, 27, 11, 6, 12, 12, 12, 2, 20, 16, 11, 2, 2, 9, 4, 2]
1220000: [10, 19, 29, 9, 5, 33, 2, 12, 12, 13, 4, 17, 2, 10, 2, 2]
1225000: [9, 20, 30, 14, 8, 6, 30, 12, 11, 7, 16, 10, 2, 2, 2]
1230000: [10, 19, 30, 12, 8, 29, 7, 12, 12, 7, 17, 2, 2, 11, 2, 2, 2, 2]
1235000: [17, 12, 29, 11, 10, 27, 6, 12, 6, 18, 11, 11]
1240000: [20, 12, 27, 10, 10, 29, 6, 12, 13, 2, 5, 18, 11, 3]
1245000: [19, 14, 27, 11, 11, 29, 6, 11, 13, 6, 16, 12, 2, 2, 2]
1250000: [19, 2, 14, 26, 11, 11, 30, 7, 9, 13, 2, 2, 5, 15, 11, 2, 2, 3]
1255000: [18, 14, 26, 12, 12, 30, 7, 8, 2, 13, 6, 2, 15, 13, 2, 2, 2, 2, 2]
1260000: [18, 14, 26, 14, 12, 12, 6, 28, 9, 8, 16, 13, 2, 2, 2]
1265000: [18, 14, 26, 13, 13, 12, 6, 8, 28, 7, 17, 12, 3, 2, 2, 2]
1270000: [19, 14, 9, 28, 14, 13, 12, 8, 26, 2, 18, 6, 12, 2, 2, 2]
1275000: [19, 16, 8, 28, 14, 12, 10, 7, 28, 2, 18, 5, 12, 2, 2, 2, 2]
1280000: [19, 15, 28, 14, 10, 7, 28, 20, 7, 9, 2, 4, 10, 2, 2]
1285000: [19, 15, 28, 13, 8, 11, 30, 22, 7, 4, 10, 2, 2, 6, 2]
1290000: [21, 11, 29, 14, 9, 10, 31, 21, 7, 2, 2, 4, 9, 2, 2, 6]
1295000: [20, 11, 28, 14, 9, 10, 31, 20, 2, 7, 4, 9, 2, 2, 6, 2, 2]
1300000: [21, 11, 29, 15, 11, 9, 30, 19, 7, 7, 4, 9, 3, 2, 2]
1305000: [20, 11, 27, 14, 12, 9, 30, 18, 7, 5, 9, 3, 2, 4, 2, 2, 2, 2]
1310000: [19, 12, 29, 14, 31, 11, 9, 16, 2, 7, 3, 2, 4, 8, 2]
1315000: [21, 13, 28, 13, 32, 11, 10, 15, 7, 4, 9, 4, 2, 2, 2]
1320000: [21, 10, 13, 27, 13, 32, 11, 8, 15, 7, 4, 2, 5, 2, 2, 2, 2]
1325000: [22, 9, 15, 29, 14, 31, 11, 9, 17, 7, 6, 2, 2, 2]
1330000: [14, 22, 28, 13, 31, 10, 9, 16, 9, 3, 6, 4, 2, 8, 2, 2]
1335000: [15, 24, 28, 13, 29, 10, 8, 17, 9, 2, 3, 2, 2, 6, 4, 10, 2]
1340000: [15, 21, 27, 13, 29, 11, 2, 8, 17, 12, 2, 6, 4, 2, 10, 2, 2]
1345000: [14, 10, 19, 26, 14, 29, 9, 18, 8, 2, 3, 7, 10, 2]
1350000: [18, 15, 10, 28, 13, 31, 2, 8, 17, 9, 2, 10, 6, 3, 2, 2]
1355000: [11, 19, 14, 11, 27, 14, 17, 31, 8, 9, 12, 3, 2]
1360000: [13, 19, 13, 11, 28, 13, 2, 16, 30, 2, 9, 2, 2, 2, 6, 12, 2]
1365000: [13, 13, 12, 20, 30, 13, 29, 2, 16, 2, 2, 9, 3, 6, 11, 2, 2, 2, 2]
1370000: [11, 13, 11, 21, 29, 12, 27, 16, 2, 10, 3, 6, 11, 2, 2, 2]
1375000: [9, 16, 11, 21, 29, 12, 28, 17, 10, 2, 9, 5, 6, 2, 2, 2]
1380000: [11, 21, 28, 12, 17, 11, 9, 27, 9, 3, 13, 6, 2, 2, 2]
1385000: [18, 11, 20, 25, 11, 2, 10, 9, 28, 8, 15, 3, 2, 6, 2, 2]
1390000: [27, 19, 21, 12, 10, 31, 9, 9, 8, 7, 12, 5, 2, 2, 2, 2]
1395000: [10, 27, 20, 26, 12, 10, 18, 10, 8, 2, 8, 11, 4, 2, 2, 2]
1400000: [9, 13, 28, 22, 26, 13, 11, 18, 10, 2, 9, 8, 6, 2, 2, 2, 2, 2, 2]
1405000: [10, 27, 20, 25, 14, 11, 2, 17, 10, 12, 2, 8, 7, 7, 2, 2, 2, 2]
1410000: [10, 27, 2, 20, 26, 13, 11, 17, 10, 12, 2, 9, 6, 4, 2, 2]
1415000: [10, 13, 28, 20, 25, 13, 11, 3, 15, 12, 8, 7, 2, 7, 2, 2]
1420000: [10, 14, 29, 13, 20, 27, 12, 17, 2, 2, 8, 7, 2, 5, 10, 2, 3, 2, 2, 2]
1425000: [10, 14, 27, 20, 25, 12, 12, 17, 11, 9, 2, 8, 2, 4, 2]
1430000: [11, 15, 27, 20, 25, 14, 11, 16, 11, 2, 2, 8, 8, 4]
1435000: [11, 13, 28, 26, 19, 15, 11, 15, 9, 2, 2, 9, 8, 5, 2, 2]
1440000: [10, 14, 26, 28, 19, 17, 12, 2, 15, 10, 2, 2, 8, 3, 2, 8, 2, 2, 2, 2, 2]
1445000: [9, 14, 25, 27, 2, 19, 14, 10, 15, 11, 2, 4, 9, 2, 2, 8, 2]
1450000: [9, 15, 27, 26, 18, 14, 11, 2, 16, 12, 2, 2, 4, 10, 2, 8]
1455000: [9, 13, 26, 28, 11, 19, 15, 11, 2, 14, 12, 4, 2, 2, 8]
1460000: [11, 12, 27, 29, 11, 20, 15, 12, 13, 14, 2, 3, 10, 2, 2, 2, 2]
1465000: [11, 13, 27, 30, 13, 21, 11, 14, 12, 13, 2, 8, 2, 2]
1470000: [11, 13, 28, 31, 11, 20, 4, 12, 11, 13, 12, 2, 9, 2, 2, 2, 2]
1475000: [13, 28, 34, 9, 19, 2, 11, 13, 2, 14, 10, 4, 7, 12, 2, 2]
1480000: [13, 29, 30, 9, 19, 2, 12, 13, 2, 16, 11, 4, 11, 2, 10, 2, 2, 2]
1485000: [13, 28, 30, 8, 18, 12, 12, 16, 11, 5, 8, 10, 2]
1490000: [14, 28, 29, 8, 19, 12, 12, 9, 16, 9, 4, 11, 2, 2]
1495000: [16, 28, 28, 9, 20, 12, 16, 2, 11, 9, 2, 2, 3, 8, 11, 2, 2]
1500000: [14, 28, 28, 8, 2, 12, 16, 12, 10, 5, 18, 7, 2, 10]
1505000: [10, 15, 28, 27, 9, 6, 11, 2, 16, 12, 10, 3, 18, 8, 2, 2, 2, 2, 2, 2]
1510000: [11, 15, 28, 27, 10, 11, 16, 11, 9, 4, 19, 10, 2, 2, 2, 2]
1515000: [12, 12, 28, 28, 9, 2, 11, 14, 10, 8, 5, 17, 8, 2, 2, 2]
1520000: [12, 29, 28, 10, 2, 11, 15, 12, 10, 5, 2, 17, 2, 8, 11, 2, 2, 2]
1525000: [14, 28, 29, 10, 12, 15, 11, 10, 5, 2, 2, 18, 2, 8, 2, 11]
1530000: [15, 29, 29, 9, 12, 2, 2, 16, 11, 12, 5, 18, 8, 2, 11, 2, 2, 2, 2]
1535000: [29, 14, 29, 9, 15, 11, 18, 11, 6, 18, 2, 2, 10, 2, 11]
1540000: [14, 27, 30, 2, 2, 11, 10, 17, 10, 5, 3, 18, 13, 2, 11, 12, 2]
1545000: [21, 27, 29, 12, 2, 2, 11, 11, 3, 17, 2, 5, 14, 13, 2, 10, 13, 2]
1550000: [19, 27, 28, 11, 10, 2, 11, 18, 4, 12, 2, 13, 8, 2, 11, 2, 2]
1555000: [19, 29, 27, 12, 5, 10, 17, 12, 2, 9, 12, 8, 11, 2]
1560000: [18, 29, 25, 13, 13, 5, 10, 19, 9, 8, 12, 12, 2]
1565000: [17, 26, 30, 11, 12, 5, 9, 17, 7, 8, 11, 13, 2, 2]
1570000: [18, 26, 29, 12, 11, 6, 9, 2, 16, 9, 8, 12, 2, 12, 2]
1575000: [17, 28, 29, 11, 12, 5, 9, 16, 2, 10, 9, 12, 12]
1580000: [17, 27, 33, 12, 12, 5, 9, 16, 12, 2, 9, 7, 2, 13, 2, 2, 2]
1585000: [21, 28, 30, 10, 11, 4, 11, 15, 10, 9, 8, 2, 13, 2, 2]
1590000: [21, 31, 10, 11, 25, 5, 11, 2, 16, 11, 8, 8, 14, 2]
1595000: [21, 2, 32, 10, 13, 27, 7, 13, 16, 10, 2, 8, 14, 7, 2, 2]
1600000: [20, 32, 10, 13, 27, 6, 12, 16, 11, 2, 8, 14, 7, 2]
1605000: [20, 32, 9, 13, 8, 27, 8, 11, 16, 10, 8, 2, 12, 2, 2, 3, 2, 2]
1610000: [21, 33, 9, 13, 10, 25, 4, 12, 16, 9, 9, 11, 2, 2]
1615000: [23, 33, 10, 15, 8, 25, 5, 13, 10, 17, 11, 2, 13, 2, 2, 2, 2]
1620000: [20, 11, 14, 9, 26, 32, 11, 10, 17, 11, 2, 15, 4, 2, 2, 2]
1625000: [19, 14, 2, 11, 26, 32, 14, 9, 19, 10, 2, 2, 2, 8, 2, 12, 4, 2, 2, 2]
1630000: [21, 11, 12, 25, 33, 6, 11, 8, 18, 11, 8, 13, 2, 2, 2, 2]
1635000: [19, 12, 9, 12, 25, 2, 33, 4, 12, 2, 17, 10, 9, 12, 2, 2, 2]
1640000: [19, 12, 8, 11, 25, 2, 34, 4, 12, 2, 18, 10, 2, 3, 10, 12, 2, 2]
1645000: [19, 8, 12, 11, 26, 2, 34, 11, 20, 9, 2, 9, 12, 2, 3, 2]
1650000: [21, 12, 9, 11, 26, 32, 10, 19, 11, 12, 3, 7]
1655000: [22, 2, 9, 2, 11, 26, 12, 31, 11, 17, 10, 2, 2, 12, 2, 2, 7, 2, 2]
1660000: [21, 10, 10, 28, 13, 11, 30, 16, 8, 2, 2, 12, 10, 2, 3, 2]
1665000: [19, 10, 10, 27, 13, 10, 30, 16, 10, 2, 2, 13, 2, 2, 2, 10, 2, 2, 3, 2, 2]
1670000: [18, 10, 2, 10, 26, 12, 10, 30, 16, 12, 3, 14, 2, 2, 12, 2, 2, 2, 3]
1675000: [17, 10, 10, 15, 10, 27, 28, 19, 2, 11, 14, 4, 10, 2]
1680000: [19, 11, 10, 14, 3, 10, 25, 27, 19, 10, 13, 5, 9, 2]
1685000: [19, 10, 9, 12, 10, 25, 25, 21, 2, 2, 2, 5, 9, 13, 2, 10, 2]
1690000: [19, 11, 12, 11, 25, 10, 29, 20, 5, 9, 11, 11, 2, 2, 2, 2, 2]
1695000: [18, 10, 11, 12, 24, 28, 18, 10, 5, 14, 2, 9, 3, 2, 11, 2]
1700000: [20, 10, 24, 12, 13, 28, 2, 15, 18, 2, 6, 3, 11, 2, 11]
1705000: [18, 9, 24, 12, 14, 26, 15, 18, 7, 2, 4, 2, 10, 2, 2, 10, 2]
1710000: [19, 10, 26, 13, 14, 26, 13, 17, 6, 3, 8, 10, 2, 2]
1715000: [20, 9, 28, 13, 15, 27, 12, 17, 7, 3, 9, 2, 11, 2, 2, 2, 2]
1720000: [19, 10, 28, 11, 2, 13, 26, 2, 2, 18, 7, 5, 11, 8, 2, 11, 2, 2, 2, 2]
1725000: [18, 10, 29, 11, 13, 29, 17, 8, 5, 12, 8, 10, 2, 2]
1730000: [10, 28, 11, 18, 14, 30, 13, 8, 4, 2, 8, 11, 17]
1735000: [10, 28, 11, 20, 14, 29, 12, 10, 5, 9, 8, 14, 2, 2, 2, 2]
1740000: [11, 11, 10, 18, 14, 28, 30, 12, 9, 9, 4, 15]
1745000: [11, 12, 13, 20, 14, 28, 31, 2, 13, 11, 9, 4, 15, 2, 2]
1750000: [11, 13, 20, 12, 28, 29, 13, 15, 10, 9, 4, 16, 2, 2]
1755000: [12, 13, 20, 13, 26, 29, 15, 6, 2, 13, 10, 4, 16, 2, 2, 2]
1760000: [12, 13, 22, 14, 27, 28, 2, 15, 6, 11, 2, 9, 15, 3, 2]
1765000: [11, 10, 20, 14, 26, 28, 14, 2, 7, 11, 8, 2, 2, 15, 3]
1770000: [13, 11, 2, 19, 12, 24, 32, 2, 3, 5, 11, 7, 7, 12, 2, 16, 2, 2, 2, 2]
1775000: [2, 13, 26, 13, 18, 11, 33, 2, 6, 12, 2, 12, 7, 16, 7]
1780000: [14, 26, 2, 19, 13, 12, 32, 2, 13, 4, 18, 2, 12, 7, 2, 2, 7]
1785000: [12, 27, 12, 17, 13, 33, 13, 3, 12, 8, 19, 10, 2]
1790000: [28, 21, 12, 11, 31, 11, 14, 11, 3, 2, 9, 17, 7, 2]
1795000: [2, 27, 18, 19, 11, 13, 32, 12, 14, 12, 2, 9, 2, 2, 8, 2, 3, 2]
1800000: [27, 18, 18, 12, 15, 31, 2, 11, 15, 11, 9, 7, 2, 2, 2]
1805000: [28, 19, 19, 11, 13, 30, 2, 12, 13, 13, 8, 2, 2, 2, 2, 7, 2, 2]
1810000: [8, 27, 18, 20, 10, 11, 28, 12, 2, 12, 14, 7, 2, 2, 2]
1815000: [7, 25, 17, 22, 10, 11, 11, 16, 8, 12, 2, 28, 2, 2, 2]
1820000: [7, 26, 18, 21, 9, 10, 10, 3, 15, 8, 11, 27, 2, 2, 2, 2, 2]
1825000: [7, 26, 18, 21, 9, 10, 10, 2, 13, 9, 10, 27, 2, 2, 2, 2, 2]
1830000: [6, 26, 19, 22, 9, 10, 10, 13, 9, 12, 27, 2, 2, 2, 2]
1835000: [26, 16, 21, 9, 2, 9, 2, 14, 7, 12, 9, 29, 3, 3, 5, 2, 2, 2]
1840000: [27, 17, 21, 9, 10, 2, 2, 14, 8, 11, 9, 30, 3, 3, 7, 2]
1845000: [26, 17, 22, 10, 10, 14, 7, 13, 9, 31, 2, 8, 2, 2]
1850000: [27, 19, 11, 18, 9, 2, 15, 7, 2, 12, 30, 9, 12, 2, 2]
1855000: [25, 18, 11, 19, 2, 15, 12, 9, 11, 31, 8, 12, 2, 2, 3]
1860000: [24, 17, 10, 20, 14, 9, 9, 12, 30, 8, 10, 2, 2, 2, 2, 2]
1865000: [31, 3, 26, 16, 10, 20, 14, 9, 2, 9, 12, 8, 10, 2, 2, 2]
1870000: [29, 25, 16, 10, 23, 12, 13, 9, 7, 12, 9, 2, 2, 2]
1875000: [29, 3, 25, 16, 15, 10, 23, 13, 10, 8, 11, 8, 2, 2, 2, 2]
1880000: [29, 25, 17, 14, 9, 23, 13, 11, 9, 11, 9, 2, 2, 2]
1885000: [31, 24, 17, 15, 9, 24, 11, 10, 12, 12, 2, 8, 2, 2, 2]
1890000: [31, 25, 16, 11, 22, 14, 11, 9, 11, 9, 9, 2, 2, 2]
1895000: [27, 26, 18, 23, 12, 12, 11, 2, 12, 11, 8, 9, 2, 2, 2, 2]
1900000: [25, 25, 17, 23, 12, 11, 10, 10, 2, 9, 9, 3, 8, 2]
1905000: [26, 26, 21, 9, 11, 12, 2, 2, 12, 2, 10, 16, 9, 9, 2, 2, 2, 2, 2]
1910000: [25, 11, 28, 22, 11, 12, 12, 13, 16, 9, 2, 9, 2, 2]
1915000: [25, 28, 21, 8, 13, 11, 12, 14, 16, 9, 9, 2, 2]
1920000: [26, 20, 7, 13, 2, 11, 11, 14, 25, 16, 9, 2, 14, 2]
1925000: [27, 2, 7, 13, 10, 11, 14, 24, 17, 7, 18, 12, 2]
1930000: [27, 7, 14, 12, 12, 12, 24, 19, 8, 19, 2, 11, 2, 2, 2, 2]
1935000: [26, 7, 13, 13, 10, 25, 19, 9, 19, 2, 12, 2, 12, 2]
1940000: [27, 6, 2, 12, 12, 13, 25, 16, 9, 17, 12, 14, 2, 4, 2, 2]
1945000: [27, 2, 8, 12, 13, 14, 26, 15, 9, 21, 13, 2, 13]
1950000: [28, 9, 11, 13, 12, 26, 15, 2, 10, 19, 2, 13, 12, 4]
1955000: [29, 2, 10, 10, 2, 14, 11, 26, 17, 9, 18, 13, 11, 2, 2, 2]
1960000: [31, 9, 16, 11, 11, 26, 18, 10, 17, 13, 11, 2, 2, 2]
1965000: [32, 9, 15, 3, 10, 2, 11, 25, 19, 8, 17, 14, 12, 2, 2]
1970000: [30, 10, 16, 12, 13, 9, 26, 2, 18, 2, 17, 15, 2, 11, 2, 2]
1975000: [30, 9, 13, 12, 2, 11, 8, 27, 18, 13, 19, 13, 3, 2, 2]
1980000: [28, 8, 13, 11, 11, 9, 28, 16, 13, 18, 13, 2, 2, 3, 2, 2]
1985000: [28, 2, 9, 15, 9, 12, 9, 25, 2, 17, 13, 19, 12, 2, 2]
1990000: [27, 12, 10, 16, 10, 9, 24, 15, 13, 2, 18, 13, 2, 2]
1995000: [27, 13, 2, 2, 15, 11, 10, 10, 2, 24, 17, 13, 17, 14, 2, 2, 2]
2000000: [27, 14, 16, 2, 9, 11, 2, 10, 2, 24, 15, 10, 2, 17, 11, 2, 2]
