# V2 - Timesteps, No of clusters, Mean cluster size, Size largest cluster, No clusters size 1, No prot bound to poly, Fraction clusters bound to poly, No type 2 poly bound to prot, Mean no type 2 in prot cluster
3000000 20 5.25000 13 136 151 0.90000 78 3.50000
3005000 15 6.13333 11 143 151 1.00000 73 4.53333
3010000 16 6.00000 11 135 131 0.87500 75 4.18750
3015000 24 4.66667 11 128 137 0.79167 78 3.04167
3020000 22 5.31818 12 130 152 0.90909 76 3.22727
3025000 20 5.70000 13 130 147 0.80000 78 3.40000
3030000 22 5.40909 14 136 156 0.90909 76 3.22727
3035000 25 4.88000 15 129 153 0.88000 77 2.84000
3040000 18 6.11111 16 150 167 0.94444 80 3.88889
3045000 23 5.00000 15 148 156 0.91304 78 3.13043
3050000 24 5.04167 15 148 154 0.79167 77 2.95833
3055000 31 4.51613 18 130 152 0.80645 78 2.45161
3060000 26 4.61538 19 151 157 0.80769 77 2.80769
3065000 24 5.25000 17 146 160 0.87500 78 3.08333
3070000 24 4.91667 17 146 142 0.83333 78 3.12500
3075000 26 4.50000 15 142 145 0.80769 79 2.80769
3080000 19 5.26316 15 152 147 0.94737 77 3.73684
3085000 21 4.95238 13 146 150 0.95238 77 3.33333
3090000 26 4.26923 14 138 130 0.76923 76 2.73077
3095000 20 5.05000 11 144 150 0.85000 79 3.45000
3100000 23 4.82609 12 145 150 0.95652 79 3.04348
3105000 21 5.38095 13 139 158 0.95238 78 3.33333
3110000 24 4.83333 13 133 149 0.87500 76 2.91667
3115000 22 5.09091 14 126 145 0.95455 78 3.31818
3120000 25 4.96000 14 119 158 0.80000 74 2.84000
3125000 25 4.60000 10 122 141 0.92000 78 2.92000
3130000 23 4.60870 12 136 147 0.95652 77 3.21739
3135000 16 5.37500 13 146 133 0.93750 73 4.06250
3140000 24 4.37500 13 137 142 0.83333 75 2.83333
3145000 20 5.20000 17 139 140 0.90000 73 3.40000
3150000 19 5.26316 16 138 139 0.94737 77 3.63158
3155000 24 4.83333 15 130 150 0.79167 75 2.87500
3160000 19 5.68421 14 143 144 0.94737 77 3.63158
3165000 18 5.88889 14 148 149 0.94444 76 3.72222
3170000 24 5.16667 14 138 166 0.79167 77 2.91667
3175000 20 5.80000 15 138 164 0.85000 76 3.55000
3180000 19 5.84211 14 135 158 0.84211 72 3.63158
3185000 24 5.00000 14 128 145 0.75000 75 2.87500
3190000 20 5.85000 16 132 161 1.00000 77 3.65000
3195000 25 5.12000 16 131 158 0.88000 78 3.08000
3200000 20 6.30000 15 128 158 0.95000 76 3.80000
3205000 21 5.52381 15 131 153 0.95238 79 3.52381
3210000 23 5.04348 14 125 146 0.86957 78 3.17391
3215000 20 5.50000 12 138 150 0.95000 77 3.70000
3220000 21 5.28571 13 139 149 0.90476 79 3.52381
3225000 26 4.92308 13 124 154 0.76923 78 2.88462
3230000 23 5.56522 14 128 159 0.82609 77 3.26087
3235000 24 5.16667 12 125 153 0.83333 76 3.08333
3240000 24 4.87500 12 127 149 0.75000 78 3.08333
3245000 20 5.45000 13 139 141 0.95000 77 3.65000
3250000 25 4.80000 15 135 158 0.96000 81 3.08000
3255000 22 5.45455 14 138 159 0.95455 80 3.40909
3260000 22 5.40909 14 137 150 0.90909 78 3.27273
3265000 24 5.37500 15 128 157 0.87500 78 3.12500
3270000 22 5.72727 17 138 169 1.00000 80 3.40909
3275000 22 5.54545 15 135 158 0.86364 80 3.40909
3280000 20 5.90000 16 138 157 0.95000 80 3.75000
3285000 20 5.50000 17 135 145 0.95000 79 3.75000
3290000 21 5.23810 18 135 143 0.85714 80 3.47619
3295000 22 5.13636 16 128 149 0.86364 79 3.31818
3300000 21 5.52381 15 125 159 0.90476 78 3.47619
3305000 22 5.27273 15 124 150 0.90909 78 3.36364
3310000 24 5.33333 15 126 159 0.87500 76 3.08333
3315000 22 5.27273 15 136 154 0.86364 79 3.27273
3320000 24 4.95833 15 134 152 0.83333 75 2.91667
3325000 21 5.47619 14 146 156 0.85714 76 3.23810
3330000 17 6.17647 17 161 155 1.00000 76 3.94118
3335000 24 5.04167 17 146 158 0.87500 73 2.95833
3340000 22 5.13636 13 154 155 0.95455 76 3.18182
3345000 25 5.08000 14 140 162 0.80000 75 2.84000
3350000 26 4.61538 13 136 159 0.76923 75 2.57692
3355000 20 5.25000 13 135 141 0.95000 76 3.45000
3360000 23 4.52174 12 130 140 0.91304 75 3.00000
3365000 22 4.68182 12 137 142 0.86364 78 3.09091
3370000 23 4.43478 11 144 144 0.86957 74 2.86957
3375000 21 4.61905 13 153 135 0.85714 74 3.09524
3380000 20 4.75000 11 160 144 0.75000 73 3.20000
3385000 22 4.54545 13 157 140 0.81818 75 3.00000
3390000 25 4.52000 15 151 151 0.84000 75 2.60000
3395000 19 5.31579 14 152 145 0.94737 74 3.52632
3400000 29 4.10345 12 146 153 0.75862 77 2.31034
3405000 27 4.14815 11 148 146 0.81481 76 2.51852
3410000 24 4.87500 11 151 167 0.91667 77 2.95833
3415000 23 4.78261 12 150 154 0.82609 75 2.91304
3420000 21 5.14286 12 164 147 0.80952 74 3.04762
3425000 24 4.45833 10 146 149 0.70833 78 2.83333
3430000 26 4.07692 10 147 149 0.84615 73 2.61538
3435000 25 4.36000 12 145 148 0.88000 74 2.68000
3440000 19 4.68421 11 162 150 0.94737 76 3.47368
3445000 22 4.63636 12 155 149 0.90909 74 3.04545
3450000 23 4.69565 12 151 160 0.86957 78 2.86957
3455000 27 4.07407 10 151 153 0.92593 78 2.66667
3460000 29 4.06897 10 142 144 0.82759 77 2.37931
3465000 24 4.25000 10 151 134 0.66667 74 2.70833
3470000 21 4.85714 12 147 162 1.00000 77 3.28571
3475000 24 4.25000 13 149 145 0.91667 77 2.87500
3480000 23 4.60870 13 149 142 0.86957 75 2.91304
3485000 21 4.80952 14 147 148 0.76190 74 3.00000
3490000 26 4.61538 15 138 151 0.69231 72 2.50000
3495000 19 5.78947 18 142 148 0.94737 72 3.57895
3500000 21 5.42857 15 131 149 0.90476 76 3.33333
3505000 27 4.66667 14 126 160 0.92593 79 2.70370
3510000 19 6.47368 15 136 159 0.89474 78 3.68421
3515000 20 6.35000 15 126 157 0.95000 78 3.60000
3520000 20 6.00000 13 123 148 0.80000 77 3.45000
3525000 23 5.34783 16 122 161 0.91304 78 3.13043
3530000 17 6.82353 14 135 154 0.82353 76 4.05882
3535000 19 6.31579 14 127 172 0.94737 77 3.73684
3540000 16 7.37500 14 128 153 0.87500 78 4.37500
3545000 19 5.94737 14 136 152 0.94737 79 3.84211
3550000 22 5.50000 15 135 159 0.90909 77 3.31818
3555000 16 7.00000 16 144 153 0.93750 77 4.37500
3560000 23 5.47826 15 134 164 0.82609 77 3.21739
3565000 21 5.95238 16 125 155 0.95238 76 3.47619
3570000 18 6.00000 13 144 154 1.00000 73 3.83333
3575000 20 5.10000 14 148 141 0.90000 72 3.30000
3580000 19 5.47368 14 154 138 0.73684 71 3.21053
3585000 24 4.70833 14 143 153 0.75000 73 2.70833
3590000 20 5.60000 13 143 156 0.90000 78 3.50000
3595000 24 4.66667 13 147 137 0.70833 78 2.87500
3600000 22 4.95455 11 150 141 0.86364 78 3.27273
3605000 21 5.28571 13 145 150 0.85714 77 3.23810
3610000 23 5.08696 14 136 151 0.82609 79 3.13043
3615000 27 4.81481 14 135 158 0.88889 79 2.74074
3620000 25 5.24000 12 139 171 0.88000 78 2.96000
3625000 21 5.76190 16 145 168 0.95238 80 3.38095
3630000 24 4.91667 14 136 166 0.87500 81 3.08333
3635000 27 5.03704 14 117 159 0.88889 80 2.81481
3640000 28 4.92857 12 123 167 0.75000 80 2.67857
3645000 25 5.20000 12 127 156 0.88000 77 2.88000
3650000 24 5.37500 12 130 167 0.91667 78 3.20833
3655000 25 4.84000 12 128 159 0.92000 78 3.08000
3660000 21 5.71429 12 132 158 0.90476 80 3.52381
3665000 22 5.40909 16 131 153 0.95455 78 3.45455
3670000 24 5.08333 15 138 157 0.91667 75 3.08333
3675000 26 5.23077 13 131 168 0.84615 74 2.76923
3680000 23 5.60870 15 134 165 0.82609 75 3.04348
3685000 22 5.36364 12 137 144 0.86364 76 3.18182
3690000 24 5.00000 13 130 146 0.79167 75 2.87500
3695000 30 4.33333 12 129 155 0.80000 77 2.30000
3700000 29 4.72414 12 131 156 0.86207 79 2.51724
3705000 21 5.47619 15 151 153 0.85714 79 3.42857
3710000 19 5.63158 13 158 163 1.00000 78 3.78947
3715000 24 5.45833 14 131 173 0.95833 80 3.08333
3720000 23 5.21739 12 144 167 0.91304 78 3.21739
3725000 24 4.83333 14 144 165 0.87500 78 2.95833
3730000 23 5.34783 13 136 163 0.91304 78 3.13043
3735000 25 5.08000 11 130 171 0.88000 75 2.92000
3740000 26 4.92308 11 127 160 0.84615 78 2.88462
3745000 28 4.50000 12 126 146 0.82143 78 2.64286
3750000 23 5.34783 13 130 160 0.86957 79 3.13043
3755000 25 5.32000 13 126 160 0.92000 77 2.96000
3760000 25 5.08000 12 129 156 0.80000 77 2.84000
3765000 23 5.00000 10 136 160 0.91304 78 3.08696
3770000 24 4.37500 10 129 133 0.79167 73 2.79167
3775000 18 5.05556 10 133 132 0.88889 76 3.61111
3780000 24 4.00000 12 121 133 0.79167 76 2.83333
3785000 21 4.66667 15 130 139 0.85714 75 3.14286
3790000 20 4.75000 14 132 130 0.90000 77 3.50000
3795000 23 4.73913 13 126 154 0.91304 76 3.08696
3800000 20 4.95000 13 144 150 1.00000 75 3.50000
3805000 24 4.41667 12 146 153 0.83333 76 2.91667
3810000 25 4.48000 11 139 133 0.84000 74 2.80000
3815000 24 4.58333 11 141 144 0.87500 74 2.95833
3820000 23 4.73913 10 139 145 0.78261 76 3.04348
3825000 22 5.04545 11 146 159 0.90909 79 3.13636
3830000 25 5.00000 11 127 157 0.92000 79 2.88000
3835000 18 6.22222 12 147 169 1.00000 80 3.88889
3840000 25 5.08000 13 141 156 0.92000 77 2.84000
3845000 25 5.28000 16 134 166 0.84000 78 2.96000
3850000 25 4.60000 17 134 159 0.84000 79 2.92000
3855000 28 4.50000 16 127 154 0.85714 81 2.71429
3860000 22 5.27273 16 140 155 0.81818 79 3.27273
3865000 25 4.64000 14 131 147 0.92000 77 2.88000
3870000 21 4.95238 12 138 142 0.90476 79 3.47619
3875000 23 4.91304 12 134 146 0.86957 80 3.17391
3880000 20 5.50000 13 138 147 1.00000 78 3.65000
3885000 20 5.45000 13 142 150 0.90000 79 3.55000
3890000 22 5.18182 12 126 144 0.86364 77 3.13636
3895000 21 5.14286 12 133 149 0.85714 77 3.42857
3900000 23 4.91304 12 133 163 0.82609 77 3.04348
3905000 23 4.78261 12 140 146 0.86957 75 3.04348
3910000 24 5.00000 12 140 157 0.87500 77 2.91667
3915000 24 4.45833 11 151 159 0.79167 78 3.00000
3920000 21 5.19048 11 149 145 0.90476 74 3.38095
3925000 22 5.18182 14 155 167 0.95455 78 3.18182
3930000 24 4.75000 13 158 161 0.95833 79 3.00000
3935000 26 4.57692 16 146 146 0.80769 79 2.84615
3940000 23 5.21739 15 141 164 0.91304 78 3.26087
3945000 25 5.04000 17 125 157 0.92000 79 3.00000
3950000 23 5.34783 17 127 156 0.95652 79 3.21739
3955000 18 6.33333 16 136 160 0.94444 79 4.05556
3960000 21 5.85714 13 134 162 0.85714 79 3.42857
3965000 22 5.68182 12 131 165 0.90909 78 3.31818
3970000 21 6.04762 12 131 167 0.95238 78 3.33333
3975000 17 6.82353 13 136 155 0.94118 76 4.11765
3980000 21 5.66667 15 136 150 0.95238 76 3.52381
3985000 24 5.08333 14 132 156 0.79167 74 3.00000
3990000 19 6.21053 15 142 162 1.00000 77 3.84211
3995000 24 5.33333 15 130 155 0.87500 80 3.16667
4000000 22 5.63636 14 141 161 0.86364 78 3.36364
4005000 21 5.76190 14 137 159 0.95238 79 3.57143
4010000 20 5.85000 16 146 163 0.90000 79 3.55000
4015000 25 5.12000 14 148 171 0.84000 78 2.96000
4020000 25 5.16000 12 142 172 0.92000 80 3.00000
4025000 21 5.61905 14 149 168 0.95238 79 3.47619
4030000 27 4.77778 14 134 157 0.74074 78 2.74074
4035000 24 5.08333 12 139 164 0.87500 78 3.00000
4040000 25 5.08000 12 135 163 0.84000 76 2.88000
4045000 22 5.18182 12 148 152 0.81818 74 3.04545
4050000 23 4.82609 16 138 149 1.00000 76 3.08696
4055000 20 5.35000 15 136 144 0.80000 78 3.45000
4060000 22 5.45455 14 117 146 0.90909 77 3.13636
4065000 21 5.38095 12 126 144 0.95238 77 3.38095
4070000 18 5.88889 12 136 149 0.94444 78 3.94444
4075000 23 4.86957 12 127 146 0.86957 77 3.13043
4080000 17 6.41176 12 123 149 1.00000 77 4.17647
4085000 18 5.83333 13 124 143 0.77778 78 3.72222
4090000 18 5.50000 12 134 145 0.88889 75 3.77778
4095000 18 5.55556 13 135 145 0.88889 77 3.77778
4100000 22 4.90909 13 136 150 0.81818 77 3.04545
4105000 21 4.90476 13 139 140 0.76190 74 3.14286
4110000 26 4.69231 13 123 145 0.80769 77 2.73077
4115000 19 6.10526 14 128 157 0.94737 80 3.73684
4120000 19 5.89474 14 133 158 0.84211 79 3.63158
4125000 23 5.39130 17 120 155 0.86957 77 3.08696
4130000 24 4.95833 17 123 145 0.87500 77 3.00000
4135000 22 5.09091 18 129 142 0.86364 75 3.22727
4140000 18 5.61111 18 138 135 0.94444 76 3.88889
4145000 22 5.40909 16 120 146 0.90909 76 3.22727
4150000 19 5.84211 16 135 143 0.89474 73 3.68421
4155000 24 5.00000 17 131 150 0.83333 76 3.00000
4160000 21 5.71429 19 124 146 0.90476 77 3.38095
4165000 26 4.88462 17 123 157 0.80769 79 2.76923
4170000 22 5.09091 17 141 150 0.90909 75 3.13636
4175000 21 5.42857 16 138 156 0.90476 76 3.33333
4180000 21 5.57143 16 139 154 0.90476 77 3.42857
4185000 21 5.66667 15 137 155 0.90476 79 3.52381
4190000 20 5.85000 15 136 156 1.00000 77 3.55000
4195000 20 5.85000 13 122 163 0.95000 77 3.60000
4200000 19 5.84211 12 130 149 0.89474 79 3.68421
4205000 25 5.04000 14 114 143 0.80000 77 2.96000
4210000 20 5.35000 13 139 144 0.95000 78 3.75000
4215000 21 5.09524 13 141 143 0.80952 79 3.52381
4220000 21 4.95238 11 143 137 0.90476 76 3.38095
4225000 24 4.45833 12 157 147 0.79167 75 2.91667
4230000 24 4.62500 13 163 148 0.75000 77 2.79167
4235000 24 5.00000 14 151 158 0.83333 75 2.83333
4240000 25 5.12000 15 150 159 0.80000 77 2.80000
4245000 26 5.23077 15 137 173 0.84615 78 2.80769
4250000 22 5.95455 15 141 186 0.90909 78 3.18182
4255000 21 5.95238 18 145 158 0.95238 75 3.47619
4260000 25 5.40000 18 132 156 0.80000 78 2.84000
4265000 20 6.00000 15 143 153 0.80000 76 3.45000
4270000 22 5.50000 16 147 153 0.72727 75 3.09091
4275000 23 5.26087 15 138 152 0.86957 78 3.08696
4280000 24 5.12500 14 137 153 0.87500 76 3.00000
4285000 25 4.72000 13 128 143 0.88000 76 2.96000
4290000 22 5.59091 15 126 153 0.95455 77 3.27273
4295000 23 5.56522 16 128 156 0.82609 77 3.17391
4300000 20 5.55000 14 135 140 0.90000 77 3.60000
4305000 24 5.04167 14 129 157 0.87500 78 3.08333
4310000 24 4.91667 12 120 161 0.83333 79 3.00000
4315000 25 5.04000 12 121 149 0.80000 78 2.92000
4320000 22 5.22727 11 130 153 0.90909 78 3.27273
4325000 25 4.92000 12 133 155 0.88000 78 3.00000
4330000 21 5.38095 11 153 153 0.95238 80 3.47619
4335000 21 5.57143 13 143 158 0.90476 79 3.42857
4340000 21 5.47619 13 144 153 0.80952 75 3.33333
4345000 20 5.35000 12 154 142 0.95000 77 3.65000
4350000 25 4.88000 12 140 164 0.68000 77 2.84000
4355000 17 6.94118 20 150 156 0.94118 77 4.11765
4360000 21 6.00000 14 144 171 0.80952 78 3.47619
4365000 26 5.50000 16 129 170 0.80769 76 2.84615
4370000 20 6.05000 15 143 166 0.95000 76 3.45000
4375000 19 6.42105 15 143 169 0.89474 77 3.73684
4380000 18 6.44444 14 140 158 0.88889 80 3.83333
4385000 23 5.21739 12 135 154 0.73913 78 3.08696
4390000 22 5.45455 14 124 158 0.86364 79 3.31818
4395000 28 4.53571 11 104 155 0.82143 79 2.64286
4400000 20 5.25000 11 128 144 0.85000 77 3.35000
4405000 18 5.88889 11 126 147 0.94444 77 3.72222
4410000 21 5.14286 11 126 144 0.90476 78 3.33333
4415000 19 5.47368 10 127 141 0.94737 76 3.52632
4420000 20 4.90000 10 128 129 0.85000 77 3.35000
4425000 18 5.55556 11 132 134 0.88889 72 3.61111
4430000 22 4.90909 10 123 145 0.86364 76 3.27273
4435000 25 4.36000 10 115 131 0.80000 75 2.72000
4440000 22 4.77273 10 128 153 0.81818 76 3.04545
4445000 22 4.54545 9 133 138 0.90909 77 3.18182
4450000 21 4.76190 11 130 128 0.90476 73 3.38095
4455000 18 5.55556 11 144 136 1.00000 72 3.72222
4460000 18 5.27778 11 144 134 0.94444 75 3.77778
4465000 21 4.76190 13 140 143 1.00000 76 3.28571
4470000 22 4.50000 12 147 147 0.90909 77 3.09091
4475000 22 4.68182 10 140 147 0.86364 73 3.04545
4480000 26 4.26923 13 128 134 0.84615 75 2.61538
4485000 24 4.33333 13 128 133 0.79167 74 2.79167
4490000 21 4.71429 12 134 136 0.95238 73 3.14286
4495000 21 4.85714 12 131 135 0.85714 74 3.14286
4500000 21 4.90476 14 133 131 0.90476 75 3.19048
4505000 27 4.25926 13 125 142 0.88889 73 2.48148
4510000 26 4.23077 13 126 148 0.88462 75 2.61538
4515000 26 4.42308 13 126 150 0.88462 76 2.65385
4520000 21 4.71429 14 136 141 0.90476 71 3.09524
4525000 23 4.78261 16 136 146 0.91304 73 2.95652
4530000 24 4.62500 14 131 141 0.91667 71 2.79167
4535000 21 5.04762 13 138 153 0.90476 73 3.04762
4540000 16 6.62500 13 140 149 0.93750 75 4.00000
4545000 23 4.91304 13 126 144 1.00000 77 3.00000
4550000 24 4.62500 11 134 149 0.83333 76 2.91667
4555000 18 5.66667 11 148 147 0.94444 75 3.66667
4560000 21 5.19048 12 138 148 0.95238 77 3.28571
4565000 25 5.00000 12 123 154 0.80000 77 2.80000
4570000 22 4.95455 12 140 145 0.90909 75 3.13636
4575000 19 5.42105 11 138 140 0.89474 77 3.52632
4580000 21 5.28571 13 131 139 0.90476 73 3.19048
4585000 21 5.57143 16 124 152 0.95238 73 3.19048
4590000 15 7.00000 14 135 152 1.00000 75 4.33333
4595000 22 4.95455 13 124 133 0.81818 77 3.13636
4600000 21 5.28571 12 136 156 0.95238 77 3.28571
4605000 26 4.65385 13 127 155 0.88462 80 2.84615
4610000 23 5.47826 14 131 165 1.00000 79 3.13043
4615000 22 5.63636 15 141 160 0.90909 79 3.22727
4620000 22 5.50000 14 135 158 0.95455 80 3.18182
4625000 25 5.04000 13 131 153 0.92000 79 2.96000
4630000 23 5.08696 12 133 161 0.86957 78 3.17391
4635000 28 4.53571 13 130 145 0.75000 79 2.64286
4640000 23 5.30435 11 132 150 1.00000 77 3.21739
4645000 20 5.65000 10 132 153 1.00000 80 3.65000
4650000 28 4.71429 12 112 153 0.85714 77 2.57143
4655000 19 5.73684 12 142 161 0.94737 77 3.63158
4660000 24 4.87500 11 128 144 0.87500 77 3.00000
4665000 20 5.05000 10 131 139 0.95000 76 3.60000
4670000 18 5.05556 9 142 134 0.83333 77 3.72222
4675000 22 4.36364 10 142 138 0.90909 78 3.27273
4680000 21 4.71429 9 135 137 0.90476 76 3.33333
4685000 23 4.47826 10 139 138 0.91304 77 3.13043
4690000 20 5.30000 11 140 144 0.75000 76 3.35000
4695000 21 4.90476 10 140 138 0.85714 77 3.23810
4700000 24 4.37500 11 132 141 0.79167 78 2.91667
4705000 23 4.43478 11 131 144 0.86957 79 2.95652
4710000 25 3.92000 10 143 136 0.88000 78 2.84000
4715000 25 4.08000 11 137 141 0.80000 77 2.80000
4720000 20 4.80000 11 149 143 0.80000 76 3.40000
4725000 22 4.81818 13 132 146 0.90909 77 3.22727
4730000 22 4.68182 13 150 141 0.86364 78 3.22727
4735000 24 4.62500 13 151 147 0.87500 80 3.04167
4740000 20 5.15000 12 162 155 0.85000 77 3.35000
4745000 23 4.39130 10 152 137 0.91304 76 2.91304
4750000 25 4.20000 11 145 147 0.88000 77 2.68000
4755000 19 4.68421 12 157 136 0.89474 74 3.42105
4760000 25 4.36000 13 143 138 0.76000 76 2.72000
4765000 22 4.72727 11 144 151 0.95455 76 3.22727
4770000 26 4.76923 12 125 157 0.92308 78 2.84615
4775000 24 4.75000 12 133 157 0.87500 79 3.00000
4780000 24 5.16667 13 129 157 0.83333 79 3.12500
4785000 20 5.60000 12 142 140 0.80000 78 3.60000
4790000 23 5.08696 13 133 149 0.86957 79 3.30435
4795000 24 4.79167 14 116 141 0.95833 76 3.04167
4800000 18 5.61111 13 123 136 0.94444 76 3.83333
4805000 18 5.38889 11 144 140 0.94444 76 3.88889
4810000 19 5.36842 14 148 136 0.89474 78 3.68421
4815000 22 5.22727 14 147 148 0.81818 78 3.22727
4820000 16 7.31250 14 152 173 1.00000 78 4.31250
4825000 23 5.39130 14 147 165 0.86957 76 3.08696
4830000 20 5.90000 14 150 155 0.85000 75 3.25000
4835000 15 7.13333 14 163 166 0.80000 73 4.26667
4840000 24 5.00000 14 154 154 0.87500 76 2.91667
4845000 20 6.20000 16 150 162 0.90000 77 3.50000
4850000 23 5.52174 14 138 148 0.65217 71 2.95652
4855000 17 6.47059 16 138 153 0.82353 76 3.88235
4860000 15 6.53333 14 166 144 0.86667 79 4.33333
4865000 24 5.33333 14 145 163 0.83333 77 2.91667
4870000 23 5.47826 15 154 172 0.82609 78 3.17391
4875000 20 5.90000 15 163 166 0.95000 78 3.70000
4880000 22 5.45455 16 148 159 0.95455 79 3.36364
4885000 26 4.84615 13 140 162 0.84615 79 2.92308
4890000 24 5.33333 13 138 170 0.91667 76 3.16667
4895000 20 5.70000 13 145 147 0.85000 76 3.55000
4900000 21 5.90476 13 142 153 0.90476 74 3.42857
4905000 20 5.90000 13 136 160 0.90000 76 3.50000
4910000 16 7.12500 15 131 157 0.93750 76 4.37500
4915000 22 5.63636 16 121 144 0.81818 74 3.18182
4920000 18 6.16667 15 131 153 0.94444 79 3.94444
4925000 18 5.83333 13 141 140 1.00000 79 3.94444
4930000 19 5.78947 14 132 138 0.89474 78 3.73684
4935000 17 6.35294 14 137 140 0.94118 76 4.17647
4940000 19 5.78947 15 139 153 0.89474 76 3.68421
4945000 17 6.35294 13 141 159 1.00000 76 4.11765
4950000 21 5.33333 12 135 143 0.76190 77 3.28571
4955000 19 6.00000 14 133 144 0.84211 77 3.73684
4960000 21 5.42857 12 136 154 0.85714 78 3.47619
4965000 19 5.84211 13 145 148 0.94737 77 3.84211
4970000 23 5.08696 12 137 144 0.65217 79 3.08696
4975000 20 5.80000 12 134 147 0.85000 77 3.60000
4980000 14 7.28571 11 153 157 1.00000 75 5.00000
4985000 16 7.06250 21 144 149 0.87500 77 4.50000
4990000 19 6.15789 14 140 152 0.78947 76 3.78947
4995000 20 5.75000 14 156 157 0.85000 78 3.60000
5000000 23 5.52174 17 145 159 0.78261 77 3.13043
5005000 17 6.70588 17 150 158 0.82353 77 4.11765
5010000 21 5.33333 17 142 146 0.85714 77 3.42857
5015000 17 5.94118 15 144 146 0.94118 75 4.05882
5020000 21 5.33333 16 130 142 0.90476 76 3.28571
5025000 19 5.57895 15 133 149 0.89474 77 3.57895
5030000 20 5.20000 13 133 139 0.85000 77 3.30000
5035000 22 5.13636 13 120 148 1.00000 76 3.18182
5040000 20 5.75000 13 139 154 0.95000 77 3.45000
5045000 21 5.42857 11 142 151 0.95238 78 3.33333
5050000 20 5.35000 11 141 155 0.95000 74 3.45000
5055000 22 5.40909 12 134 165 0.90909 74 3.22727
5060000 20 6.15000 22 129 155 0.90000 78 3.70000
5065000 23 5.82609 21 132 169 0.86957 80 3.30435
5070000 22 6.09091 20 128 168 0.86364 80 3.40909
5075000 26 5.07692 19 118 153 0.73077 81 2.88462
5080000 19 5.57895 15 133 146 0.94737 79 3.89474
5085000 21 5.23810 16 137 140 0.76190 79 3.42857
5090000 23 5.56522 18 125 157 0.82609 80 3.21739
5095000 30 4.70000 19 115 155 0.66667 77 2.46667
5100000 21 6.00000 18 127 159 0.90476 78 3.47619
5105000 18 6.83333 19 138 163 1.00000 78 4.11111
5110000 24 5.70833 17 122 170 0.87500 78 3.16667
5115000 15 7.06667 18 138 148 1.00000 77 4.66667
5120000 17 6.82353 19 136 155 1.00000 76 4.23529
5125000 22 5.81818 21 123 162 0.86364 78 3.40909
5130000 19 6.36842 21 127 161 0.89474 79 3.84211
5135000 22 5.81818 22 123 172 0.95455 80 3.45455
5140000 24 4.91667 19 128 146 0.83333 80 3.08333
5145000 27 4.85185 21 115 150 0.85185 80 2.85185
5150000 22 5.22727 20 133 153 0.95455 81 3.40909
5155000 22 5.31818 19 138 155 0.90909 79 3.40909
5160000 20 5.75000 18 139 157 1.00000 78 3.65000
5165000 22 5.18182 18 135 144 0.95455 74 3.22727
5170000 18 6.00000 16 153 156 0.77778 78 3.88889
5175000 22 5.31818 15 138 145 0.77273 78 3.27273
5180000 23 5.17391 14 136 156 0.82609 76 3.13043
5185000 26 4.92308 14 128 156 0.80769 79 2.88462
5190000 22 5.59091 12 123 159 0.90909 78 3.40909
5195000 24 5.04167 12 134 144 0.83333 80 3.04167
5200000 24 5.45833 14 133 158 0.87500 80 3.08333
5205000 21 5.90476 15 140 158 0.90476 81 3.61905
5210000 21 6.04762 16 134 159 0.95238 79 3.66667
5215000 17 6.88235 18 141 156 1.00000 78 4.35294
5220000 21 5.85714 15 143 160 0.85714 77 3.57143
5225000 17 7.47059 16 135 169 1.00000 79 4.29412
5230000 20 6.45000 15 140 164 0.90000 80 3.75000
5235000 23 5.65217 14 143 164 0.86957 80 3.26087
5240000 25 5.32000 14 125 169 0.84000 81 3.04000
5245000 27 4.88889 13 121 158 0.77778 80 2.88889
5250000 17 7.00000 17 140 165 1.00000 78 4.41176
5255000 23 5.39130 13 131 157 0.78261 81 3.26087
5260000 21 5.42857 11 140 157 0.85714 79 3.66667
5265000 22 5.59091 16 135 161 0.86364 80 3.50000
5270000 22 5.50000 12 135 156 0.90909 79 3.45455
5275000 21 5.66667 13 130 145 0.90476 76 3.57143
5280000 27 4.81481 11 122 157 0.85185 79 2.81481
5285000 18 6.44444 12 130 157 1.00000 77 3.94444
5290000 18 6.16667 12 127 147 0.88889 74 3.94444
5295000 23 5.34783 13 115 150 0.91304 77 3.26087
5300000 20 5.95000 11 131 151 0.90000 76 3.75000
5305000 19 5.68421 12 142 143 0.84211 75 3.84211
5310000 19 5.78947 12 145 154 0.84211 78 3.78947
5315000 25 4.76000 12 136 148 0.80000 80 2.96000
5320000 26 4.65385 12 143 147 0.80769 79 2.96154
5325000 23 5.13043 12 148 150 0.91304 79 3.34783
5330000 21 5.52381 12 157 162 0.95238 80 3.71429
5335000 25 4.96000 14 146 167 0.68000 78 2.96000
5340000 20 5.70000 14 161 153 0.80000 78 3.70000
5345000 26 4.80769 14 139 141 0.73077 77 2.88462
5350000 25 5.12000 15 138 154 0.72000 76 2.88000
5355000 21 5.61905 16 152 161 0.90476 78 3.52381
5360000 20 5.60000 13 144 157 0.90000 79 3.65000
5365000 22 5.22727 12 142 156 0.90909 77 3.36364
5370000 22 5.27273 12 136 143 0.81818 78 3.27273
5375000 21 5.57143 12 135 150 0.71429 81 3.57143
5380000 23 5.30435 12 134 151 0.91304 80 3.30435
5385000 22 5.36364 11 139 156 0.72727 80 3.36364
5390000 24 5.12500 13 137 152 0.79167 80 3.16667
5395000 18 6.00000 11 148 154 0.88889 80 4.11111
5400000 27 4.66667 10 128 151 0.66667 81 2.85185
5405000 22 5.63636 12 123 158 0.90909 79 3.50000
5410000 20 6.05000 13 123 149 0.90000 79 3.80000
5415000 21 5.61905 12 132 149 0.90476 79 3.42857
5420000 19 5.73684 13 146 154 0.89474 79 3.94737
5425000 19 5.84211 15 142 148 0.94737 79 3.89474
5430000 21 5.28571 13 146 154 0.90476 77 3.52381
5435000 21 5.38095 15 143 144 0.90476 79 3.57143
5440000 21 5.00000 14 155 144 0.85714 80 3.52381
5445000 21 5.47619 15 146 157 0.85714 79 3.57143
5450000 21 5.90476 16 139 175 0.80952 78 3.47619
5455000 21 5.76190 17 139 165 0.85714 80 3.52381
5460000 21 5.85714 17 148 162 0.80952 77 3.47619
5465000 18 6.38889 16 154 156 0.77778 77 4.00000
5470000 26 4.65385 14 154 154 0.69231 78 2.84615
5475000 17 6.41176 15 165 152 0.76471 78 4.17647
5480000 18 6.05556 17 157 152 0.83333 76 4.05556
5485000 21 6.19048 17 141 161 0.76190 76 3.47619
5490000 17 7.00000 16 149 163 0.82353 76 4.17647
5495000 19 6.31579 15 140 156 0.73684 73 3.57895
5500000 17 6.94118 17 145 161 0.94118 76 4.05882
5505000 18 6.83333 15 121 146 0.77778 77 3.88889
5510000 15 7.73333 15 130 161 0.93333 76 4.80000
5515000 17 7.00000 18 127 154 0.88235 79 4.35294
5520000 19 6.00000 16 136 150 0.78947 79 3.68421
5525000 15 7.06667 13 150 147 0.80000 78 4.53333
5530000 16 6.87500 12 146 155 1.00000 77 4.50000
5535000 21 5.61905 11 135 150 0.76190 80 3.47619
5540000 23 5.56522 12 118 154 0.69565 78 3.26087
5545000 19 6.15789 13 140 158 0.94737 79 4.00000
5550000 19 6.42105 14 138 166 1.00000 77 4.00000
5555000 19 6.15789 13 140 153 0.94737 76 3.89474
5560000 18 6.72222 14 132 155 0.83333 77 4.05556
5565000 15 7.26667 16 136 142 0.93333 75 4.86667
5570000 17 6.29412 13 136 142 0.88235 77 4.29412
5575000 20 5.50000 11 129 136 0.90000 78 3.65000
5580000 18 6.00000 12 134 140 0.83333 80 4.05556
5585000 14 7.07143 11 135 143 0.92857 78 5.14286
5590000 19 5.57895 12 125 135 0.84211 77 3.89474
5595000 23 5.00000 11 120 133 0.60870 78 3.21739
5600000 17 6.35294 12 119 138 0.94118 78 4.23529
5605000 21 5.66667 13 114 139 0.76190 78 3.47619
5610000 20 5.65000 13 120 137 0.90000 77 3.75000
5615000 16 5.81250 11 126 127 0.93750 77 4.62500
5620000 21 5.14286 13 115 133 0.85714 79 3.57143
5625000 20 5.60000 14 122 136 0.80000 79 3.60000
5630000 20 5.70000 13 131 144 0.95000 79 3.70000
5635000 20 5.65000 13 127 156 0.85000 79 3.65000
5640000 20 5.40000 12 135 149 0.95000 76 3.65000
5645000 23 5.17391 13 116 136 0.82609 79 3.30435
5650000 24 4.83333 13 118 137 0.79167 76 3.04167
5655000 17 5.41176 11 140 144 0.88235 76 4.23529
5660000 21 4.66667 10 142 123 0.80952 77 3.52381
5665000 17 5.58824 10 152 139 0.88235 77 4.17647
5670000 24 4.62500 10 142 142 0.79167 78 3.00000
5675000 24 4.54167 11 136 140 0.83333 79 3.08333
5680000 22 5.18182 14 134 147 0.86364 78 3.36364
5685000 23 5.26087 14 126 145 0.86957 80 3.21739
5690000 21 5.52381 14 135 149 0.80952 79 3.52381
5695000 21 5.52381 16 138 148 0.85714 79 3.61905
5700000 21 5.57143 14 134 145 0.85714 79 3.47619
5705000 26 4.80769 13 135 154 0.88462 76 2.88462
5710000 26 4.92308 13 122 156 0.96154 76 2.92308
5715000 23 5.04348 12 132 149 0.86957 78 3.13043
5720000 24 4.95833 12 138 151 0.95833 78 3.04167
5725000 19 6.15789 14 150 141 0.89474 78 3.94737
5730000 20 5.75000 12 148 151 0.80000 77 3.70000
5735000 22 5.59091 12 142 159 0.81818 78 3.45455
5740000 21 6.04762 12 151 163 0.95238 81 3.61905
5745000 25 5.32000 13 143 167 0.76000 80 3.12000
5750000 26 5.38462 16 131 166 0.76923 77 2.88462
5755000 16 7.12500 16 153 157 0.93750 78 4.37500
5760000 22 5.68182 17 132 153 0.90909 78 3.36364
5765000 21 5.90476 13 129 153 0.95238 77 3.47619
5770000 25 4.96000 14 127 164 0.84000 80 2.96000
5775000 23 4.69565 12 140 143 0.86957 79 3.17391
5780000 20 5.10000 13 140 151 0.90000 77 3.50000
5785000 24 4.16667 10 137 125 0.75000 74 2.95833
5790000 18 5.38889 12 142 137 1.00000 74 3.77778
5795000 20 5.05000 12 131 128 0.75000 75 3.40000
5800000 15 5.93333 13 142 146 0.86667 75 4.53333
5805000 20 4.95000 12 130 128 0.75000 75 3.20000
5810000 19 5.00000 11 136 134 0.94737 76 3.63158
5815000 23 4.47826 11 121 131 0.91304 77 3.21739
5820000 25 4.20000 11 124 130 0.84000 77 2.96000
5825000 21 4.66667 11 130 129 0.90476 76 3.47619
5830000 19 5.00000 10 132 132 0.84211 73 3.63158
5835000 24 4.25000 9 129 144 0.83333 76 2.95833
5840000 21 5.04762 10 125 146 0.95238 74 3.42857
5845000 23 4.60870 9 123 132 0.91304 72 3.04348
5850000 23 4.52174 10 120 144 0.86957 75 3.13043
5855000 20 4.95000 12 130 134 0.95000 76 3.50000
5860000 25 4.92000 10 113 149 0.84000 77 2.76000
5865000 20 5.45000 11 131 149 0.85000 75 3.35000
5870000 25 4.52000 12 126 147 0.88000 77 2.84000
5875000 20 4.95000 12 135 133 0.90000 74 3.35000
5880000 19 5.00000 10 131 134 0.78947 72 3.47368
5885000 23 4.69565 11 123 140 0.82609 77 3.04348
5890000 23 4.56522 10 138 135 0.95652 78 3.17391
5895000 21 5.52381 14 123 150 0.85714 78 3.33333
5900000 20 5.70000 12 121 151 0.90000 80 3.55000
5905000 18 6.00000 12 133 143 0.94444 77 3.83333
5910000 22 5.09091 10 124 144 0.81818 77 3.22727
5915000 24 4.83333 10 110 138 0.79167 76 3.00000
5920000 19 5.84211 12 129 140 0.94737 78 3.73684
5925000 26 4.53846 11 115 137 0.76923 78 2.84615
5930000 23 5.00000 12 122 144 0.91304 76 3.17391
5935000 25 4.76000 13 120 148 0.92000 79 2.96000
5940000 22 5.45455 14 116 145 0.90909 77 3.40909
5945000 19 5.63158 13 125 144 0.89474 79 3.73684
5950000 19 5.31579 12 125 132 0.94737 77 3.73684
5955000 18 5.61111 14 128 132 0.83333 77 3.83333
5960000 20 5.55000 14 123 139 0.95000 77 3.60000
5965000 23 5.08696 13 127 146 0.82609 78 3.04348
5970000 22 4.81818 14 132 135 0.77273 75 3.22727
5975000 19 5.63158 15 143 150 0.89474 76 3.68421
5980000 22 5.13636 12 151 152 0.77273 78 3.22727
5985000 18 6.16667 12 152 156 0.88889 80 3.94444
5990000 23 5.08696 10 140 154 0.86957 78 3.26087
5995000 21 5.42857 11 138 153 0.85714 78 3.33333
6000000 19 5.73684 13 145 155 0.94737 76 3.78947
6005000 23 5.30435 16 136 163 0.86957 79 3.17391
6010000 24 5.20833 15 139 153 0.87500 77 3.08333
6015000 27 4.81481 14 137 160 0.85185 79 2.74074
6020000 23 5.34783 14 136 160 0.86957 78 3.21739
6025000 22 5.22727 13 139 155 0.86364 80 3.31818
6030000 20 5.90000 14 147 167 0.95000 78 3.60000
6035000 18 6.72222 15 147 162 1.00000 77 3.88889
6040000 25 5.32000 15 140 171 0.96000 76 3.00000
6045000 27 5.29630 15 135 166 0.81481 77 2.85185
6050000 30 4.66667 13 127 170 0.80000 80 2.53333
6055000 25 5.28000 15 134 161 0.88000 77 2.88000
6060000 19 6.21053 15 145 166 0.89474 76 3.63158
6065000 28 4.75000 14 134 151 0.75000 78 2.53571
6070000 21 5.28571 13 146 158 0.95238 79 3.28571
6075000 21 5.61905 14 132 147 0.95238 78 3.33333
6080000 21 5.42857 12 134 143 0.95238 76 3.33333
6085000 18 6.33333 12 141 150 0.94444 74 3.94444
6090000 17 6.52941 15 149 150 0.88235 76 3.94118
6095000 26 4.76923 14 133 157 0.84615 75 2.73077
6100000 24 5.08333 14 147 165 0.83333 79 3.08333
6105000 29 4.51724 11 141 157 0.82759 78 2.62069
6110000 24 5.16667 13 152 165 0.79167 79 3.04167
6115000 28 4.89286 12 131 170 0.75000 79 2.71429
6120000 30 4.56667 13 136 153 0.80000 79 2.56667
6125000 23 5.39130 12 148 168 0.95652 79 3.30435
6130000 22 5.36364 12 147 157 0.86364 78 3.36364
6135000 25 4.88000 12 144 164 0.88000 78 2.96000
6140000 21 5.47619 12 150 155 0.90476 78 3.47619
6145000 20 5.15000 11 155 154 1.00000 77 3.50000
6150000 24 4.91667 14 131 147 0.87500 78 2.87500
6155000 28 4.60714 12 124 147 0.71429 78 2.50000
6160000 26 5.07692 11 131 177 0.84615 78 2.80769
6165000 25 5.24000 12 131 166 0.84000 78 2.88000
6170000 27 5.11111 13 129 165 0.85185 78 2.77778
6175000 29 5.13793 15 127 177 0.86207 77 2.51724
6180000 21 5.66667 14 148 156 0.80952 78 3.28571
6185000 21 5.90476 14 136 172 0.95238 78 3.47619
6190000 22 5.72727 15 127 168 0.90909 78 3.36364
6195000 16 7.00000 14 143 162 1.00000 76 4.37500
6200000 18 6.22222 13 135 152 0.83333 79 3.83333
6205000 21 5.71429 13 132 150 0.95238 77 3.42857
6210000 20 5.85000 14 131 149 1.00000 78 3.45000
6215000 26 4.80769 11 116 147 0.80769 78 2.76923
6220000 20 5.70000 11 124 153 0.85000 81 3.45000
6225000 19 5.73684 10 123 146 0.89474 79 3.73684
6230000 19 5.73684 11 134 152 0.89474 77 3.68421
6235000 20 5.40000 11 126 129 0.80000 75 3.40000
6240000 23 4.69565 11 133 134 0.82609 76 3.04348
6245000 20 5.35000 12 141 160 0.90000 73 3.45000
6250000 26 4.50000 12 136 152 0.76923 73 2.65385
6255000 23 4.86957 12 144 144 0.86957 77 3.04348
6260000 26 4.65385 12 141 152 0.84615 78 2.76923
6265000 29 4.58621 12 137 151 0.79310 78 2.55172
6270000 26 4.92308 11 137 146 0.80769 77 2.76923
6275000 25 5.16000 11 145 165 0.88000 80 2.92000
6280000 28 4.89286 22 145 173 0.82143 80 2.64286
6285000 24 5.16667 21 153 167 0.87500 80 3.12500
6290000 26 4.76923 22 151 168 0.80769 80 2.80769
6295000 22 5.59091 25 144 163 0.81818 80 3.27273
6300000 22 5.45455 21 145 158 0.90909 80 3.27273
6305000 19 6.05263 19 149 156 1.00000 79 3.89474
6310000 22 5.13636 18 146 152 0.95455 78 3.40909
6315000 22 5.36364 16 138 152 0.81818 78 3.27273
6320000 25 4.80000 16 138 156 0.76000 78 2.92000
6325000 21 5.19048 16 153 153 0.95238 78 3.52381
6330000 24 4.95833 15 138 152 0.83333 76 3.04167
6335000 21 5.23810 16 133 143 0.95238 79 3.42857
6340000 22 4.95455 12 129 137 0.81818 78 3.27273
6345000 21 5.28571 13 144 144 0.90476 74 3.42857
6350000 21 5.00000 20 149 145 0.95238 74 3.23810
6355000 25 4.64000 17 147 140 0.76000 74 2.76000
6360000 28 4.42857 15 139 158 0.85714 74 2.50000
6365000 22 5.00000 15 135 136 0.86364 74 3.18182
6370000 22 4.68182 14 130 132 0.81818 77 3.13636
6375000 21 4.90476 17 135 148 0.95238 73 3.23810
6380000 25 4.48000 19 134 135 0.76000 75 2.76000
6385000 22 5.04545 20 131 144 0.77273 75 3.00000
6390000 17 5.70588 18 136 135 0.88235 76 3.64706
6395000 23 4.78261 19 123 143 0.86957 75 3.00000
6400000 24 5.04167 22 120 149 0.87500 73 2.87500
6405000 19 5.68421 22 133 145 0.94737 76 3.63158
6410000 19 5.68421 18 138 160 1.00000 75 3.52632
6415000 21 5.57143 19 145 162 0.85714 75 3.19048
6420000 22 5.31818 16 139 152 0.90909 76 3.13636
6425000 23 5.52174 16 129 148 0.91304 77 3.17391
6430000 23 4.95652 16 142 158 0.91304 76 3.17391
6435000 18 5.94444 17 144 166 1.00000 76 3.94444
6440000 23 5.13043 19 127 157 0.91304 77 3.08696
6445000 22 5.54545 16 127 167 0.86364 79 3.27273
6450000 20 5.90000 14 124 156 0.85000 78 3.60000
6455000 21 6.19048 15 124 165 0.95238 79 3.47619
6460000 21 6.14286 14 122 165 0.95238 76 3.38095
6465000 21 6.00000 14 120 156 0.85714 75 3.47619
6470000 24 5.83333 16 108 166 0.91667 78 3.16667
6475000 19 6.78947 17 124 157 0.94737 78 3.73684
6480000 21 6.19048 16 115 160 0.85714 79 3.57143
6485000 23 6.00000 22 106 166 0.78261 79 3.26087
6490000 21 6.33333 21 113 161 0.85714 78 3.57143
6495000 22 5.59091 18 121 155 0.81818 78 3.40909
6500000 21 5.61905 20 125 145 0.90476 80 3.57143
6505000 21 5.61905 19 136 152 0.95238 80 3.61905
6510000 21 5.57143 16 130 146 0.90476 78 3.61905
6515000 22 5.36364 14 129 149 0.90909 76 3.27273
6520000 19 5.94737 16 133 152 0.84211 77 3.73684
6525000 18 6.22222 16 140 157 0.88889 77 4.00000
6530000 20 5.85000 13 128 152 0.85000 77 3.65000
6535000 23 5.17391 13 124 143 0.82609 77 3.26087
6540000 17 5.94118 16 134 141 1.00000 77 4.17647
6545000 22 5.59091 20 113 155 0.81818 78 3.31818
6550000 25 5.04000 19 110 151 0.76000 78 3.00000
6555000 22 5.50000 16 107 141 0.81818 79 3.31818
6560000 16 6.56250 14 117 149 0.93750 76 4.37500
6565000 22 4.77273 14 109 130 0.81818 74 3.13636
6570000 18 5.38889 15 118 135 0.77778 77 3.83333
6575000 17 5.82353 15 121 136 0.88235 78 4.11765
6580000 20 5.35000 15 129 141 0.85000 76 3.60000
6585000 20 5.65000 14 124 147 1.00000 77 3.65000
6590000 23 5.26087 18 124 158 0.91304 77 3.26087
6595000 18 6.22222 17 135 150 1.00000 76 4.11111
6600000 22 5.36364 14 124 151 0.86364 77 3.31818
6605000 25 5.16000 16 111 162 0.84000 76 2.92000
6610000 24 4.87500 15 124 145 0.87500 76 3.04167
6615000 24 4.75000 13 132 150 0.79167 79 3.04167
6620000 25 5.04000 13 111 151 0.84000 79 3.00000
6625000 21 5.57143 13 128 151 0.85714 78 3.52381
6630000 22 5.77273 13 121 164 0.90909 77 3.36364
6635000 26 5.00000 12 116 154 0.84615 76 2.80769
6640000 24 5.20833 14 121 157 0.87500 77 3.12500
6645000 19 5.47368 13 144 150 0.89474 75 3.73684
6650000 27 4.51852 13 137 147 0.81481 77 2.59259
6655000 21 5.47619 19 149 162 0.90476 78 3.38095
6660000 25 4.84000 17 149 160 0.88000 79 2.88000
6665000 23 5.08696 17 147 152 0.82609 75 3.17391
6670000 22 5.50000 19 147 161 0.86364 78 3.27273
6675000 25 4.92000 19 157 161 0.76000 79 2.96000
6680000 22 5.40909 20 158 164 0.90909 77 3.45455
6685000 21 5.47619 16 163 156 0.95238 79 3.52381
6690000 22 5.81818 16 151 167 0.86364 81 3.31818
6695000 27 4.88889 16 140 160 0.85185 80 2.66667
6700000 24 5.25000 16 142 165 0.79167 78 3.04167
6705000 21 5.42857 18 153 160 0.85714 78 3.38095
6710000 29 4.51724 18 123 156 0.82759 78 2.51724
6715000 20 5.80000 17 145 158 0.90000 77 3.55000
6720000 26 5.23077 19 139 167 0.88462 75 2.76923
6725000 23 5.21739 17 136 153 0.82609 75 3.04348
6730000 22 5.45455 18 146 166 0.95455 73 3.27273
6735000 21 5.76190 15 147 162 0.90476 77 3.38095
6740000 23 5.00000 16 148 155 0.82609 80 3.13043
6745000 25 4.56000 12 145 157 0.88000 80 2.92000
6750000 22 5.00000 11 147 150 0.81818 78 3.27273
6755000 26 4.53846 12 135 150 0.80769 80 2.76923
6760000 24 4.70833 12 149 148 0.87500 80 3.04167
6765000 21 5.28571 11 141 150 0.90476 79 3.47619
6770000 23 5.17391 14 135 147 0.82609 79 3.17391
6775000 21 5.33333 13 154 160 0.95238 76 3.42857
6780000 23 5.34783 16 138 157 0.78261 77 3.00000
6785000 23 5.17391 14 134 147 0.82609 76 3.00000
6790000 21 5.23810 13 139 152 0.95238 77 3.42857
6795000 21 5.23810 12 149 161 0.90476 79 3.33333
6800000 24 4.91667 13 140 149 0.83333 77 3.00000
6805000 23 5.34783 14 143 164 0.86957 78 3.13043
6810000 25 5.32000 15 134 160 0.88000 76 2.96000
6815000 24 5.00000 14 144 162 0.87500 79 3.04167
6820000 24 5.12500 16 135 151 0.83333 77 3.08333
6825000 21 5.52381 17 133 150 0.95238 77 3.42857
6830000 20 6.10000 16 126 159 1.00000 79 3.70000
6835000 19 6.52632 18 127 153 0.94737 78 3.94737
6840000 21 6.23810 19 126 172 0.90476 78 3.57143
6845000 21 5.95238 19 138 160 0.85714 80 3.57143
6850000 25 5.00000 15 131 156 0.84000 78 3.00000
6855000 18 5.94444 19 150 145 0.77778 74 3.88889
6860000 16 7.06250 20 150 162 0.93750 74 4.31250
6865000 28 4.46429 19 137 142 0.71429 76 2.57143
6870000 20 5.40000 18 144 143 0.90000 78 3.60000
6875000 25 4.44000 16 137 155 0.92000 78 2.92000
6880000 26 4.57692 16 137 134 0.65385 76 2.65385
6885000 18 5.66667 15 152 145 0.77778 77 3.72222
6890000 18 5.50000 15 149 140 1.00000 76 3.94444
6895000 22 5.04545 15 142 146 0.90909 77 3.31818
6900000 27 4.29630 13 134 140 0.81481 77 2.74074
6905000 20 5.05000 14 145 141 0.90000 76 3.65000
6910000 21 5.28571 16 135 145 0.95238 79 3.57143
6915000 22 5.00000 14 136 140 0.81818 78 3.36364
6920000 21 5.33333 15 139 146 0.76190 75 3.38095
6925000 20 5.40000 12 137 149 0.90000 72 3.45000
6930000 17 5.82353 14 138 137 0.82353 73 4.05882
6935000 25 4.76000 13 121 143 0.72000 75 2.80000
6940000 23 4.95652 12 137 155 0.82609 76 3.04348
6945000 24 5.08333 12 133 159 0.83333 76 3.04167
6950000 25 4.76000 13 148 152 0.76000 78 2.88000
6955000 24 4.83333 14 151 149 0.87500 79 3.04167
6960000 25 5.16000 15 142 162 0.80000 79 2.88000
6965000 23 5.08696 13 145 146 0.82609 78 3.21739
6970000 21 5.23810 12 157 154 0.80952 78 3.23810
6975000 22 4.68182 13 164 156 0.77273 78 3.04545
6980000 21 5.28571 13 161 157 0.95238 78 3.47619
6985000 23 4.86957 14 149 140 0.78261 76 3.17391
6990000 25 4.72000 14 141 149 0.84000 78 2.80000
6995000 20 5.45000 13 151 151 0.85000 79 3.50000
7000000 22 5.59091 13 143 162 0.86364 80 3.36364
7005000 24 5.50000 15 149 157 0.75000 79 3.00000
7010000 21 5.76190 16 157 159 0.90476 80 3.47619
7015000 21 5.66667 17 150 154 0.90476 78 3.42857
7020000 23 5.30435 17 147 155 0.82609 79 3.21739
7025000 21 5.52381 14 146 152 0.85714 77 3.52381
7030000 20 6.20000 16 143 162 0.90000 81 3.75000
7035000 21 5.61905 17 146 156 0.90476 80 3.47619
7040000 23 5.04348 16 141 145 0.86957 77 3.13043
7045000 22 4.81818 11 142 132 0.81818 78 3.22727
7050000 22 5.09091 12 137 141 0.86364 77 3.31818
7055000 19 5.68421 12 142 147 0.94737 79 3.89474
7060000 23 4.73913 10 132 150 0.86957 78 3.17391
7065000 24 4.58333 11 130 140 0.91667 76 3.00000
7070000 19 5.26316 11 130 144 0.89474 75 3.52632
7075000 18 5.55556 12 134 142 0.88889 77 3.77778
7080000 18 5.83333 13 136 150 0.83333 73 3.44444
7085000 20 5.00000 11 136 137 0.80000 73 3.35000
7090000 20 5.15000 12 132 141 0.95000 78 3.55000
7095000 23 4.69565 12 122 138 0.91304 77 3.13043
7100000 23 4.82609 11 121 142 0.86957 77 2.95652
7105000 24 4.50000 12 129 134 0.87500 74 2.83333
7110000 27 4.11111 13 138 138 0.74074 74 2.55556
7115000 24 4.33333 12 139 139 0.95833 76 3.04167
7120000 25 4.36000 12 127 134 0.88000 79 2.76000
7125000 24 4.37500 14 140 138 0.95833 80 2.95833
7130000 25 4.64000 14 140 156 0.84000 78 2.96000
7135000 26 4.53846 13 138 157 0.88462 80 2.92308
7140000 22 5.00000 14 131 142 0.86364 79 3.31818
7145000 25 4.60000 12 120 146 0.88000 79 2.96000
7150000 22 4.72727 12 128 129 0.77273 75 3.18182
7155000 17 5.82353 12 125 141 0.94118 74 4.05882
7160000 19 5.84211 15 128 151 0.89474 74 3.73684
7165000 22 5.27273 19 126 146 0.86364 77 3.27273
7170000 22 4.95455 18 118 147 0.86364 75 3.27273
7175000 21 5.14286 16 114 141 0.95238 78 3.42857
7180000 22 5.00000 15 134 144 0.81818 77 3.18182
7185000 21 5.57143 15 138 157 0.95238 77 3.47619
7190000 21 5.66667 14 125 152 0.90476 77 3.42857
7195000 20 6.05000 17 126 167 1.00000 78 3.60000
7200000 21 6.09524 15 130 166 0.85714 77 3.42857
7205000 21 5.52381 16 133 150 0.95238 78 3.52381
7210000 19 6.10526 15 134 161 0.84211 78 3.78947
7215000 22 5.45455 14 118 151 0.95455 79 3.36364
7220000 20 5.95000 14 123 165 1.00000 81 3.75000
7225000 21 5.61905 13 125 160 0.95238 81 3.57143
7230000 21 5.61905 14 134 152 0.85714 80 3.57143
7235000 22 5.22727 15 137 151 1.00000 79 3.45455
7240000 21 5.42857 14 145 145 0.85714 79 3.47619
7245000 18 6.22222 14 138 153 0.94444 79 3.94444
7250000 21 6.00000 17 131 163 0.85714 78 3.52381
7255000 27 5.14815 19 126 160 0.77778 77 2.70370
7260000 23 5.60870 19 127 160 0.91304 79 3.17391
7265000 24 5.25000 20 120 159 0.79167 76 3.00000
7270000 18 6.38889 19 123 141 0.83333 75 3.88889
7275000 17 6.58824 20 128 151 0.88235 73 4.05882
7280000 15 7.80000 20 132 161 0.93333 74 4.60000
7285000 15 7.20000 22 127 153 1.00000 79 4.66667
7290000 20 5.75000 20 123 144 0.85000 79 3.60000
7295000 20 6.00000 19 124 157 0.95000 78 3.60000
7300000 25 4.84000 16 124 142 0.80000 78 2.96000
7305000 22 5.36364 17 133 160 0.81818 79 3.31818
7310000 22 5.50000 16 130 167 0.90909 78 3.45455
7315000 24 5.12500 17 128 149 0.87500 76 3.04167
7320000 17 6.64706 18 135 147 0.88235 80 4.17647
7325000 20 5.80000 17 130 162 0.80000 78 3.50000
7330000 19 6.10526 16 138 157 0.78947 77 3.57895
7335000 20 5.95000 17 138 162 1.00000 77 3.70000
7340000 20 6.15000 17 138 159 0.90000 78 3.65000
7345000 18 6.44444 17 139 153 0.94444 79 4.05556
7350000 19 6.36842 18 134 154 1.00000 78 3.73684
7355000 21 6.00000 19 128 163 0.90476 77 3.47619
7360000 21 6.09524 18 138 167 0.85714 78 3.33333
7365000 20 6.20000 22 137 158 0.80000 78 3.50000
7370000 18 6.66667 23 147 168 0.88889 76 3.83333
7375000 19 6.63158 22 144 163 0.89474 77 3.78947
7380000 23 5.34783 20 141 151 0.73913 76 3.13043
7385000 23 5.69565 21 139 164 0.91304 78 3.21739
7390000 24 5.33333 19 140 152 0.87500 75 3.08333
7395000 23 5.34783 20 142 160 0.86957 77 3.13043
7400000 17 6.17647 18 154 157 1.00000 79 4.23529
7405000 23 5.00000 17 142 155 0.86957 77 3.21739
7410000 22 5.63636 17 132 155 0.81818 77 3.31818
7415000 17 6.52941 17 141 153 0.88235 78 4.05882
7420000 25 4.96000 15 122 162 0.84000 81 3.00000
7425000 19 5.84211 15 133 148 0.89474 80 3.73684
7430000 17 6.35294 16 135 146 0.88235 78 4.11765
7435000 22 5.40909 14 137 156 0.90909 78 3.27273
7440000 19 6.00000 14 138 161 1.00000 76 3.84211
7445000 19 5.78947 15 139 148 1.00000 74 3.78947
7450000 25 4.96000 13 123 155 0.88000 78 2.96000
7455000 19 5.84211 13 138 149 0.89474 77 3.78947
7460000 27 4.74074 12 121 150 0.74074 78 2.74074
7465000 27 4.48148 11 122 151 0.77778 76 2.74074
7470000 21 5.42857 13 138 150 0.95238 76 3.42857
7475000 25 5.16000 14 133 156 0.76000 77 2.88000
7480000 22 5.86364 15 133 164 0.72727 77 3.31818
7485000 18 6.44444 14 138 152 0.88889 74 4.00000
7490000 22 5.81818 15 127 162 0.86364 79 3.36364
7495000 15 7.40000 14 139 160 1.00000 77 4.60000
7500000 20 5.80000 16 153 155 0.80000 79 3.30000
7505000 22 5.45455 15 147 155 0.77273 77 3.22727
7510000 23 5.30435 18 147 148 0.86957 77 3.13043
7515000 21 5.57143 18 156 155 0.80952 78 3.38095
7520000 23 5.30435 18 154 153 0.69565 77 3.08696
7525000 16 6.62500 17 163 153 0.87500 78 4.18750
7530000 22 5.36364 15 154 159 0.86364 79 3.22727
7535000 23 4.73913 13 154 145 0.82609 78 3.08696
7540000 26 4.53846 14 137 142 0.80769 75 2.73077
7545000 22 4.77273 14 161 140 0.81818 75 3.18182
7550000 20 4.80000 14 167 142 0.85000 76 3.55000
7555000 27 4.37037 14 150 144 0.85185 76 2.70370
7560000 26 4.34615 13 159 149 0.76923 78 2.76923
7565000 20 4.90000 15 162 151 0.90000 78 3.45000
7570000 22 5.04545 16 153 157 0.90909 77 3.22727
7575000 31 4.38710 14 134 169 0.96774 75 2.35484
7580000 22 5.04545 13 151 156 0.81818 77 3.13636
7585000 22 4.90909 13 151 146 0.81818 78 3.00000
7590000 21 5.28571 13 139 163 0.95238 78 3.23810
7595000 25 4.76000 13 141 168 0.92000 79 2.88000
7600000 23 5.47826 14 138 158 0.78261 79 3.04348
7605000 26 4.84615 13 139 167 0.84615 78 2.80769
7610000 25 4.96000 13 135 161 0.96000 79 3.04000
7615000 25 4.76000 11 144 148 0.84000 79 3.00000
7620000 21 5.95238 12 139 160 0.90476 78 3.57143
7625000 22 5.86364 13 126 157 0.95455 77 3.40909
7630000 23 5.69565 14 130 156 0.73913 77 3.17391
7635000 16 6.81250 15 147 151 0.93750 79 4.50000
7640000 19 5.52632 15 148 157 0.89474 79 3.78947
7645000 18 5.88889 12 140 151 0.94444 78 3.88889
7650000 18 5.77778 12 143 143 0.94444 77 3.94444
7655000 19 5.78947 11 140 147 0.84211 78 3.78947
7660000 23 5.08696 11 133 159 0.86957 79 3.13043
7665000 19 6.10526 11 129 156 0.89474 78 3.78947
7670000 26 5.00000 11 109 152 0.80769 76 2.73077
7675000 19 5.84211 11 136 142 0.89474 78 3.78947
7680000 25 4.56000 13 134 148 0.92000 78 3.00000
7685000 20 5.60000 15 138 151 1.00000 78 3.80000
7690000 20 5.60000 14 147 152 0.85000 75 3.60000
7695000 26 4.57692 12 135 143 0.88462 76 2.88462
7700000 22 4.95455 12 146 147 0.81818 77 3.27273
7705000 21 5.38095 12 138 149 0.95238 78 3.52381
7710000 25 5.00000 11 136 151 0.88000 78 2.92000
7715000 23 5.08696 12 146 159 1.00000 80 3.26087
7720000 22 5.22727 12 147 144 0.72727 75 3.22727
7725000 20 6.00000 15 137 160 1.00000 79 3.50000
7730000 23 5.86957 17 129 166 0.91304 79 3.26087
7735000 20 6.05000 16 132 161 0.95000 77 3.60000
7740000 22 5.50000 15 127 156 0.86364 80 3.40909
7745000 21 5.33333 12 129 149 0.95238 80 3.47619
7750000 17 6.35294 12 131 147 0.94118 80 4.29412
7755000 22 5.54545 12 125 152 0.86364 79 3.45455
7760000 21 5.33333 12 128 141 0.85714 81 3.61905
7765000 24 5.25000 11 113 163 0.87500 80 3.29167
7770000 19 6.05263 13 120 145 0.94737 80 4.05263
7775000 18 6.27778 14 128 153 0.94444 80 4.16667
7780000 22 5.45455 13 123 147 0.90909 80 3.50000
7785000 22 5.18182 13 121 153 0.90909 80 3.50000
7790000 21 5.42857 13 127 145 0.90476 80 3.66667
7795000 21 5.42857 15 136 148 0.80952 78 3.47619
7800000 23 5.04348 15 139 151 0.82609 77 3.26087
7805000 18 5.88889 16 146 145 0.88889 79 4.05556
7810000 20 5.30000 16 145 136 0.90000 80 3.70000
7815000 22 5.36364 16 131 150 0.90909 80 3.40909
7820000 23 5.17391 15 131 149 0.82609 77 3.17391
7825000 18 5.94444 17 141 145 0.88889 78 3.94444
7830000 22 5.40909 16 132 156 0.77273 77 3.27273
7835000 21 5.38095 16 138 140 0.71429 75 3.38095
7840000 22 5.31818 17 137 147 0.86364 74 3.27273
7845000 19 5.94737 16 143 159 0.89474 75 3.73684
7850000 20 5.70000 15 128 145 0.90000 73 3.45000
7855000 27 4.70370 17 125 150 0.74074 74 2.62963
7860000 20 5.50000 16 146 153 0.85000 75 3.40000
7865000 23 5.08696 16 127 162 0.91304 75 3.08696
7870000 22 5.04545 15 135 144 0.86364 76 3.13636
7875000 24 4.75000 14 122 137 0.79167 77 2.87500
7880000 20 5.20000 16 138 141 0.95000 75 3.50000
7885000 26 4.65385 16 124 163 1.00000 78 2.84615
7890000 24 5.16667 16 127 147 0.75000 77 3.00000
7895000 25 4.92000 15 130 147 0.76000 75 2.84000
7900000 21 5.38095 17 146 153 0.85714 74 3.28571
7905000 21 5.28571 15 150 155 0.85714 78 3.28571
7910000 18 5.94444 15 152 156 0.94444 75 3.66667
7915000 23 5.43478 16 136 154 0.78261 73 2.95652
7920000 25 5.08000 15 135 159 0.76000 76 2.84000
7925000 19 5.84211 16 149 159 0.94737 78 3.68421
7930000 26 4.57692 13 138 145 0.73077 75 2.65385
7935000 21 5.61905 13 141 163 0.95238 79 3.47619
7940000 22 5.18182 12 142 150 0.86364 79 3.27273
7945000 27 4.70370 12 141 144 0.70370 79 2.70370
7950000 25 4.80000 11 132 147 0.72000 80 2.96000
7955000 20 5.90000 12 144 154 0.90000 77 3.65000
7960000 23 5.34783 12 127 145 0.86957 78 3.30435
7965000 19 6.05263 12 135 146 1.00000 80 3.84211
7970000 21 5.66667 13 124 148 0.90476 81 3.52381
7975000 22 5.45455 13 126 148 0.86364 79 3.40909
7980000 24 4.91667 14 118 149 0.87500 78 3.08333
7985000 24 5.04167 13 118 153 0.87500 79 3.08333
7990000 25 5.04000 13 117 156 0.92000 81 3.08000
7995000 23 5.47826 14 124 173 1.00000 81 3.30435
8000000 24 5.25000 14 141 154 0.87500 78 3.08333
8005000 24 5.04167 14 138 160 0.95833 79 3.16667
8010000 23 5.56522 14 133 171 0.95652 80 3.30435
8015000 23 5.82609 16 128 158 0.91304 79 3.30435
8020000 20 6.25000 15 146 160 1.00000 78 3.65000
8025000 26 5.57692 15 138 176 0.88462 78 2.92308
8030000 25 5.48000 16 144 169 0.80000 76 3.00000
8035000 25 5.36000 14 150 164 0.84000 78 3.00000
8040000 24 5.50000 13 148 173 0.87500 81 3.12500
8045000 26 5.34615 14 142 180 0.84615 81 2.92308
8050000 22 5.77273 12 148 162 0.81818 78 3.40909
8055000 23 5.69565 11 138 160 0.86957 79 3.30435
8060000 27 5.07407 11 132 164 0.85185 80 2.92593
8065000 27 5.40741 13 140 173 0.77778 80 2.88889
8070000 24 6.00000 13 142 184 0.87500 80 3.25000
8075000 23 5.65217 13 145 162 0.82609 79 3.34783
8080000 22 6.04545 13 152 166 0.86364 80 3.59091
8085000 19 6.21053 14 149 161 0.89474 80 3.89474
8090000 21 5.71429 13 147 156 0.85714 79 3.47619
8095000 21 5.33333 12 151 155 0.85714 80 3.61905
8100000 20 5.55000 12 142 149 0.90000 79 3.85000
8105000 23 4.91304 12 145 148 0.82609 79 3.30435
8110000 24 4.79167 11 152 145 0.83333 77 3.12500
8115000 23 4.91304 12 147 133 0.82609 78 3.26087
8120000 21 5.42857 12 143 148 0.80952 77 3.52381
8125000 25 4.92000 13 137 153 0.88000 78 3.04000
8130000 27 4.59259 12 135 157 0.74074 79 2.85185
8135000 22 5.72727 14 133 164 0.90909 81 3.50000
8140000 27 4.81481 13 121 155 0.88889 80 2.92593
8145000 19 5.89474 12 138 158 0.94737 81 4.00000
8150000 21 5.38095 11 137 144 0.90476 76 3.52381
8155000 25 5.24000 12 119 161 0.80000 79 3.04000
8160000 24 5.37500 12 123 158 0.91667 80 3.20833
8165000 20 5.80000 11 134 148 0.95000 79 3.70000
8170000 21 5.61905 12 129 145 0.85714 78 3.47619
8175000 21 5.52381 11 130 140 0.76190 76 3.38095
8180000 23 5.52174 12 120 159 0.91304 78 3.26087
8185000 22 5.54545 13 120 150 0.95455 77 3.45455
8190000 23 5.60870 12 108 156 0.91304 78 3.21739
8195000 21 5.52381 12 115 146 0.95238 77 3.52381
8200000 22 5.22727 12 124 140 0.90909 77 3.36364
8205000 20 6.00000 12 130 149 0.90000 80 3.70000
8210000 19 6.05263 12 130 139 0.84211 77 3.78947
8215000 19 6.10526 15 126 152 0.94737 75 3.68421
8220000 21 5.85714 14 131 167 0.90476 76 3.42857
8225000 19 6.57895 15 124 163 1.00000 78 3.89474
8230000 23 5.78261 13 120 160 0.95652 76 3.26087
8235000 22 5.95455 13 121 161 0.95455 79 3.50000
8240000 27 5.37037 14 119 162 0.74074 79 2.81481
8245000 21 6.23810 18 125 165 0.90476 78 3.52381
8250000 21 5.76190 18 121 150 0.85714 77 3.57143
8255000 20 6.00000 16 125 158 0.90000 76 3.55000
8260000 21 6.33333 18 119 170 0.85714 76 3.57143
8265000 16 6.93750 16 135 150 0.87500 78 4.37500
8270000 19 6.52632 18 130 162 0.84211 76 3.68421
8275000 17 6.76471 17 131 154 0.94118 75 4.17647
8280000 19 6.47368 16 129 146 0.84211 74 3.68421
8285000 19 6.26316 14 125 147 0.94737 75 3.78947
8290000 22 5.40909 16 129 154 0.86364 76 3.36364
8295000 16 6.87500 14 134 154 0.93750 79 4.43750
8300000 24 5.41667 15 120 162 0.91667 78 3.08333
8305000 19 6.15789 15 127 156 0.94737 78 3.78947
8310000 20 6.40000 16 114 164 0.85000 76 3.55000
8315000 20 6.40000 13 120 154 0.85000 77 3.55000
8320000 20 6.10000 12 119 158 0.85000 75 3.55000
8325000 18 6.55556 13 119 148 0.94444 75 4.00000
8330000 18 5.94444 12 132 142 0.83333 76 3.77778
8335000 23 5.04348 12 123 140 0.86957 76 3.08696
8340000 21 5.04762 11 141 138 0.85714 76 3.38095
8345000 16 6.12500 13 135 136 0.93750 79 4.31250
8350000 19 5.63158 12 131 146 0.89474 79 3.73684
8355000 21 5.09524 11 133 137 0.95238 76 3.52381
8360000 24 4.75000 11 125 143 0.79167 76 2.87500
8365000 21 5.28571 13 127 146 0.90476 75 3.00000
8370000 23 5.26087 14 115 155 0.78261 77 2.91304
8375000 20 5.50000 13 124 152 0.85000 74 3.35000
8380000 21 5.28571 12 117 148 0.95238 77 3.28571
8385000 17 5.76471 19 130 141 0.88235 78 3.94118
8390000 16 6.18750 13 126 139 1.00000 73 4.18750
8395000 18 5.66667 14 131 134 0.83333 75 3.72222
8400000 25 5.00000 13 117 156 0.76000 74 2.80000
8405000 26 4.76923 15 119 136 0.76923 74 2.73077
8410000 17 6.29412 14 136 144 1.00000 74 3.94118
8415000 18 5.83333 14 136 143 0.88889 76 3.66667
8420000 23 4.95652 12 138 148 0.82609 74 2.91304
8425000 24 4.91667 12 144 157 0.87500 77 2.87500
8430000 22 5.31818 14 143 141 0.86364 76 3.09091
8435000 20 5.80000 13 139 156 0.90000 75 3.45000
8440000 23 5.34783 12 133 156 0.86957 78 3.00000
8445000 26 5.00000 17 127 176 0.96154 80 2.80769
8450000 21 6.09524 18 139 173 0.95238 78 3.52381
8455000 23 5.82609 18 140 176 0.82609 77 3.17391
8460000 19 6.47368 16 137 156 0.89474 78 3.78947
8465000 19 6.42105 15 134 158 1.00000 76 3.84211
8470000 22 5.40909 13 126 157 0.86364 77 3.31818
8475000 23 5.04348 12 132 150 0.82609 77 3.04348
8480000 17 6.17647 16 152 146 0.82353 77 3.94118
8485000 17 6.47059 15 137 152 1.00000 74 4.05882
8490000 24 5.12500 15 116 148 0.79167 76 2.91667
8495000 22 5.31818 15 115 143 0.86364 77 3.18182
8500000 17 5.88235 15 135 147 0.88235 77 4.00000
8505000 21 5.28571 14 129 134 0.80952 79 3.38095
8510000 18 5.61111 12 132 140 0.88889 78 3.88889
8515000 24 4.75000 13 119 150 0.91667 76 3.00000
8520000 21 5.23810 15 127 140 0.85714 77 3.33333
8525000 20 5.50000 17 129 149 0.90000 76 3.50000
8530000 21 5.71429 15 118 151 0.90476 76 3.33333
8535000 22 5.45455 16 124 146 0.68182 73 3.00000
8540000 21 6.04762 16 121 156 0.90476 77 3.33333
8545000 21 5.76190 15 128 152 0.90476 75 3.38095
8550000 20 5.45000 15 140 140 0.80000 75 3.40000
8555000 22 5.31818 13 140 156 0.81818 75 3.18182
8560000 25 4.72000 13 145 144 0.84000 77 2.88000
8565000 23 5.26087 12 146 158 0.86957 79 3.08696
8570000 23 5.26087 13 150 160 0.86957 77 3.13043
8575000 26 4.88462 15 138 165 0.92308 77 2.88462
8580000 19 5.78947 16 151 162 0.89474 79 3.68421
8585000 20 5.75000 17 138 150 0.95000 78 3.60000
8590000 25 5.04000 17 120 156 0.84000 76 2.84000
8595000 19 6.00000 17 143 159 0.94737 78 3.52632
8600000 18 6.33333 19 143 163 0.94444 78 3.77778
8605000 20 5.10000 15 141 141 0.85000 77 3.35000
8610000 20 5.60000 16 133 158 0.85000 76 3.10000
8615000 18 6.22222 15 127 153 0.88889 78 3.66667
8620000 16 6.43750 17 149 155 1.00000 78 4.12500
8625000 19 6.00000 17 138 140 0.84211 72 3.47368
8630000 16 6.62500 17 156 148 0.87500 76 4.06250
8635000 18 5.38889 13 165 142 0.88889 75 3.50000
8640000 20 5.25000 12 159 158 0.90000 77 3.35000
8645000 18 6.00000 12 150 148 1.00000 77 3.94444
8650000 17 6.58824 14 137 152 1.00000 76 4.05882
8655000 19 5.47368 15 143 160 0.94737 78 3.84211
8660000 23 4.91304 11 126 147 0.91304 76 3.17391
8665000 23 5.08696 13 118 151 0.95652 78 3.26087
8670000 17 6.35294 14 123 140 0.88235 77 4.11765
8675000 18 6.05556 13 123 147 0.83333 76 3.94444
8680000 19 5.68421 15 127 146 0.89474 77 3.78947
8685000 21 5.23810 16 131 138 0.85714 74 3.33333
8690000 23 5.04348 17 148 148 0.78261 75 3.13043
8695000 14 7.07143 16 159 150 1.00000 79 5.00000
8700000 19 5.42105 15 150 152 0.94737 78 3.78947
8705000 22 5.04545 15 141 157 0.90909 79 3.27273
8710000 22 5.13636 16 140 150 0.81818 76 3.13636
8715000 22 4.90909 16 154 152 0.77273 79 3.31818
8720000 21 5.09524 14 162 148 0.80952 78 3.33333
8725000 22 5.13636 16 141 142 0.77273 78 3.18182
8730000 18 5.88889 16 149 143 0.83333 77 3.94444
8735000 23 5.13043 16 140 144 0.82609 75 3.13043
8740000 19 5.73684 14 147 148 0.89474 77 3.84211
8745000 21 5.52381 12 137 148 0.76190 75 3.33333
8750000 15 7.26667 14 140 161 1.00000 76 4.53333
8755000 20 5.70000 12 143 160 0.80000 78 3.55000
8760000 20 5.35000 13 142 149 0.80000 75 3.50000
8765000 20 5.45000 14 144 145 0.80000 77 3.60000
8770000 20 5.60000 15 143 161 0.90000 80 3.60000
8775000 23 5.26087 15 137 145 0.82609 78 3.08696
8780000 20 5.95000 15 140 159 0.85000 80 3.65000
8785000 20 5.85000 13 144 161 0.85000 80 3.60000
8790000 20 5.65000 16 143 153 1.00000 79 3.75000
8795000 21 5.52381 13 135 154 0.90476 79 3.57143
8800000 18 6.22222 13 146 166 1.00000 79 4.05556
8805000 22 5.63636 13 129 146 0.90909 79 3.50000
8810000 23 5.52174 13 131 155 0.91304 76 3.30435
8815000 21 5.85714 14 120 154 0.95238 78 3.52381
8820000 15 6.60000 12 135 141 1.00000 75 4.66667
8825000 18 5.38889 10 130 134 0.83333 76 3.94444
8830000 17 5.58824 10 148 137 1.00000 74 4.11765
8835000 17 5.76471 11 149 139 0.88235 74 4.11765
8840000 18 4.83333 8 134 128 0.94444 77 4.00000
8845000 23 4.60870 10 131 133 0.78261 75 3.08696
8850000 17 6.00000 15 137 141 1.00000 76 4.29412
8855000 22 5.31818 17 121 140 0.77273 76 3.36364
8860000 17 5.82353 19 141 155 0.94118 77 4.17647
8865000 21 5.57143 20 140 159 1.00000 77 3.42857
8870000 22 5.13636 21 141 145 0.90909 76 3.31818
8875000 20 5.55000 20 134 144 0.85000 78 3.70000
8880000 19 5.94737 19 134 144 0.89474 80 3.89474
8885000 20 6.10000 20 121 150 0.95000 80 3.80000
8890000 20 5.80000 18 137 148 0.85000 80 3.75000
8895000 18 5.94444 15 155 160 1.00000 80 4.11111
8900000 20 5.70000 18 147 156 0.80000 79 3.65000
8905000 20 5.85000 19 151 146 0.70000 78 3.55000
8910000 24 4.91667 16 156 156 0.79167 78 2.91667
8915000 24 5.12500 16 150 158 0.66667 81 3.08333
8920000 26 5.00000 18 137 160 0.76923 81 2.96154
8925000 22 5.59091 17 140 153 0.72727 78 3.31818
8930000 18 6.61111 22 140 155 0.83333 79 3.94444
8935000 20 5.95000 21 134 158 0.85000 79 3.80000
8940000 22 5.36364 18 135 154 0.86364 81 3.45455
8945000 19 5.36842 20 151 137 0.84211 78 3.94737
8950000 22 4.86364 15 143 135 0.86364 79 3.31818
8955000 24 4.50000 15 137 145 0.91667 78 3.04167
8960000 20 5.15000 15 144 148 0.95000 81 3.50000
8965000 18 5.38889 16 151 135 0.77778 79 3.88889
8970000 21 5.52381 14 142 152 0.76190 78 3.33333
8975000 21 5.23810 15 146 146 0.66667 77 3.23810
8980000 21 5.04762 14 149 148 0.85714 78 3.19048
8985000 22 5.18182 15 146 154 0.95455 79 3.22727
8990000 22 5.45455 14 141 169 0.95455 78 3.27273
8995000 21 5.76190 18 132 162 0.95238 80 3.52381
9000000 23 5.39130 15 129 153 0.86957 78 3.13043
9005000 19 5.78947 13 137 143 0.89474 78 3.68421
9010000 19 5.84211 14 129 149 0.78947 77 3.52632
9015000 20 6.05000 15 127 172 0.90000 76 3.55000
9020000 22 5.63636 14 122 156 0.81818 75 3.13636
9025000 19 6.36842 16 128 155 0.84211 76 3.68421
9030000 21 5.52381 16 141 147 0.76190 78 3.42857
9035000 21 5.23810 16 149 149 0.90476 78 3.42857
9040000 21 5.33333 18 145 154 0.85714 80 3.42857
9045000 23 5.08696 18 148 165 0.95652 81 3.30435
9050000 22 5.40909 18 155 160 0.86364 78 3.31818
9055000 25 4.84000 18 147 154 0.84000 78 2.96000
9060000 18 5.88889 22 147 150 1.00000 75 3.94444
9065000 20 5.10000 21 153 136 0.75000 74 3.45000
9070000 20 5.15000 19 155 134 1.00000 72 3.50000
9075000 24 4.79167 21 139 152 0.79167 77 2.83333
9080000 20 5.30000 20 145 140 0.75000 77 3.35000
9085000 17 6.11765 20 150 159 0.94118 77 4.00000
9090000 20 5.50000 18 149 161 0.95000 76 3.50000
9095000 23 5.13043 18 140 157 0.86957 77 3.08696
9100000 27 4.66667 18 132 159 0.81481 76 2.77778
9105000 21 5.52381 18 140 162 0.95238 78 3.57143
9110000 26 4.46154 15 144 150 0.88462 77 2.84615
9115000 27 4.59259 15 143 152 0.74074 78 2.66667
9120000 21 5.57143 14 140 151 0.95238 77 3.47619
9125000 26 4.76923 14 128 157 0.84615 79 2.76923
9130000 22 5.09091 15 141 155 0.86364 77 3.22727
9135000 23 5.21739 15 136 153 0.86957 77 3.13043
9140000 22 5.27273 16 133 152 0.90909 79 3.27273
9145000 23 5.13043 16 142 149 0.82609 78 3.13043
9150000 23 5.43478 17 130 157 0.91304 80 3.21739
9155000 22 5.50000 18 136 156 1.00000 81 3.31818
9160000 24 5.25000 19 137 157 0.87500 76 3.04167
9165000 21 5.52381 20 159 161 0.95238 78 3.33333
9170000 23 5.17391 20 157 163 0.91304 78 3.04348
9175000 26 4.57692 15 159 162 0.88462 78 2.76923
9180000 26 4.73077 17 148 167 0.88462 78 2.73077
9185000 25 5.16000 17 140 168 0.80000 76 2.80000
9190000 25 5.28000 15 134 168 1.00000 77 2.88000
9195000 30 4.40000 14 127 166 0.83333 77 2.43333
9200000 26 4.69231 13 141 162 0.84615 77 2.69231
9205000 24 4.87500 13 148 163 0.83333 76 2.87500
9210000 25 4.88000 13 149 164 0.92000 78 2.72000
9215000 25 5.04000 13 145 165 0.80000 80 2.80000
9220000 25 4.84000 14 145 161 0.88000 80 2.84000
9225000 23 4.86957 12 149 167 0.95652 78 2.95652
9230000 20 5.55000 14 147 155 0.95000 78 3.35000
9235000 26 4.65385 14 129 156 0.92308 75 2.80769
9240000 26 4.61538 15 125 154 0.84615 78 2.69231
9245000 24 4.62500 15 141 153 0.87500 77 2.91667
9250000 21 4.95238 12 148 146 0.95238 74 3.38095
9255000 28 4.32143 11 133 156 0.89286 76 2.60714
9260000 24 4.79167 12 148 154 0.95833 78 2.95833
9265000 24 4.70833 12 136 149 0.83333 76 2.83333
9270000 22 5.22727 12 138 151 0.86364 76 3.18182
9275000 24 4.83333 12 132 144 0.87500 75 2.91667
9280000 18 6.22222 15 132 153 0.94444 75 3.88889
9285000 23 5.04348 15 127 137 0.82609 77 3.08696
9290000 17 5.76471 13 140 137 1.00000 77 4.05882
9295000 20 5.40000 14 127 142 0.90000 78 3.30000
9300000 18 5.61111 15 135 143 0.88889 77 3.72222
9305000 19 5.31579 16 133 151 0.78947 72 3.47368
9310000 25 4.72000 13 118 133 0.64000 72 2.80000
9315000 19 5.73684 15 144 154 0.89474 74 3.42105
9320000 20 5.70000 14 137 158 0.75000 78 3.35000
9325000 15 7.33333 14 150 155 0.93333 75 4.40000
9330000 20 5.95000 13 150 162 0.90000 79 3.35000
9335000 21 5.57143 14 145 160 0.76190 75 3.19048
9340000 20 6.00000 14 142 166 0.90000 76 3.50000
9345000 24 5.12500 12 146 169 0.91667 78 3.04167
9350000 24 5.66667 17 132 167 0.91667 80 3.16667
9355000 19 6.52632 14 143 167 0.94737 78 4.00000
9360000 19 6.00000 16 145 154 0.94737 81 3.89474
9365000 20 5.35000 13 135 145 0.90000 81 3.65000
9370000 21 5.19048 15 136 147 0.95238 79 3.61905
9375000 17 5.58824 15 139 140 1.00000 78 4.23529
9380000 22 4.54545 14 136 143 0.90909 79 3.27273
9385000 21 5.38095 16 128 145 0.80952 78 3.38095
9390000 20 5.75000 18 140 147 0.95000 78 3.65000
9395000 19 5.42105 15 144 142 0.84211 78 3.68421
9400000 25 4.68000 13 130 148 0.88000 76 2.80000
9405000 23 4.78261 14 138 143 0.82609 77 3.04348
9410000 26 4.46154 14 137 149 0.76923 77 2.73077
9415000 23 5.08696 16 139 149 0.91304 78 3.13043
9420000 20 5.55000 16 139 151 0.85000 77 3.45000
9425000 25 4.84000 16 122 156 0.88000 73 2.76000
9430000 25 4.84000 13 128 146 0.76000 74 2.76000
9435000 26 4.61538 16 137 156 0.88462 79 2.84615
9440000 25 4.60000 15 132 158 0.88000 80 2.88000
9445000 25 4.56000 13 121 143 0.96000 77 2.92000
9450000 22 4.95455 16 130 151 0.95455 78 3.31818
9455000 20 5.10000 15 137 146 0.95000 74 3.60000
9460000 22 5.04545 16 124 153 1.00000 75 3.31818
9465000 20 5.55000 15 118 149 0.90000 74 3.50000
9470000 18 6.11111 17 123 146 0.94444 74 3.88889
9475000 21 5.09524 15 128 150 0.90476 76 3.33333
9480000 23 4.91304 14 133 146 0.82609 76 2.95652
9485000 22 5.36364 16 128 152 0.90909 75 3.18182
9490000 27 4.85185 15 120 160 0.88889 78 2.74074
9495000 24 5.25000 15 126 164 1.00000 77 3.00000
9500000 23 4.86957 13 135 146 0.86957 77 2.95652
9505000 24 4.79167 13 133 158 0.95833 77 2.83333
9510000 28 4.17857 12 134 156 0.89286 77 2.53571
9515000 24 4.37500 12 143 145 0.83333 76 2.83333
9520000 23 5.04348 14 126 137 0.91304 73 3.00000
9525000 26 4.69231 14 128 146 0.80769 77 2.73077
9530000 24 4.75000 13 137 148 0.91667 78 3.12500
9535000 25 4.52000 13 140 154 0.92000 78 2.96000
9540000 23 4.39130 12 155 141 0.86957 75 2.91304
9545000 25 4.08000 11 159 145 0.88000 74 2.64000
9550000 27 4.40741 14 144 151 0.85185 78 2.66667
9555000 26 4.69231 15 135 150 0.84615 77 2.69231
9560000 23 4.95652 13 134 159 0.82609 80 3.04348
9565000 23 4.65217 11 128 137 0.78261 79 2.95652
9570000 25 4.44000 11 131 142 0.84000 76 2.88000
9575000 21 5.00000 12 136 147 1.00000 77 3.42857
9580000 25 4.72000 12 124 169 0.88000 77 2.92000
9585000 22 5.45455 14 130 158 0.90909 77 3.27273
9590000 24 4.91667 10 133 135 0.83333 77 3.00000
9595000 24 4.91667 10 132 161 0.91667 79 3.16667
9600000 24 4.62500 10 144 153 0.91667 78 3.00000
9605000 20 5.50000 13 146 150 0.95000 76 3.65000
9610000 22 5.13636 13 138 145 0.90909 78 3.27273
9615000 19 5.73684 12 148 160 0.94737 79 3.73684
9620000 21 5.57143 11 137 152 0.95238 80 3.57143
9625000 25 5.08000 11 128 163 0.84000 79 2.96000
9630000 23 5.73913 12 121 164 0.82609 78 3.26087
9635000 24 5.33333 13 117 160 0.91667 78 3.12500
9640000 19 6.31579 13 133 163 1.00000 80 3.78947
9645000 21 5.71429 13 136 152 0.90476 79 3.47619
9650000 23 5.65217 13 122 154 0.78261 78 3.21739
9655000 19 6.10526 13 132 161 0.84211 78 3.84211
9660000 19 5.94737 13 117 145 0.84211 75 3.78947
9665000 17 6.52941 14 117 145 1.00000 75 4.23529
9670000 14 7.14286 15 133 142 0.92857 77 5.07143
9675000 26 4.96154 13 123 160 0.80769 79 2.92308
9680000 28 4.64286 15 115 150 0.75000 79 2.75000
9685000 22 5.27273 16 125 155 0.95455 80 3.45455
9690000 19 5.63158 14 139 151 0.94737 77 3.78947
9695000 17 5.76471 15 137 151 0.94118 75 3.94118
9700000 19 5.57895 15 137 138 0.73684 73 3.52632
9705000 19 5.89474 17 138 138 0.89474 74 3.57895
9710000 19 5.73684 13 133 136 0.84211 72 3.57895
9715000 23 5.04348 13 126 151 0.82609 76 3.04348
9720000 20 5.40000 14 142 160 0.80000 77 3.45000
9725000 19 5.89474 14 141 147 1.00000 77 3.68421
9730000 18 6.11111 15 132 151 0.83333 78 3.83333
9735000 21 5.52381 16 125 152 0.85714 76 3.33333
9740000 16 6.18750 15 135 138 1.00000 76 4.18750
9745000 16 6.31250 13 151 145 0.93750 77 4.31250
9750000 21 5.47619 14 129 142 0.76190 79 3.28571
9755000 20 5.65000 13 137 149 0.90000 79 3.60000
9760000 22 5.63636 12 141 171 0.95455 81 3.31818
9765000 22 5.63636 12 144 164 0.86364 80 3.27273
9770000 26 5.03846 14 123 159 0.76923 77 2.73077
9775000 22 5.40909 14 133 159 0.95455 78 3.27273
9780000 18 6.38889 15 132 155 1.00000 77 3.94444
9785000 21 5.61905 17 122 154 0.80952 73 3.28571
9790000 18 6.05556 16 128 146 0.83333 72 3.72222
9795000 20 5.40000 16 124 141 0.90000 72 3.40000
9800000 22 4.95455 17 129 130 0.72727 71 3.00000
9805000 18 5.77778 15 139 140 0.83333 77 3.77778
9810000 16 6.81250 14 134 158 1.00000 77 4.37500
9815000 20 5.45000 12 138 148 0.90000 77 3.50000
9820000 15 7.13333 15 145 141 0.93333 77 4.53333
9825000 17 6.29412 14 150 152 0.88235 77 4.00000
9830000 21 5.38095 15 135 150 0.80952 76 3.28571
9835000 20 5.85000 15 133 150 0.85000 77 3.45000
9840000 16 6.56250 15 145 145 0.87500 78 4.31250
9845000 23 5.73913 17 129 154 0.91304 76 3.17391
9850000 21 6.04762 18 132 157 0.90476 78 3.38095
9855000 19 6.63158 18 136 168 0.89474 77 3.52632
9860000 18 6.55556 18 132 156 0.83333 79 3.83333
9865000 19 6.00000 15 130 153 0.94737 77 3.78947
9870000 20 5.90000 16 132 152 0.75000 78 3.50000
9875000 22 5.63636 16 129 151 0.72727 77 3.18182
9880000 17 6.88235 15 139 156 0.94118 75 4.05882
9885000 26 5.03846 15 130 145 0.76923 74 2.76923
9890000 21 5.90476 16 131 157 0.85714 79 3.42857
9895000 22 5.50000 15 129 164 0.90909 77 3.36364
9900000 24 5.33333 14 132 160 0.87500 78 3.04167
9905000 18 6.00000 17 145 149 0.88889 79 3.94444
9910000 19 5.89474 13 141 152 0.89474 76 3.63158
9915000 18 6.38889 13 129 146 0.88889 76 3.94444
9920000 23 5.34783 12 123 148 0.78261 76 3.13043
9925000 21 5.52381 13 129 147 0.85714 80 3.52381
9930000 19 5.52632 11 141 145 0.78947 78 3.68421
9935000 21 5.14286 11 136 141 0.80952 78 3.38095
9940000 17 6.17647 12 141 142 0.88235 74 4.23529
9945000 22 5.22727 12 137 139 0.81818 78 3.36364
9950000 18 6.00000 14 144 154 0.94444 76 4.05556
9955000 18 5.50000 13 142 145 0.94444 78 4.11111
9960000 17 5.76471 13 139 142 0.88235 78 4.29412
9965000 17 5.88235 12 137 142 0.94118 79 4.35294
9970000 17 5.70588 11 144 136 0.94118 79 4.35294
9975000 21 5.38095 11 134 154 0.85714 80 3.61905
9980000 23 5.34783 11 130 153 0.86957 79 3.26087
9985000 20 5.30000 11 143 143 0.95000 78 3.65000
9990000 19 5.52632 11 141 151 0.89474 75 3.84211
9995000 22 4.90909 11 148 146 0.90909 77 3.31818
10000000 21 5.00000 11 155 139 0.90476 78 3.61905
