# Timesteps, List of cluster sizes
1000000: [33, 39, 34, 104, 5, 12, 44, 5, 6, 3]
1005000: [33, 38, 34, 104, 5, 12, 44, 5, 6, 3]
1010000: [34, 37, 33, 104, 6, 12, 44, 5, 6, 3]
1015000: [35, 37, 32, 104, 6, 12, 44, 5, 6, 3]
1020000: [35, 35, 32, 104, 6, 12, 44, 5, 6, 3]
1025000: [36, 36, 33, 103, 6, 12, 44, 4, 6, 3]
1030000: [36, 35, 33, 103, 7, 12, 44, 4, 6, 3]
1035000: [36, 34, 103, 7, 12, 44, 36, 5, 6, 3]
1040000: [37, 34, 103, 7, 13, 44, 37, 5, 6, 3]
1045000: [36, 35, 102, 7, 12, 44, 35, 5, 6, 3]
1050000: [37, 35, 103, 7, 12, 44, 36, 5, 6, 3]
1055000: [37, 35, 103, 7, 12, 44, 36, 5, 6, 3]
1060000: [37, 34, 102, 6, 12, 44, 36, 4, 6, 3]
1065000: [36, 36, 103, 5, 12, 43, 36, 4, 6, 3]
1070000: [36, 36, 103, 5, 12, 42, 36, 4, 6, 3]
1075000: [38, 35, 102, 5, 12, 43, 35, 4, 7, 3]
1080000: [38, 33, 104, 5, 12, 42, 35, 4, 7, 3]
1085000: [38, 33, 106, 5, 12, 41, 35, 4, 6, 3]
1090000: [37, 33, 105, 5, 11, 41, 35, 4, 6, 3]
1095000: [35, 33, 105, 5, 11, 41, 35, 5, 2, 7, 3]
1100000: [36, 33, 105, 5, 12, 41, 35, 6, 7, 3, 2]
1105000: [37, 33, 103, 6, 12, 40, 37, 5, 7, 4, 2]
1110000: [36, 33, 104, 5, 12, 40, 35, 5, 8, 4]
1115000: [35, 32, 104, 4, 12, 40, 35, 5, 7, 4]
1120000: [36, 105, 33, 4, 12, 39, 35, 5, 8, 5]
1125000: [36, 104, 33, 4, 12, 39, 36, 6, 8, 5]
1130000: [36, 105, 33, 4, 11, 39, 37, 6, 2, 4, 7]
1135000: [34, 105, 33, 4, 11, 39, 37, 6, 4, 7]
1140000: [35, 105, 33, 5, 11, 39, 36, 6, 4, 7]
1145000: [36, 107, 33, 5, 11, 39, 36, 5, 4, 7]
1150000: [35, 108, 33, 5, 11, 38, 36, 5, 4, 7]
1155000: [37, 107, 32, 4, 10, 38, 36, 5, 4, 7, 2]
1160000: [35, 107, 31, 4, 10, 38, 36, 6, 8, 3]
1165000: [35, 106, 31, 4, 10, 39, 36, 10, 7, 3]
1170000: [33, 107, 32, 4, 11, 39, 35, 8, 6, 3]
1175000: [35, 106, 32, 4, 11, 40, 2, 34, 8, 6, 2, 3]
1180000: [35, 109, 32, 4, 12, 40, 33, 7, 6, 3]
1185000: [36, 108, 32, 4, 11, 40, 33, 7, 6, 3]
1190000: [35, 108, 32, 5, 11, 40, 35, 7, 6, 3]
1195000: [36, 106, 34, 5, 12, 40, 35, 7, 6, 3]
1200000: [36, 108, 33, 5, 12, 40, 35, 7, 6, 2, 4]
1205000: [37, 108, 31, 5, 12, 40, 35, 7, 6, 4]
1210000: [37, 108, 31, 5, 12, 40, 36, 7, 6, 4]
1215000: [37, 108, 32, 5, 12, 40, 35, 8, 6, 4]
1220000: [38, 107, 32, 5, 12, 41, 35, 8, 6, 4]
1225000: [39, 106, 32, 5, 12, 41, 35, 8, 6, 4]
1230000: [39, 106, 32, 5, 12, 41, 35, 7, 6, 4]
1235000: [39, 106, 31, 5, 12, 41, 36, 7, 7, 3]
1240000: [39, 106, 31, 5, 11, 41, 35, 7, 7, 3]
1245000: [38, 105, 31, 5, 12, 41, 34, 7, 8, 3]
1250000: [38, 105, 31, 5, 13, 41, 34, 7, 8, 3]
1255000: [39, 105, 31, 5, 13, 41, 33, 7, 7, 3]
1260000: [39, 107, 31, 5, 12, 40, 33, 7, 7, 3]
1265000: [38, 108, 30, 5, 12, 40, 32, 7, 7, 2]
1270000: [38, 107, 30, 5, 12, 39, 33, 7, 7, 3]
1275000: [38, 107, 30, 5, 13, 39, 33, 9, 7, 3]
1280000: [38, 107, 30, 2, 13, 40, 33, 9, 7, 3]
1285000: [39, 107, 30, 3, 13, 40, 33, 10, 7, 2, 3]
1290000: [39, 107, 30, 3, 13, 40, 33, 11, 3, 7, 3]
1295000: [39, 107, 30, 3, 13, 40, 33, 10, 7, 2, 3]
1300000: [107, 30, 2, 13, 40, 33, 10, 37, 7, 3]
1305000: [38, 106, 30, 3, 12, 40, 33, 10, 7, 3]
1310000: [37, 106, 30, 12, 40, 33, 10, 7, 2, 2, 3]
1315000: [38, 107, 30, 12, 40, 33, 10, 7, 2, 2, 3]
1320000: [39, 106, 30, 11, 40, 34, 7, 9, 2, 2, 3]
1325000: [38, 107, 31, 10, 40, 9, 32, 7, 2, 2, 3]
1330000: [38, 107, 31, 10, 40, 9, 32, 6, 2, 3]
1335000: [38, 107, 31, 10, 40, 9, 32, 6, 2, 3]
1340000: [36, 107, 29, 2, 10, 40, 8, 33, 6, 2, 3]
1345000: [37, 106, 29, 11, 40, 9, 33, 7, 2, 2, 3]
1350000: [37, 106, 29, 33, 12, 41, 9, 6, 2, 2, 3]
1355000: [37, 107, 29, 31, 12, 41, 9, 6, 3, 3]
1360000: [37, 107, 29, 30, 13, 41, 9, 6, 3, 3]
1365000: [37, 108, 30, 31, 13, 41, 9, 5, 3, 3]
1370000: [37, 108, 30, 31, 12, 42, 5, 4, 8, 3]
1375000: [35, 107, 31, 30, 42, 11, 6, 5, 8, 3]
1380000: [35, 107, 31, 31, 42, 11, 6, 3, 7, 4]
1385000: [34, 108, 31, 31, 12, 42, 6, 4, 7, 3]
1390000: [34, 108, 31, 32, 12, 42, 6, 5, 7, 2]
1395000: [33, 108, 31, 34, 13, 43, 6, 5, 7, 2]
1400000: [33, 108, 31, 34, 13, 43, 2, 7, 5, 7, 3]
1405000: [33, 110, 31, 34, 13, 42, 7, 4, 7, 3]
1410000: [33, 111, 31, 34, 13, 42, 7, 4, 6, 3]
1415000: [33, 111, 31, 34, 13, 43, 7, 4, 6, 3]
1420000: [33, 111, 31, 33, 13, 44, 8, 6, 3, 2]
1425000: [33, 111, 31, 32, 12, 44, 8, 6, 3, 2]
1430000: [34, 111, 40, 31, 11, 44, 6, 3, 2, 2]
1435000: [33, 112, 39, 31, 10, 44, 6, 3, 2, 2]
1440000: [34, 110, 40, 31, 10, 44, 6, 3, 2]
1445000: [34, 109, 41, 31, 10, 43, 6, 3, 2]
1450000: [34, 107, 42, 31, 10, 44, 6, 3, 2]
1455000: [34, 107, 42, 32, 10, 44, 6, 2, 3]
1460000: [34, 106, 41, 32, 10, 44, 2, 6, 2, 3]
1465000: [34, 104, 41, 32, 10, 44, 6, 2, 2]
1470000: [35, 106, 41, 32, 10, 44, 6, 2, 2]
1475000: [35, 107, 42, 32, 10, 44, 6, 3]
1480000: [35, 106, 42, 32, 10, 44, 6, 3, 2, 2]
1485000: [34, 107, 42, 32, 11, 44, 5, 3]
1490000: [34, 108, 42, 32, 11, 45, 5, 3]
1495000: [35, 107, 41, 32, 11, 45, 5, 3, 2]
1500000: [35, 107, 41, 33, 11, 45, 4, 3]
1505000: [35, 105, 42, 33, 11, 45, 5, 3]
1510000: [34, 105, 40, 33, 12, 45, 6, 3]
1515000: [32, 103, 39, 35, 12, 45, 7, 3]
1520000: [33, 105, 39, 35, 12, 46, 8, 2, 4]
1525000: [33, 105, 40, 35, 12, 47, 8, 4]
1530000: [34, 105, 40, 35, 12, 45, 8, 4]
1535000: [35, 106, 40, 35, 12, 46, 7, 4]
1540000: [34, 105, 40, 35, 12, 46, 8, 3]
1545000: [34, 105, 40, 35, 12, 45, 8, 3]
1550000: [36, 105, 40, 35, 12, 45, 8, 2]
1555000: [36, 104, 40, 35, 12, 47, 8, 2]
1560000: [105, 40, 34, 12, 47, 34, 8, 2]
1565000: [104, 40, 34, 12, 48, 34, 7, 2]
1570000: [105, 40, 34, 12, 48, 34, 6, 2]
1575000: [105, 41, 34, 11, 48, 34, 6, 3]
1580000: [104, 41, 34, 11, 47, 35, 6, 3]
1585000: [36, 105, 40, 35, 11, 49, 6, 2, 3]
1590000: [36, 106, 40, 35, 11, 49, 6, 3]
1595000: [35, 106, 40, 35, 11, 49, 6, 3]
1600000: [35, 106, 39, 34, 11, 49, 6, 2]
1605000: [34, 107, 39, 36, 11, 48, 6, 2]
1610000: [35, 107, 39, 36, 11, 48, 7, 2]
1615000: [35, 107, 39, 36, 11, 49, 6, 2]
1620000: [36, 107, 39, 34, 11, 49, 6, 2]
1625000: [36, 108, 39, 35, 11, 50, 6, 2]
1630000: [107, 39, 35, 11, 50, 35, 6, 2, 2]
1635000: [35, 107, 39, 36, 11, 49, 7, 2]
1640000: [35, 108, 38, 37, 11, 49, 7, 2, 2]
1645000: [35, 106, 37, 38, 10, 49, 7, 2]
1650000: [35, 107, 38, 38, 10, 49, 2, 7, 2]
1655000: [35, 107, 39, 37, 10, 48, 7, 2]
1660000: [37, 107, 38, 37, 10, 48, 6, 2]
1665000: [37, 106, 38, 36, 10, 47, 7, 2]
1670000: [37, 106, 38, 36, 10, 47, 6, 2]
1675000: [36, 106, 38, 36, 10, 47, 6, 2, 2]
1680000: [36, 106, 39, 36, 10, 49, 6, 2]
1685000: [35, 106, 39, 36, 10, 49, 6, 2]
1690000: [35, 105, 39, 35, 10, 49, 2, 7, 2]
1695000: [35, 105, 39, 36, 10, 49, 3, 7, 2]
1700000: [36, 105, 40, 35, 10, 48, 3, 7, 2]
1705000: [36, 105, 39, 35, 10, 48, 3, 7, 2]
1710000: [36, 104, 40, 34, 10, 48, 3, 7, 2]
1715000: [36, 104, 40, 35, 10, 48, 3, 7, 2]
1720000: [35, 104, 41, 34, 10, 48, 3, 6]
1725000: [35, 103, 41, 34, 10, 47, 3, 6]
1730000: [34, 102, 41, 35, 10, 46, 3, 6]
1735000: [35, 102, 41, 34, 10, 46, 3, 6]
1740000: [35, 102, 42, 35, 10, 46, 3, 6]
1745000: [36, 101, 43, 36, 10, 46, 3, 6]
1750000: [36, 101, 43, 37, 10, 46, 3, 6, 2]
1755000: [36, 102, 43, 36, 11, 46, 3, 6]
1760000: [36, 102, 42, 37, 11, 46, 3, 6]
1765000: [102, 39, 37, 11, 46, 3, 35, 6]
1770000: [101, 39, 36, 7, 11, 46, 3, 34]
1775000: [101, 39, 35, 7, 11, 47, 3, 33]
1780000: [101, 39, 34, 7, 11, 48, 3, 34]
1785000: [101, 40, 34, 7, 12, 48, 3, 33]
1790000: [99, 40, 35, 6, 12, 48, 3, 35]
1795000: [99, 41, 37, 6, 13, 48, 35, 3]
1800000: [99, 41, 37, 6, 12, 48, 36, 3]
1805000: [98, 41, 37, 12, 47, 36, 5, 2, 3]
1810000: [100, 41, 35, 13, 47, 36, 5, 2, 3]
1815000: [100, 43, 36, 13, 47, 36, 5, 4]
1820000: [100, 43, 36, 13, 48, 35, 5, 4]
1825000: [100, 44, 37, 13, 46, 36, 5, 4]
1830000: [100, 43, 37, 13, 48, 35, 5, 4]
1835000: [100, 42, 37, 13, 48, 2, 36, 5, 4]
1840000: [100, 42, 37, 13, 48, 37, 5, 4]
1845000: [102, 42, 37, 13, 50, 37, 5, 4]
1850000: [102, 42, 37, 14, 49, 37, 5, 4]
1855000: [102, 43, 37, 14, 50, 37, 5, 4]
1860000: [102, 43, 37, 14, 50, 37, 5, 4, 2]
1865000: [102, 43, 38, 14, 50, 37, 5, 4, 2]
1870000: [102, 43, 37, 14, 50, 37, 5, 4, 2]
1875000: [103, 43, 35, 14, 50, 37, 5, 4, 2]
1880000: [102, 44, 35, 13, 50, 36, 5, 4]
1885000: [101, 43, 36, 14, 50, 36, 5, 4]
1890000: [101, 43, 36, 13, 50, 37, 5, 5]
1895000: [100, 44, 36, 13, 50, 37, 5, 5]
1900000: [98, 45, 36, 12, 50, 36, 5, 5]
1905000: [98, 44, 36, 12, 50, 35, 5, 4]
1910000: [98, 43, 36, 12, 50, 35, 5, 4]
1915000: [98, 43, 35, 11, 50, 34, 5, 3]
1920000: [98, 43, 33, 11, 50, 34, 5, 3]
1925000: [99, 42, 33, 12, 50, 36, 5, 2, 3]
1930000: [99, 42, 33, 12, 50, 36, 5, 2, 3]
1935000: [99, 42, 33, 12, 50, 6, 34, 2, 3]
1940000: [99, 43, 34, 12, 51, 6, 34, 2, 3]
1945000: [99, 42, 34, 12, 51, 6, 34, 2, 3]
1950000: [99, 42, 34, 12, 50, 6, 34, 2, 3]
1955000: [99, 42, 33, 12, 50, 6, 34, 2, 3]
1960000: [99, 41, 34, 12, 50, 6, 34, 2, 3]
1965000: [99, 41, 34, 12, 50, 6, 33, 3, 3]
1970000: [99, 40, 35, 12, 51, 6, 33, 3, 2]
1975000: [99, 40, 35, 11, 51, 6, 34, 3, 2]
1980000: [100, 40, 35, 11, 51, 6, 35, 3, 2]
1985000: [99, 40, 35, 11, 52, 6, 35, 3, 2]
1990000: [99, 40, 35, 11, 53, 6, 35, 4, 2]
1995000: [99, 38, 34, 11, 53, 6, 34, 3, 2]
2000000: [99, 39, 34, 11, 53, 6, 34, 2, 3, 2]
