# V2 - Timesteps, No of clusters, Mean cluster size, Size largest cluster, No clusters size 1, No prot bound to poly, Fraction clusters bound to poly, No type 2 poly bound to prot, Mean no type 2 in prot cluster
3000000 29 6.96552 25 89 219 0.89655 76 2.51724
3005000 30 6.83333 20 81 211 0.90000 74 2.40000
3010000 30 6.80000 22 79 210 0.83333 75 2.46667
3015000 31 6.70968 22 76 204 0.87097 77 2.48387
3020000 33 6.39394 21 79 213 0.75758 76 2.27273
3025000 27 7.29630 20 97 218 0.85185 77 2.74074
3030000 30 6.73333 22 98 220 0.83333 78 2.50000
3035000 39 5.84615 25 73 217 0.66667 77 1.97436
3040000 38 5.97368 23 82 219 0.78947 78 2.02632
3045000 34 6.58824 25 82 219 0.76471 79 2.26471
3050000 35 6.51429 26 87 228 0.77143 79 2.22857
3055000 33 6.48485 26 94 209 0.72727 78 2.33333
3060000 30 7.16667 24 106 215 0.76667 79 2.56667
3065000 36 6.30556 20 94 228 0.66667 80 2.16667
3070000 30 7.53333 21 98 238 0.80000 79 2.60000
3075000 30 7.70000 20 88 231 0.73333 78 2.56667
3080000 26 8.34615 23 95 224 0.80769 79 2.96154
3085000 30 7.53333 24 98 238 0.80000 78 2.56667
3090000 23 9.17391 25 98 227 0.91304 79 3.39130
3095000 33 6.96970 25 82 220 0.69697 78 2.36364
3100000 25 8.64000 23 98 234 0.88000 78 3.08000
3105000 27 7.48148 21 96 210 0.81481 78 2.85185
3110000 30 6.46667 19 87 199 0.80000 76 2.50000
3115000 31 6.64516 21 81 201 0.80645 77 2.45161
3120000 28 7.35714 22 89 198 0.78571 77 2.71429
3125000 33 6.33333 24 85 212 0.78788 78 2.33333
3130000 27 7.18519 27 95 201 0.74074 77 2.85185
3135000 31 6.83871 26 83 194 0.70968 77 2.48387
3140000 27 7.48148 27 95 195 0.70370 76 2.74074
3145000 29 7.10345 29 88 198 0.68966 75 2.58621
3150000 30 6.80000 28 88 199 0.73333 76 2.53333
3155000 25 8.12000 30 86 208 0.92000 78 3.00000
3160000 33 6.66667 28 80 223 0.78788 79 2.30303
3165000 27 8.03704 29 89 220 0.77778 78 2.81481
3170000 27 7.81481 27 91 215 0.81481 78 2.81481
3175000 37 6.21622 25 83 229 0.81081 79 2.10811
3180000 30 7.50000 26 83 231 0.80000 78 2.56667
3185000 31 7.25806 24 87 240 0.80645 78 2.45161
3190000 35 6.60000 24 73 218 0.71429 76 2.08571
3195000 28 8.03571 27 88 241 0.82143 79 2.67857
3200000 32 7.34375 28 83 243 0.81250 77 2.37500
3205000 27 8.66667 30 78 235 0.85185 77 2.77778
3210000 22 9.95455 32 78 248 1.00000 77 3.50000
3215000 24 9.29167 31 71 231 0.91667 77 3.16667
3220000 24 9.50000 30 69 239 0.83333 77 3.20833
3225000 24 8.95833 34 84 218 0.79167 79 3.12500
3230000 26 8.34615 36 80 227 0.84615 79 3.03846
3235000 25 8.68000 30 92 230 0.84000 78 3.12000
3240000 30 7.50000 27 83 236 0.83333 81 2.63333
3245000 27 8.29630 27 83 233 0.81481 79 2.92593
3250000 22 9.72727 29 98 239 0.86364 77 3.50000
3255000 28 7.85714 26 85 217 0.71429 78 2.71429
3260000 29 7.34483 26 89 230 0.82759 78 2.68966
3265000 28 7.75000 27 85 223 0.78571 79 2.78571
3270000 30 7.40000 28 76 223 0.80000 78 2.60000
3275000 29 7.79310 30 81 231 0.72414 79 2.65517
3280000 27 8.55556 30 87 241 0.85185 77 2.81481
3285000 29 7.68966 28 88 238 0.82759 77 2.62069
3290000 25 8.60000 27 99 228 0.80000 77 3.00000
3295000 28 7.92857 28 92 231 0.67857 76 2.71429
3300000 25 8.76000 25 85 230 0.76000 78 3.08000
3305000 31 7.00000 24 77 214 0.74194 77 2.48387
3310000 24 8.62500 22 78 224 0.95833 78 3.20833
3315000 30 7.60000 21 74 225 0.80000 78 2.60000
3320000 30 7.73333 21 69 229 0.83333 79 2.60000
3325000 29 7.89655 22 77 232 0.82759 79 2.72414
3330000 27 8.62963 24 77 232 0.81481 78 2.88889
3335000 33 7.21212 21 83 248 0.78788 77 2.30303
3340000 29 7.34483 21 96 231 0.82759 80 2.68966
3345000 33 6.57576 21 88 221 0.87879 78 2.36364
3350000 30 6.76667 24 98 212 0.76667 79 2.63333
3355000 29 6.96552 20 93 217 0.89655 78 2.65517
3360000 33 6.60606 20 86 215 0.72727 78 2.33333
3365000 24 8.29167 20 103 222 0.87500 81 3.25000
3370000 26 8.23077 24 88 228 0.84615 78 2.88462
3375000 31 7.87097 25 69 237 0.70968 78 2.48387
3380000 31 7.64516 27 63 236 0.77419 77 2.48387
3385000 29 8.03448 25 75 236 0.82759 75 2.51724
3390000 28 8.21429 28 87 244 0.85714 78 2.71429
3395000 23 9.34783 25 95 228 0.91304 76 3.21739
3400000 27 8.29630 23 87 230 0.85185 77 2.77778
3405000 31 7.35484 21 84 217 0.67742 78 2.51613
3410000 33 7.27273 22 81 215 0.72727 77 2.33333
3415000 29 7.65517 20 95 218 0.79310 76 2.58621
3420000 28 7.96429 23 96 225 0.78571 76 2.64286
3425000 32 7.18750 24 93 229 0.71875 76 2.28125
3430000 30 7.43333 22 96 239 0.76667 76 2.53333
3435000 27 8.29630 22 98 233 0.85185 76 2.77778
3440000 29 8.06897 24 72 227 0.68966 77 2.62069
3445000 28 8.39286 25 78 230 0.71429 76 2.67857
3450000 24 9.37500 35 100 229 0.83333 75 3.08333
3455000 30 7.56667 32 86 228 0.66667 77 2.50000
3460000 25 8.68000 29 91 229 0.84000 77 3.00000
3465000 23 9.26087 28 89 212 0.91304 76 3.26087
3470000 25 8.68000 29 81 227 0.80000 77 3.04000
3475000 26 7.76923 24 88 220 0.92308 74 2.80769
3480000 27 8.03704 27 83 232 0.81481 75 2.74074
3485000 27 8.18519 29 95 231 0.81481 78 2.81481
3490000 27 8.18519 30 93 234 0.81481 78 2.85185
3495000 30 7.50000 31 96 228 0.80000 79 2.56667
3500000 25 8.64000 31 107 232 0.84000 79 3.08000
3505000 32 7.00000 25 86 223 0.75000 78 2.37500
3510000 25 8.56000 22 89 226 0.96000 77 3.00000
3515000 31 7.45161 24 83 224 0.74194 76 2.38710
3520000 29 7.58621 24 88 236 0.86207 74 2.51724
3525000 30 7.23333 21 85 213 0.73333 73 2.43333
3530000 32 7.06250 23 76 225 0.84375 71 2.21875
3535000 34 6.50000 22 74 219 0.79412 75 2.08824
3540000 30 6.76667 20 78 212 0.93333 75 2.40000
3545000 27 7.33333 22 84 209 0.88889 75 2.74074
3550000 34 5.67647 17 93 188 0.82353 78 2.20588
3555000 30 6.30000 19 90 201 0.80000 76 2.43333
3560000 30 6.76667 19 84 222 0.90000 75 2.50000
3565000 29 6.96552 19 79 209 0.86207 77 2.51724
3570000 28 7.25000 20 74 216 0.89286 76 2.71429
3575000 35 5.97143 21 69 203 0.68571 76 2.08571
3580000 33 6.00000 22 77 200 0.81818 76 2.24242
3585000 33 5.96970 21 85 207 0.84848 75 2.21212
3590000 31 6.67742 18 84 218 0.87097 75 2.41935
3595000 31 6.38710 17 94 205 0.87097 78 2.45161
3600000 33 6.39394 17 77 206 0.81818 76 2.30303
3605000 29 6.93103 19 78 205 0.86207 75 2.58621
3610000 31 6.83871 19 70 218 0.83871 76 2.41935
3615000 31 6.61290 18 83 208 0.80645 77 2.41935
3620000 32 6.65625 20 74 222 0.87500 78 2.31250
3625000 29 7.41379 21 78 217 0.82759 77 2.55172
3630000 30 7.53333 20 83 222 0.83333 79 2.56667
3635000 27 7.74074 21 90 216 0.88889 76 2.81481
3640000 31 7.09677 21 87 219 0.80645 77 2.48387
3645000 32 6.87500 22 86 224 0.78125 78 2.43750
3650000 30 7.00000 22 87 212 0.90000 78 2.56667
3655000 33 6.42424 20 74 203 0.84848 76 2.30303
3660000 27 7.37037 29 83 203 0.77778 78 2.81481
3665000 22 8.72727 25 85 200 0.86364 77 3.40909
3670000 25 7.92000 26 99 205 0.80000 76 2.96000
3675000 26 7.65385 23 90 208 0.76923 78 2.88462
3680000 22 8.45455 23 89 194 0.81818 74 3.22727
3685000 28 7.17857 22 67 201 0.85714 72 2.57143
3690000 28 7.17857 22 58 203 0.82143 73 2.57143
3695000 27 7.14815 21 78 197 0.77778 75 2.74074
3700000 25 7.56000 21 89 216 0.76000 76 2.96000
3705000 29 6.89655 28 86 197 0.75862 74 2.51724
3710000 31 6.83871 27 85 207 0.80645 76 2.45161
3715000 26 8.11538 26 91 230 0.96154 79 2.96154
3720000 26 8.19231 28 84 212 0.80769 79 3.00000
3725000 25 8.48000 32 91 216 0.88000 78 3.12000
3730000 30 7.26667 29 98 224 0.76667 78 2.53333
3735000 29 7.65517 26 97 217 0.79310 78 2.58621
3740000 32 7.00000 24 86 220 0.71875 76 2.34375
3745000 29 8.24138 25 87 230 0.75862 79 2.65517
3750000 27 8.40741 24 81 216 0.70370 78 2.81481
3755000 30 7.80000 28 72 228 0.76667 77 2.53333
3760000 26 8.57692 30 87 232 0.80769 78 2.92308
3765000 32 7.31250 28 84 233 0.81250 79 2.46875
3770000 31 7.74194 34 89 235 0.74194 79 2.54839
3775000 32 7.40625 32 97 229 0.71875 79 2.46875
3780000 29 8.13793 33 92 231 0.75862 80 2.75862
3785000 27 8.00000 29 94 220 0.74074 80 2.88889
3790000 27 8.18519 28 78 224 0.85185 79 2.92593
3795000 26 7.76923 26 98 222 0.76923 77 2.84615
3800000 32 6.62500 26 86 203 0.71875 78 2.37500
3805000 27 7.48148 26 99 211 0.81481 76 2.74074
3810000 34 6.50000 27 78 211 0.70588 76 2.23529
3815000 33 6.12121 20 81 199 0.72727 77 2.30303
3820000 29 6.93103 21 93 209 0.82759 78 2.62069
3825000 30 6.93333 24 93 209 0.76667 77 2.53333
3830000 29 7.03448 24 97 211 0.79310 75 2.55172
3835000 28 7.21429 24 96 215 0.89286 74 2.57143
3840000 29 7.06897 27 105 219 0.79310 75 2.55172
3845000 35 6.40000 26 84 224 0.82857 78 2.14286
3850000 30 7.00000 29 84 216 0.80000 77 2.53333
3855000 30 6.86667 26 90 224 0.86667 75 2.46667
3860000 34 6.17647 25 82 211 0.73529 78 2.23529
3865000 33 6.45455 26 84 226 0.84848 77 2.30303
3870000 38 5.60526 23 68 207 0.68421 75 1.94737
3875000 37 5.24324 22 90 198 0.75676 75 1.97297
3880000 34 6.08824 30 85 198 0.76471 74 2.17647
3885000 33 6.03030 28 115 215 0.69697 76 2.27273
3890000 33 6.24242 24 111 208 0.75758 78 2.27273
3895000 30 6.93333 23 99 210 0.73333 77 2.43333
3900000 30 7.06667 24 95 209 0.76667 77 2.43333
3905000 33 6.30303 21 93 202 0.78788 76 2.21212
3910000 37 5.89189 21 93 224 0.81081 78 2.02703
3915000 32 6.78125 26 94 220 0.87500 77 2.37500
3920000 35 6.48571 27 78 228 0.80000 76 2.17143
3925000 31 7.45161 23 73 228 0.80645 76 2.45161
3930000 29 7.55172 23 84 221 0.79310 75 2.55172
3935000 30 6.76667 20 99 217 0.86667 71 2.36667
3940000 29 7.51724 22 89 238 0.89655 73 2.48276
3945000 33 6.84848 21 79 227 0.78788 78 2.24242
3950000 30 6.83333 21 76 206 0.83333 77 2.50000
3955000 33 6.48485 24 83 220 0.84848 76 2.30303
3960000 32 6.71875 25 88 220 0.78125 76 2.37500
3965000 32 6.62500 25 87 222 0.84375 77 2.40625
3970000 29 6.93103 21 92 220 0.93103 77 2.62069
3975000 25 8.12000 26 92 213 0.88000 80 3.00000
3980000 29 7.65517 25 73 226 0.75862 76 2.62069
3985000 25 8.88000 27 84 226 0.84000 77 2.96000
3990000 26 8.30769 26 95 218 0.76923 75 2.76923
3995000 28 7.82143 23 92 222 0.75000 78 2.71429
4000000 30 7.90000 25 80 231 0.76667 80 2.66667
4005000 28 8.75000 31 59 242 0.85714 79 2.82143
4010000 25 9.60000 27 57 239 0.92000 78 3.12000
4015000 26 8.84615 25 67 225 0.80769 76 2.92308
4020000 27 7.85185 23 78 218 0.81481 79 2.77778
4025000 25 8.44000 28 81 225 0.80000 80 3.08000
4030000 25 8.28000 30 85 219 0.88000 77 2.96000
4035000 25 7.76000 23 93 198 0.72000 74 2.88000
4040000 31 6.70968 27 85 200 0.64516 71 2.25806
4045000 29 7.62069 29 95 230 0.68966 75 2.55172
4050000 31 6.87097 27 97 211 0.70968 75 2.35484
4055000 27 7.85185 27 87 223 0.81481 77 2.74074
4060000 33 6.78788 27 88 231 0.84848 79 2.33333
4065000 29 7.48276 36 93 224 0.82759 78 2.62069
4070000 38 6.15789 33 72 222 0.76316 77 1.97368
4075000 27 7.77778 34 86 216 0.85185 75 2.70370
4080000 29 7.13793 32 88 211 0.86207 76 2.55172
4085000 32 7.12500 32 81 229 0.78125 77 2.37500
4090000 29 7.68966 32 84 226 0.82759 77 2.62069
4095000 29 8.03448 31 93 242 0.79310 77 2.62069
4100000 31 7.25806 29 79 233 0.83871 79 2.54839
4105000 30 7.20000 23 82 216 0.80000 78 2.60000
4110000 30 7.26667 26 80 211 0.73333 78 2.46667
4115000 28 7.46429 25 91 222 0.85714 77 2.67857
4120000 34 6.35294 28 78 217 0.79412 76 2.20588
4125000 37 6.29730 28 65 220 0.67568 75 2.02703
4130000 32 7.06250 29 70 234 0.87500 74 2.25000
4135000 34 6.61765 27 78 219 0.76471 76 2.17647
4140000 32 6.81250 26 79 225 0.81250 77 2.37500
4145000 27 7.81481 28 88 225 0.85185 77 2.85185
4150000 35 6.48571 27 86 223 0.71429 77 2.17143
4155000 25 8.48000 30 87 226 0.96000 76 3.04000
4160000 26 8.30769 29 82 222 0.84615 77 2.92308
4165000 25 9.32000 31 78 241 0.84000 77 3.08000
4170000 29 7.93103 28 71 232 0.79310 77 2.65517
4175000 29 7.44828 24 79 222 0.79310 77 2.62069
4180000 27 7.92593 26 74 221 0.77778 77 2.81481
4185000 27 7.77778 26 84 220 0.81481 76 2.74074
4190000 27 7.81481 22 81 222 0.85185 75 2.77778
4195000 28 7.53571 23 79 219 0.82143 77 2.67857
4200000 27 7.85185 20 82 225 0.81481 77 2.77778
4205000 31 6.61290 19 77 213 0.77419 77 2.48387
4210000 26 7.50000 21 87 208 0.76923 77 2.88462
4215000 28 6.96429 20 90 201 0.75000 78 2.71429
4220000 28 7.17857 23 86 205 0.82143 79 2.82143
4225000 28 7.07143 22 98 222 0.82143 80 2.85714
4230000 28 6.85714 18 99 197 0.75000 81 2.85714
4235000 31 6.61290 19 89 206 0.80645 81 2.58065
4240000 26 7.84615 21 92 217 0.80769 79 3.03846
4245000 27 7.81481 23 95 227 0.81481 80 2.96296
4250000 32 6.62500 20 87 223 0.81250 79 2.43750
4255000 32 6.87500 23 97 228 0.71875 77 2.37500
4260000 29 7.48276 24 92 226 0.79310 76 2.58621
4265000 27 7.96296 27 88 222 0.92593 78 2.85185
4270000 27 8.18519 32 86 217 0.81481 74 2.66667
4275000 28 7.67857 29 88 217 0.75000 73 2.53571
4280000 24 8.45833 31 97 221 0.87500 73 3.04167
4285000 28 7.21429 31 93 204 0.75000 75 2.64286
4290000 30 6.96667 33 89 210 0.83333 76 2.46667
4295000 32 6.78125 32 84 222 0.78125 76 2.34375
4300000 29 7.72414 32 77 221 0.79310 77 2.55172
4305000 30 7.26667 31 74 213 0.86667 78 2.56667
4310000 29 7.51724 30 76 222 0.82759 79 2.72414
4315000 31 6.96774 27 80 214 0.77419 79 2.41935
4320000 29 6.86207 26 93 204 0.86207 79 2.62069
4325000 28 6.71429 25 109 212 0.85714 79 2.67857
4330000 32 6.53125 25 90 209 0.81250 80 2.34375
4335000 32 6.40625 24 99 215 0.81250 78 2.34375
4340000 31 6.58065 19 95 206 0.74194 78 2.41935
4345000 33 6.36364 21 91 211 0.75758 75 2.21212
4350000 23 9.00000 23 90 217 0.86957 74 3.21739
4355000 31 6.90323 21 76 207 0.67742 75 2.38710
4360000 24 8.29167 22 81 210 0.91667 77 3.08333
4365000 23 8.30435 19 82 204 0.82609 74 3.13043
4370000 26 7.53846 19 80 202 0.80769 75 2.80769
4375000 28 6.92857 19 86 200 0.75000 73 2.57143
4380000 31 6.70968 20 80 208 0.77419 75 2.35484
4385000 29 6.96552 19 77 213 0.86207 77 2.65517
4390000 30 7.10000 22 72 208 0.83333 77 2.53333
4395000 31 7.22581 24 70 226 0.77419 78 2.45161
4400000 30 7.66667 28 82 223 0.76667 76 2.43333
4405000 28 7.64286 28 91 220 0.85714 77 2.67857
4410000 30 7.00000 28 92 213 0.80000 78 2.53333
4415000 33 6.84848 28 82 221 0.69697 80 2.36364
4420000 26 8.80769 28 80 237 0.96154 78 2.96154
4425000 24 8.79167 28 82 222 0.91667 76 3.12500
4430000 32 7.00000 29 83 229 0.75000 75 2.28125
4435000 29 7.58621 20 80 235 0.75862 76 2.48276
4440000 31 7.00000 16 85 232 0.80645 76 2.35484
4445000 27 7.77778 19 83 214 0.81481 78 2.62963
4450000 28 7.17857 18 93 209 0.85714 77 2.71429
4455000 30 7.23333 20 82 218 0.83333 75 2.50000
4460000 29 7.20690 17 98 210 0.82759 76 2.58621
4465000 28 7.17857 18 98 206 0.82143 76 2.67857
4470000 34 6.44118 16 82 225 0.82353 75 2.20588
4475000 35 6.08571 16 97 214 0.77143 76 2.14286
4480000 31 6.67742 17 98 213 0.74194 78 2.48387
4485000 31 7.09677 26 79 228 0.96774 78 2.51613
4490000 26 7.76923 25 92 219 0.84615 78 2.88462
4495000 28 7.03571 23 91 221 0.89286 78 2.64286
4500000 26 7.61538 25 88 215 0.88462 77 2.88462
4505000 26 7.84615 21 84 211 0.84615 75 2.88462
4510000 26 7.88462 23 80 214 0.84615 75 2.88462
4515000 25 7.84000 21 77 204 0.80000 76 2.96000
4520000 25 7.52000 20 79 203 0.88000 78 3.00000
4525000 30 6.33333 18 86 203 0.73333 77 2.53333
4530000 23 7.69565 18 93 201 0.95652 76 3.17391
4535000 27 7.22222 20 76 207 0.88889 79 2.74074
4540000 33 6.00000 20 67 191 0.69697 76 2.24242
4545000 27 6.70370 17 89 192 0.85185 75 2.70370
4550000 29 6.72414 18 89 208 0.86207 74 2.55172
4555000 26 7.73077 20 106 205 0.84615 75 2.84615
4560000 27 7.70370 16 94 218 0.85185 74 2.70370
4565000 31 6.64516 17 98 217 0.83871 75 2.35484
4570000 31 6.83871 19 94 221 0.77419 76 2.45161
4575000 26 7.42308 21 113 220 0.88462 75 2.84615
4580000 34 6.26471 19 91 219 0.82353 78 2.17647
4585000 39 5.87179 19 89 221 0.74359 77 1.89744
4590000 31 7.48387 21 77 226 0.77419 79 2.54839
4595000 28 8.10714 21 82 235 0.85714 79 2.82143
4600000 28 8.07143 21 84 229 0.82143 81 2.89286
4605000 31 6.93548 21 82 216 0.80645 81 2.61290
4610000 30 7.16667 20 93 217 0.66667 81 2.70000
4615000 26 8.03846 17 97 218 0.80769 80 3.07692
4620000 25 8.92000 19 97 220 0.80000 79 3.16000
4625000 25 8.32000 17 100 205 0.76000 79 3.16000
4630000 26 8.00000 17 83 206 0.80769 77 2.96154
4635000 29 7.34483 15 92 206 0.79310 78 2.65517
4640000 30 7.36667 18 93 211 0.83333 78 2.60000
4645000 25 8.92000 21 104 212 0.80000 79 3.12000
4650000 33 7.45455 19 79 227 0.72727 76 2.30303
4655000 32 7.65625 19 74 213 0.71875 77 2.37500
4660000 24 9.50000 22 94 226 0.91667 78 3.25000
4665000 29 8.00000 21 79 214 0.75862 79 2.68966
4670000 27 8.59259 18 81 233 0.81481 79 2.88889
4675000 30 7.83333 21 82 217 0.70000 80 2.66667
4680000 26 8.92308 21 82 214 0.84615 80 3.03846
4685000 31 7.87097 23 65 209 0.77419 78 2.48387
4690000 28 8.21429 20 76 214 0.85714 78 2.71429
4695000 26 8.46154 19 78 199 0.92308 79 3.00000
4700000 25 9.12000 19 79 230 0.88000 77 3.04000
4705000 28 7.92857 16 72 203 0.71429 77 2.75000
4710000 26 8.76923 18 89 205 0.76923 77 2.96154
4715000 32 7.31250 17 79 212 0.78125 77 2.40625
4720000 30 7.63333 17 79 216 0.83333 78 2.56667
4725000 33 6.60606 16 75 191 0.75758 79 2.36364
4730000 31 6.87097 17 76 204 0.77419 77 2.45161
4735000 34 6.23529 16 83 205 0.76471 79 2.32353
4740000 30 6.76667 18 77 192 0.83333 79 2.56667
4745000 28 7.32143 21 91 203 0.85714 79 2.78571
4750000 29 7.03448 20 86 207 0.82759 80 2.75862
4755000 30 7.00000 22 81 198 0.70000 80 2.66667
4760000 28 7.14286 20 98 212 0.82143 81 2.89286
4765000 28 7.71429 32 84 205 0.71429 79 2.82143
4770000 27 7.81481 29 84 204 0.74074 77 2.85185
4775000 27 7.70370 30 88 210 0.77778 81 2.88889
4780000 24 8.62500 29 86 219 0.91667 79 3.25000
4785000 25 8.32000 33 93 209 0.76000 79 3.12000
4790000 33 6.57576 27 93 218 0.66667 79 2.36364
4795000 29 7.31034 25 99 216 0.75862 77 2.65517
4800000 31 7.16129 26 89 223 0.70968 77 2.48387
4805000 34 6.44118 27 87 208 0.64706 77 2.23529
4810000 32 6.87500 27 87 216 0.68750 78 2.37500
4815000 29 7.37931 26 81 203 0.72414 78 2.68966
4820000 29 7.55172 26 79 212 0.79310 76 2.51724
4825000 29 7.48276 25 79 212 0.79310 78 2.51724
4830000 30 7.43333 26 88 213 0.80000 77 2.53333
4835000 28 7.32143 24 93 210 0.82143 77 2.67857
4840000 29 7.62069 27 91 225 0.86207 78 2.62069
4845000 29 7.96552 28 83 233 0.75862 77 2.62069
4850000 33 7.39394 27 74 241 0.81818 77 2.30303
4855000 30 7.60000 32 78 222 0.70000 75 2.50000
4860000 25 8.76000 30 93 232 0.80000 76 3.00000
4865000 26 8.23077 29 96 218 0.84615 77 2.92308
4870000 31 7.25806 27 89 227 0.74194 77 2.45161
4875000 32 7.40625 30 78 219 0.71875 78 2.34375
4880000 28 8.21429 31 79 233 0.82143 77 2.71429
4885000 26 8.69231 29 84 226 0.92308 77 2.84615
4890000 31 7.45161 29 70 234 0.87097 75 2.41935
4895000 31 7.35484 30 75 220 0.74194 76 2.41935
4900000 31 7.38710 28 70 215 0.77419 75 2.38710
4905000 31 7.06452 22 77 207 0.80645 75 2.41935
4910000 28 8.17857 23 67 230 0.89286 73 2.60714
4915000 35 6.88571 25 71 220 0.74286 73 2.05714
4920000 26 8.80769 24 84 235 1.00000 76 2.80769
4925000 32 7.37500 25 71 234 0.87500 75 2.31250
4930000 28 8.25000 22 69 240 0.96429 76 2.64286
4935000 28 7.85714 24 74 222 0.85714 76 2.57143
4940000 30 7.56667 22 75 229 0.93333 77 2.53333
4945000 31 7.25806 20 70 237 0.83871 75 2.41935
4950000 29 7.82759 22 69 228 0.89655 76 2.58621
4955000 33 6.84848 20 70 225 0.72727 74 2.21212
4960000 27 8.00000 21 73 226 0.85185 75 2.62963
4965000 34 6.88235 20 63 214 0.79412 75 2.17647
4970000 28 7.46429 18 79 218 0.89286 74 2.57143
4975000 31 7.06452 20 79 206 0.74194 70 2.22581
4980000 28 7.17857 33 91 205 0.82143 74 2.53571
4985000 25 8.36000 33 101 219 0.80000 75 2.84000
4990000 27 7.96296 29 90 216 0.81481 73 2.59259
4995000 26 8.42308 26 93 223 0.92308 76 2.69231
5000000 36 6.11111 22 81 215 0.77778 76 2.02778
5005000 36 6.47222 22 72 216 0.77778 76 2.08333
5010000 32 7.00000 24 89 222 0.81250 77 2.37500
5015000 34 6.79412 27 77 235 0.82353 76 2.23529
5020000 35 6.14286 23 68 205 0.74286 78 2.17143
5025000 33 6.45455 22 71 207 0.75758 79 2.33333
5030000 29 6.96552 21 82 198 0.82759 78 2.62069
5035000 33 6.27273 20 82 209 0.75758 76 2.30303
5040000 26 7.53846 25 88 212 0.88462 78 2.92308
5045000 26 7.57692 25 93 204 0.84615 76 2.92308
5050000 30 7.16667 26 78 225 0.90000 76 2.50000
5055000 33 6.51515 22 73 221 0.84848 77 2.30303
5060000 32 6.50000 22 89 205 0.78125 76 2.34375
5065000 33 6.87879 20 78 226 0.81818 75 2.27273
5070000 30 7.20000 19 77 218 0.80000 75 2.46667
5075000 32 7.28125 22 62 232 0.81250 76 2.34375
5080000 30 7.46667 21 70 232 0.90000 77 2.53333
5085000 28 7.35714 22 82 213 0.85714 77 2.75000
5090000 30 6.66667 20 85 200 0.83333 75 2.50000
5095000 28 7.10714 29 86 207 0.78571 77 2.71429
5100000 26 7.50000 26 99 209 0.84615 77 2.92308
5105000 29 6.86207 20 87 199 0.72414 76 2.55172
5110000 28 7.10714 22 80 205 0.75000 78 2.75000
5115000 29 7.13793 24 73 216 0.75862 79 2.62069
5120000 28 7.14286 25 86 212 0.85714 77 2.67857
5125000 36 5.83333 22 74 215 0.75000 77 2.13889
5130000 30 6.66667 24 93 214 0.80000 77 2.56667
5135000 30 6.80000 29 76 211 0.76667 75 2.40000
5140000 24 8.00000 29 85 211 0.83333 74 3.04167
5145000 27 7.29630 31 89 210 0.81481 76 2.74074
5150000 28 7.07143 29 87 205 0.85714 78 2.75000
5155000 29 6.96552 29 87 201 0.79310 79 2.65517
5160000 31 6.58065 34 91 214 0.74194 77 2.45161
5165000 32 6.53125 31 95 209 0.68750 77 2.37500
5170000 30 6.66667 26 102 214 0.86667 76 2.50000
5175000 30 6.70000 24 92 207 0.76667 78 2.56667
5180000 27 7.85185 27 92 213 0.74074 75 2.74074
5185000 31 6.67742 23 92 208 0.74194 76 2.38710
5190000 34 6.14706 24 102 206 0.64706 77 2.17647
5195000 31 7.09677 31 91 215 0.64516 77 2.45161
5200000 36 6.41667 27 84 236 0.77778 78 2.16667
5205000 35 6.51429 23 90 216 0.77143 79 2.20000
5210000 37 6.16216 23 83 223 0.78378 78 2.10811
5215000 35 6.48571 20 81 215 0.77143 78 2.22857
5220000 32 6.62500 20 92 209 0.71875 77 2.40625
5225000 28 7.14286 20 103 209 0.75000 77 2.71429
5230000 28 7.14286 19 104 205 0.78571 75 2.64286
5235000 31 7.00000 20 89 214 0.83871 75 2.38710
5240000 29 7.72414 21 87 216 0.75862 76 2.58621
5245000 26 7.92308 19 91 220 0.88462 75 2.80769
5250000 26 7.96154 19 96 225 0.80769 75 2.80769
5255000 24 9.04167 24 87 236 0.91667 74 3.04167
5260000 28 7.82143 23 82 226 0.82143 74 2.64286
5265000 27 7.85185 23 89 226 0.88889 74 2.66667
5270000 27 7.96296 19 85 223 0.70370 74 2.59259
5275000 29 7.44828 20 94 223 0.65517 74 2.44828
5280000 31 7.51613 19 85 238 0.87097 74 2.22581
5285000 27 8.07407 20 89 224 0.70370 71 2.59259
5290000 29 7.41379 21 101 226 0.75862 74 2.48276
5295000 34 6.73529 18 92 218 0.73529 74 2.14706
5300000 31 7.45161 17 81 225 0.80645 76 2.38710
5305000 33 7.03030 15 80 223 0.78788 78 2.36364
5310000 27 8.18519 15 96 223 0.81481 77 2.85185
5315000 29 8.03448 17 82 235 0.86207 76 2.62069
5320000 28 8.17857 18 84 240 0.89286 77 2.67857
5325000 31 7.38710 20 80 227 0.87097 78 2.45161
5330000 31 7.35484 20 62 224 0.90323 78 2.48387
5335000 28 7.57143 18 69 199 0.75000 78 2.75000
5340000 31 6.54839 17 75 197 0.70968 77 2.45161
5345000 33 6.72727 19 76 211 0.75758 78 2.36364
5350000 33 6.90909 23 79 230 0.81818 77 2.30303
5355000 30 7.10000 21 96 225 0.83333 78 2.56667
5360000 33 6.84848 22 73 221 0.75758 76 2.30303
5365000 32 6.75000 21 84 220 0.78125 77 2.37500
5370000 32 6.43750 22 80 209 0.81250 77 2.40625
5375000 28 7.14286 20 88 219 0.92857 76 2.71429
5380000 32 6.46875 18 80 214 0.78125 78 2.37500
5385000 31 6.74194 17 84 221 0.87097 78 2.48387
5390000 37 6.21622 18 83 223 0.75676 79 2.13514
5395000 32 6.81250 17 96 229 0.81250 80 2.50000
5400000 30 7.13333 27 82 222 0.80000 79 2.63333
5405000 34 6.55882 27 75 217 0.76471 79 2.32353
5410000 30 7.13333 27 77 216 0.76667 79 2.63333
5415000 25 8.08000 27 86 213 0.84000 78 3.08000
5420000 31 7.22581 32 80 221 0.77419 79 2.51613
5425000 25 8.36000 29 97 225 0.80000 79 3.12000
5430000 28 7.57143 31 93 222 0.82143 80 2.85714
5435000 27 7.66667 26 90 224 0.88889 79 2.88889
5440000 28 7.32143 26 84 215 0.82143 79 2.82143
5445000 30 6.56667 23 86 203 0.80000 80 2.63333
5450000 33 6.15152 24 84 209 0.87879 78 2.36364
5455000 37 5.83784 26 87 215 0.78378 78 2.08108
5460000 32 6.50000 27 101 224 0.87500 77 2.40625
5465000 31 6.83871 21 87 215 0.87097 78 2.51613
5470000 31 6.87097 20 81 212 0.80645 77 2.45161
5475000 34 6.50000 20 77 213 0.73529 78 2.29412
5480000 33 6.84848 20 77 226 0.78788 76 2.30303
5485000 32 7.00000 21 66 215 0.84375 78 2.43750
5490000 26 7.84615 27 81 212 0.80769 78 2.84615
5495000 28 7.17857 25 85 214 0.85714 78 2.67857
5500000 34 6.47059 25 73 217 0.82353 78 2.23529
5505000 30 6.80000 24 89 211 0.76667 79 2.60000
5510000 31 6.87097 21 90 224 0.87097 77 2.48387
5515000 31 6.83871 17 92 229 0.93548 78 2.51613
5520000 30 7.30000 16 89 237 0.90000 78 2.60000
5525000 29 7.34483 18 81 231 0.93103 78 2.68966
5530000 35 6.37143 18 77 214 0.82857 78 2.22857
5535000 39 5.66667 14 70 204 0.71795 78 2.00000
5540000 30 7.53333 17 74 221 0.80000 79 2.60000
5545000 26 8.76923 28 91 233 0.84615 78 3.00000
5550000 28 8.10714 28 81 229 0.85714 78 2.78571
5555000 26 8.34615 28 75 220 0.80769 79 3.00000
5560000 30 6.93333 28 71 206 0.76667 80 2.60000
5565000 29 7.13793 26 82 211 0.93103 79 2.72414
5570000 30 6.73333 24 87 210 0.80000 80 2.63333
5575000 35 6.14286 22 95 215 0.74286 79 2.25714
5580000 35 6.31429 20 80 221 0.80000 78 2.22857
5585000 29 7.41379 25 91 218 0.79310 80 2.75862
5590000 30 6.93333 24 94 206 0.80000 79 2.63333
5595000 33 6.24242 24 82 203 0.78788 78 2.36364
5600000 30 6.40000 23 96 204 0.83333 79 2.63333
5605000 35 5.88571 22 88 203 0.74286 78 2.11429
5610000 33 6.15152 24 98 210 0.78788 77 2.33333
5615000 30 6.63333 25 91 206 0.80000 78 2.56667
5620000 28 7.17857 23 94 213 0.82143 81 2.82143
5625000 32 6.43750 18 87 203 0.71875 80 2.50000
5630000 33 6.24242 17 87 215 0.75758 80 2.42424
5635000 30 6.63333 17 97 219 0.86667 78 2.60000
5640000 33 6.12121 17 94 210 0.81818 78 2.36364
5645000 31 6.67742 18 85 212 0.83871 76 2.45161
5650000 33 6.72727 18 78 226 0.81818 77 2.30303
5655000 32 7.21875 18 77 228 0.84375 76 2.37500
5660000 37 6.48649 20 61 217 0.70270 79 2.13514
5665000 27 7.96296 21 83 228 0.81481 80 2.92593
5670000 30 7.06667 23 81 227 0.83333 80 2.66667
5675000 27 7.33333 26 93 213 0.81481 79 2.88889
5680000 28 7.46429 25 82 224 0.92857 80 2.82143
5685000 30 6.70000 26 80 204 0.76667 80 2.63333
5690000 31 6.80645 27 76 214 0.74194 78 2.41935
5695000 31 6.70968 25 88 218 0.77419 80 2.51613
5700000 29 7.55172 26 83 234 0.89655 77 2.65517
5705000 30 7.03333 26 83 217 0.83333 78 2.60000
5710000 28 7.67857 22 89 228 0.82143 77 2.75000
5715000 29 7.10345 19 90 205 0.82759 77 2.62069
5720000 25 8.20000 23 84 224 0.92000 79 3.12000
5725000 23 8.82609 23 90 218 0.95652 74 3.21739
5730000 28 8.32143 23 66 242 0.92857 75 2.67857
5735000 26 8.38462 22 69 226 0.92308 76 2.92308
5740000 27 8.03704 23 72 225 0.92593 76 2.81481
5745000 30 7.43333 22 70 229 0.93333 76 2.53333
5750000 28 7.21429 22 88 215 0.92857 74 2.60714
5755000 32 7.31250 21 69 236 0.84375 77 2.34375
5760000 31 7.25806 21 76 236 0.83871 77 2.41935
5765000 28 7.67857 18 73 232 0.96429 79 2.75000
5770000 27 7.40741 20 89 219 0.85185 77 2.85185
5775000 28 7.39286 18 86 215 0.92857 76 2.64286
5780000 28 7.85714 20 82 229 0.85714 77 2.71429
5785000 27 7.77778 20 80 217 0.88889 77 2.85185
5790000 30 7.10000 20 66 213 0.86667 78 2.53333
5795000 28 7.32143 19 83 208 0.82143 79 2.82143
5800000 28 7.10714 16 95 198 0.78571 79 2.82143
5805000 24 7.91667 18 93 197 0.87500 77 3.20833
5810000 35 6.31429 18 76 213 0.74286 76 2.17143
5815000 29 7.51724 15 77 208 0.82759 77 2.65517
5820000 33 6.63636 17 74 222 0.75758 80 2.36364
5825000 30 7.06667 25 88 221 0.80000 78 2.60000
5830000 26 7.73077 25 90 222 0.96154 79 3.03846
5835000 32 6.43750 28 86 206 0.68750 80 2.40625
5840000 30 6.80000 28 96 203 0.83333 78 2.56667
5845000 36 5.91667 25 92 194 0.72222 77 2.13889
5850000 38 5.71053 26 84 191 0.68421 79 2.02632
5855000 29 7.00000 21 84 200 0.75862 79 2.65517
5860000 31 6.70968 24 83 195 0.77419 78 2.48387
5865000 28 6.82143 21 104 206 0.82143 77 2.71429
5870000 32 6.31250 22 97 194 0.68750 78 2.43750
5875000 27 7.37037 24 106 212 0.81481 79 2.88889
5880000 32 6.75000 22 89 218 0.78125 79 2.46875
5885000 30 7.20000 24 89 217 0.80000 80 2.63333
5890000 32 6.50000 24 86 207 0.75000 79 2.46875
5895000 32 6.28125 20 95 212 0.81250 78 2.43750
5900000 32 6.78125 22 88 222 0.81250 79 2.46875
5905000 34 6.58824 23 72 222 0.85294 78 2.26471
5910000 31 6.93548 20 75 207 0.77419 77 2.48387
5915000 25 7.92000 20 86 196 0.88000 76 3.04000
5920000 29 7.03448 17 72 192 0.72414 77 2.62069
5925000 27 7.92593 25 81 213 0.77778 77 2.81481
5930000 29 6.86207 21 78 205 0.86207 78 2.65517
5935000 32 6.40625 23 76 200 0.75000 78 2.37500
5940000 26 7.46154 29 96 195 0.76923 77 2.92308
5945000 34 6.32353 25 82 205 0.70588 77 2.26471
5950000 30 6.80000 24 92 219 0.80000 80 2.56667
5955000 28 7.25000 20 91 214 0.85714 77 2.71429
5960000 30 6.60000 19 87 199 0.80000 76 2.53333
5965000 30 6.50000 21 83 204 0.83333 76 2.53333
5970000 26 7.65385 23 79 198 0.76923 77 2.92308
5975000 27 7.59259 23 78 210 0.88889 79 2.85185
5980000 31 7.48387 26 79 233 0.83871 78 2.51613
5985000 28 8.50000 34 83 228 0.75000 78 2.75000
5990000 29 8.41379 33 79 237 0.72414 78 2.65517
5995000 27 8.96296 37 81 243 0.85185 78 2.88889
6000000 30 8.10000 37 76 233 0.80000 80 2.66667
6005000 32 7.34375 38 77 235 0.87500 80 2.50000
6010000 28 8.00000 31 83 221 0.75000 78 2.78571
6015000 27 8.18519 31 88 227 0.77778 79 2.92593
6020000 28 8.03571 32 87 224 0.75000 77 2.75000
6025000 31 7.19355 31 93 227 0.67742 76 2.41935
6030000 28 7.96429 28 96 228 0.82143 75 2.67857
6035000 33 6.96970 27 89 231 0.81818 75 2.27273
6040000 33 6.90909 30 87 240 0.84848 76 2.21212
6045000 40 6.20000 32 71 234 0.72500 77 1.92500
6050000 32 7.09375 34 87 232 0.71875 76 2.34375
6055000 29 7.82759 29 91 231 0.79310 79 2.65517
6060000 30 7.73333 29 80 223 0.83333 78 2.60000
6065000 29 8.03448 36 62 226 0.82759 76 2.58621
6070000 25 8.48000 32 74 215 0.92000 74 2.96000
6075000 31 7.35484 34 61 223 0.70968 75 2.35484
6080000 27 7.88889 35 73 219 0.85185 74 2.70370
6085000 32 6.84375 31 73 218 0.81250 75 2.28125
6090000 25 8.28000 35 81 223 0.88000 76 3.00000
6095000 27 7.22222 30 83 208 0.88889 77 2.81481
6100000 32 6.15625 28 70 199 0.78125 74 2.25000
6105000 25 8.00000 31 81 212 0.88000 75 2.96000
6110000 32 6.81250 28 74 221 0.81250 75 2.31250
6115000 28 7.78571 37 80 226 0.82143 75 2.57143
6120000 29 7.72414 34 87 227 0.86207 74 2.51724
6125000 30 7.33333 34 84 224 0.76667 75 2.40000
6130000 32 7.25000 33 82 229 0.68750 75 2.25000
6135000 30 8.03333 32 77 238 0.80000 75 2.46667
6140000 28 8.14286 35 89 239 0.78571 75 2.64286
6145000 31 7.41935 32 82 224 0.74194 76 2.41935
6150000 26 8.50000 32 83 230 0.84615 75 2.88462
6155000 29 7.55172 32 82 217 0.75862 77 2.62069
6160000 28 7.53571 33 80 218 0.82143 75 2.60714
6165000 31 7.06452 29 90 212 0.70968 75 2.38710
6170000 30 7.50000 29 83 226 0.86667 74 2.46667
6175000 36 6.72222 27 71 228 0.77778 73 2.02778
6180000 27 8.37037 30 82 232 0.81481 72 2.62963
6185000 27 8.18519 27 83 228 0.81481 72 2.59259
6190000 27 8.00000 28 81 222 0.85185 73 2.62963
6195000 25 8.40000 26 88 224 0.88000 74 2.92000
6200000 36 6.05556 26 86 216 0.69444 78 2.11111
6205000 26 7.88462 24 93 220 0.92308 78 2.88462
6210000 24 8.29167 23 92 222 0.91667 79 3.20833
6215000 28 7.60714 22 78 219 0.82143 80 2.78571
6220000 26 7.65385 23 74 207 0.80769 76 2.88462
6225000 31 6.77419 24 68 206 0.80645 77 2.48387
6230000 31 7.09677 25 66 210 0.70968 77 2.48387
6235000 26 8.23077 27 75 213 0.88462 78 2.96154
6240000 29 7.51724 32 65 202 0.72414 77 2.65517
6245000 28 7.39286 32 85 194 0.82143 78 2.75000
6250000 29 7.48276 32 84 206 0.93103 76 2.58621
6255000 30 7.10000 29 85 211 0.80000 76 2.46667
6260000 31 7.12903 32 80 211 0.83871 78 2.48387
6265000 32 6.53125 30 91 201 0.75000 75 2.28125
6270000 32 7.00000 30 82 220 0.81250 78 2.43750
6275000 31 7.19355 25 89 210 0.74194 78 2.51613
6280000 29 8.00000 25 86 233 0.79310 78 2.68966
6285000 24 8.95833 24 85 220 0.83333 79 3.25000
6290000 23 8.95652 26 86 210 0.82609 78 3.39130
6295000 34 6.70588 25 74 204 0.67647 78 2.29412
6300000 27 7.51852 21 91 203 0.77778 77 2.81481
6305000 30 6.66667 18 93 183 0.70000 78 2.53333
6310000 30 7.13333 19 94 210 0.73333 77 2.50000
6315000 32 6.81250 18 86 210 0.75000 76 2.37500
6320000 32 6.18750 16 103 201 0.75000 77 2.28125
6325000 35 6.28571 19 84 216 0.77143 78 2.22857
6330000 33 6.84848 21 79 201 0.63636 78 2.36364
6335000 36 6.33333 23 89 206 0.77778 79 2.13889
6340000 36 6.61111 21 80 227 0.83333 77 2.11111
6345000 32 7.03125 21 87 218 0.81250 78 2.43750
6350000 31 7.00000 22 96 214 0.77419 77 2.45161
6355000 31 7.19355 26 88 228 0.80645 78 2.45161
6360000 28 7.96429 26 81 220 0.89286 76 2.71429
6365000 31 6.96774 24 95 216 0.80645 75 2.41935
6370000 29 7.10345 22 96 206 0.75862 76 2.58621
6375000 30 7.00000 23 107 222 0.86667 80 2.60000
6380000 34 6.91176 28 88 228 0.76471 79 2.29412
6385000 26 8.26923 25 92 222 0.84615 79 2.96154
6390000 26 8.00000 25 90 214 0.73077 79 2.92308
6395000 30 6.83333 24 93 201 0.73333 79 2.63333
6400000 28 7.57143 25 85 212 0.71429 79 2.78571
6405000 30 7.16667 24 96 218 0.83333 79 2.63333
6410000 32 6.62500 20 96 212 0.68750 79 2.46875
6415000 30 7.10000 18 93 218 0.86667 78 2.60000
6420000 29 7.31034 21 92 216 0.79310 78 2.68966
6425000 26 8.34615 24 86 216 0.80769 78 2.96154
6430000 27 7.85185 22 86 216 0.77778 78 2.88889
6435000 25 8.36000 23 88 211 0.96000 77 3.08000
6440000 25 8.04000 21 96 217 0.88000 79 3.12000
6445000 28 7.32143 20 90 204 0.78571 75 2.64286
6450000 29 7.13793 23 87 206 0.79310 78 2.58621
6455000 35 6.54286 22 73 193 0.62857 78 2.22857
6460000 28 7.57143 20 78 208 0.85714 79 2.75000
6465000 30 7.06667 20 88 204 0.80000 79 2.60000
6470000 31 6.74194 17 80 200 0.77419 78 2.48387
6475000 25 7.84000 20 104 213 0.88000 78 3.04000
6480000 32 6.90625 21 85 226 0.68750 77 2.40625
6485000 31 6.80645 20 86 217 0.70968 78 2.51613
6490000 29 7.44828 22 88 218 0.75862 75 2.58621
6495000 32 7.03125 21 81 216 0.68750 78 2.37500
6500000 27 7.66667 19 93 220 0.81481 78 2.77778
6505000 29 7.44828 19 84 210 0.79310 77 2.65517
6510000 28 7.60714 34 92 217 0.82143 76 2.71429
6515000 25 8.72000 33 93 235 0.80000 77 3.04000
6520000 28 7.89286 36 84 233 0.78571 77 2.67857
6525000 28 7.85714 35 92 238 0.89286 80 2.78571
6530000 28 7.60714 30 94 224 0.78571 77 2.64286
6535000 25 8.16000 27 110 218 0.80000 75 2.84000
6540000 25 7.96000 27 100 216 0.84000 75 2.88000
6545000 28 7.85714 28 87 221 0.67857 72 2.57143
6550000 30 7.30000 25 82 217 0.76667 76 2.46667
6555000 26 8.19231 39 80 213 0.73077 73 2.73077
6560000 25 8.48000 39 79 214 0.84000 73 2.92000
6565000 21 9.23810 40 83 203 0.85714 74 3.52381
6570000 19 10.00000 40 94 212 0.84211 76 3.89474
6575000 22 9.09091 38 89 210 0.86364 78 3.36364
6580000 27 7.48148 33 91 200 0.88889 76 2.70370
6585000 22 8.50000 35 83 195 0.90909 77 3.31818
6590000 32 6.40625 33 69 202 0.81250 76 2.25000
6595000 25 7.68000 31 95 214 0.88000 77 2.96000
6600000 26 7.92308 37 78 210 0.88462 75 2.84615
6605000 25 7.84000 32 87 207 0.84000 77 2.92000
6610000 26 8.11538 31 84 217 0.80769 77 2.92308
6615000 25 8.96000 47 77 216 0.80000 76 3.00000
6620000 25 8.76000 48 79 218 0.76000 76 3.00000
6625000 29 7.75862 46 88 226 0.68966 75 2.55172
6630000 30 7.66667 43 83 240 0.83333 77 2.46667
6635000 25 8.64000 44 85 233 0.92000 73 2.88000
6640000 27 8.62963 43 77 238 0.81481 76 2.70370
6645000 25 8.80000 43 94 238 0.80000 78 2.96000
6650000 28 8.46429 46 89 245 0.78571 78 2.67857
6655000 31 7.48387 39 72 238 0.83871 77 2.38710
6660000 28 8.07143 33 72 233 0.85714 77 2.64286
6665000 28 7.85714 31 77 230 0.85714 77 2.67857
6670000 29 7.65517 30 83 226 0.79310 77 2.58621
6675000 30 7.40000 32 77 228 0.90000 77 2.53333
6680000 28 7.82143 31 73 223 0.78571 76 2.67857
6685000 26 8.38462 38 86 228 0.88462 79 2.92308
6690000 26 8.30769 38 82 221 0.88462 81 3.03846
6695000 30 7.76667 35 72 233 0.76667 80 2.63333
6700000 29 7.65517 37 78 229 0.82759 80 2.65517
6705000 28 7.78571 36 71 219 0.82143 79 2.75000
6710000 29 7.20690 29 64 208 0.82759 78 2.68966
6715000 27 7.48148 30 67 219 0.96296 76 2.81481
6720000 25 7.64000 32 81 204 0.92000 74 2.92000
6725000 27 6.88889 29 84 193 0.77778 75 2.70370
6730000 29 6.41379 26 94 193 0.72414 77 2.58621
6735000 31 6.35484 26 86 202 0.74194 78 2.48387
6740000 29 6.96552 29 80 204 0.79310 75 2.58621
6745000 32 6.68750 30 77 203 0.71875 77 2.37500
6750000 30 7.23333 30 79 216 0.80000 77 2.53333
6755000 32 7.21875 33 66 226 0.81250 79 2.40625
6760000 27 7.77778 33 96 221 0.92593 77 2.81481
6765000 32 6.75000 31 91 214 0.68750 79 2.40625
6770000 32 6.65625 29 89 216 0.78125 79 2.37500
6775000 33 6.36364 27 83 211 0.69697 80 2.30303
6780000 26 7.53846 30 97 203 0.76923 76 2.92308
6785000 31 6.87097 30 91 221 0.83871 79 2.45161
6790000 29 7.41379 31 96 222 0.86207 76 2.62069
6795000 25 8.40000 28 81 205 0.76000 77 3.04000
6800000 27 7.70370 25 94 217 0.70370 75 2.74074
6805000 25 8.16000 22 94 212 0.84000 74 2.92000
6810000 25 8.52000 22 85 226 0.88000 76 2.96000
6815000 29 7.89655 25 75 234 0.79310 77 2.55172
6820000 30 7.66667 26 74 233 0.83333 76 2.53333
6825000 27 8.03704 27 82 216 0.81481 77 2.81481
6830000 31 7.32258 27 80 226 0.77419 75 2.35484
6835000 27 8.14815 29 86 230 0.88889 76 2.81481
6840000 32 6.93750 28 81 229 0.78125 77 2.34375
6845000 31 7.64516 33 74 234 0.80645 77 2.41935
6850000 24 8.75000 33 101 228 0.79167 77 3.12500
6855000 30 7.00000 27 99 205 0.70000 77 2.50000
6860000 29 7.10345 27 88 214 0.82759 76 2.58621
6865000 29 7.27586 31 95 210 0.72414 77 2.62069
6870000 35 6.25714 30 93 214 0.68571 78 2.20000
6875000 36 6.19444 28 89 208 0.69444 79 2.16667
6880000 28 7.35714 28 96 211 0.82143 78 2.75000
6885000 33 6.48485 27 82 204 0.72727 77 2.27273
6890000 36 6.00000 26 78 216 0.83333 76 2.08333
6895000 35 6.14286 28 83 205 0.62857 78 2.14286
6900000 30 6.86667 26 86 207 0.73333 79 2.56667
6905000 30 7.13333 27 88 217 0.76667 77 2.53333
6910000 28 7.60714 29 88 223 0.78571 77 2.67857
6915000 27 7.62963 24 94 220 0.77778 77 2.81481
6920000 23 9.21739 25 92 228 0.91304 78 3.34783
6925000 23 9.13043 26 88 226 0.86957 78 3.39130
6930000 26 8.42308 26 86 229 0.84615 76 2.88462
6935000 29 7.65517 26 83 233 0.79310 77 2.58621
6940000 28 8.42857 28 77 236 0.85714 78 2.71429
6945000 28 7.82143 28 89 225 0.85714 78 2.78571
6950000 28 7.78571 26 87 221 0.85714 78 2.75000
6955000 27 7.62963 21 94 211 0.77778 77 2.85185
6960000 32 6.62500 22 90 212 0.71875 77 2.40625
6965000 26 7.65385 23 77 208 0.88462 76 2.92308
6970000 31 6.70968 23 81 220 0.83871 76 2.41935
6975000 32 6.43750 20 81 201 0.75000 75 2.31250
6980000 25 7.68000 22 97 205 0.84000 76 3.00000
6985000 31 6.25806 16 92 195 0.77419 78 2.45161
6990000 31 6.38710 24 95 205 0.77419 77 2.45161
6995000 30 6.66667 19 89 208 0.83333 77 2.50000
7000000 30 6.33333 16 109 194 0.76667 78 2.53333
7005000 34 6.14706 32 81 217 0.79412 79 2.29412
7010000 22 8.22727 31 97 202 0.95455 78 3.50000
7015000 32 6.40625 29 92 208 0.65625 76 2.37500
7020000 28 7.42857 27 92 213 0.82143 77 2.67857
7025000 33 7.03030 31 71 231 0.75758 74 2.18182
7030000 27 8.18519 35 88 225 0.77778 79 2.85185
7035000 27 8.03704 34 95 228 0.74074 79 2.88889
7040000 28 7.42857 33 88 212 0.85714 78 2.75000
7045000 31 6.74194 34 78 206 0.70968 77 2.35484
7050000 27 7.37037 29 83 201 0.74074 77 2.62963
7055000 26 7.84615 27 77 205 0.76923 77 2.73077
7060000 34 6.00000 27 80 203 0.79412 78 2.17647
7065000 30 6.66667 30 90 205 0.76667 78 2.53333
7070000 28 7.00000 28 93 206 0.82143 75 2.60714
7075000 34 6.17647 32 83 213 0.82353 76 2.14706
7080000 30 7.16667 30 79 207 0.80000 75 2.46667
7085000 28 7.21429 26 89 202 0.85714 75 2.60714
7090000 27 7.37037 25 92 212 0.81481 73 2.70370
7095000 27 7.88889 28 94 229 0.85185 76 2.77778
7100000 30 7.10000 28 95 215 0.76667 76 2.50000
7105000 33 6.15152 27 101 202 0.69697 77 2.30303
7110000 32 6.21875 27 99 204 0.90625 79 2.46875
7115000 29 6.82759 26 87 200 0.75862 80 2.75862
7120000 29 7.00000 25 85 202 0.79310 81 2.75862
7125000 29 7.27586 30 77 216 0.86207 78 2.68966
7130000 26 8.26923 36 77 224 0.92308 77 2.96154
7135000 29 7.55172 36 71 228 0.86207 78 2.65517
7140000 29 7.89655 42 76 247 0.89655 80 2.75862
7145000 32 7.06250 43 70 230 0.81250 79 2.43750
7150000 26 7.76923 41 77 210 0.80769 76 2.84615
7155000 25 7.68000 38 102 208 0.84000 76 2.92000
7160000 29 7.31034 36 80 223 0.86207 76 2.58621
7165000 30 7.10000 35 82 220 0.73333 76 2.50000
7170000 29 7.48276 35 85 220 0.79310 76 2.58621
7175000 31 7.12903 37 93 221 0.70968 76 2.38710
7180000 34 6.85294 34 93 227 0.73529 74 2.11765
7185000 34 6.64706 32 86 217 0.70588 75 2.08824
7190000 32 6.56250 35 94 218 0.87500 76 2.31250
7195000 28 7.17857 37 95 215 0.85714 78 2.64286
7200000 24 7.79167 34 108 216 0.66667 79 3.00000
7205000 26 6.69231 29 104 199 0.80769 78 2.76923
7210000 28 6.75000 30 87 186 0.75000 75 2.57143
7215000 29 6.68966 29 80 199 0.72414 72 2.44828
7220000 29 7.03448 26 90 209 0.82759 73 2.48276
7225000 29 6.86207 23 80 201 0.75862 75 2.48276
7230000 31 6.67742 23 87 217 0.87097 75 2.35484
7235000 30 6.96667 22 93 210 0.73333 73 2.36667
7240000 35 6.37143 23 74 223 0.82857 70 1.97143
7245000 31 6.83871 24 89 204 0.74194 71 2.29032
7250000 31 6.29032 20 84 197 0.77419 72 2.29032
7255000 33 6.09091 20 84 203 0.75758 72 2.15152
7260000 30 6.90000 25 78 204 0.80000 74 2.40000
7265000 32 6.65625 26 79 222 0.84375 77 2.37500
7270000 32 6.28125 26 79 204 0.75000 74 2.21875
7275000 31 7.16129 30 70 233 0.93548 76 2.41935
7280000 29 7.24138 25 77 228 0.93103 77 2.62069
7285000 31 6.83871 24 81 217 0.80645 77 2.45161
7290000 28 6.89286 21 96 200 0.85714 76 2.60714
7295000 25 7.84000 19 94 219 0.84000 75 2.84000
7300000 29 7.41379 21 82 222 0.82759 75 2.55172
7305000 29 7.48276 23 84 223 0.82759 77 2.58621
7310000 27 8.33333 29 62 228 0.88889 76 2.77778
7315000 31 7.41935 30 68 235 0.80645 79 2.41935
7320000 29 7.89655 27 85 232 0.82759 78 2.62069
7325000 31 7.54839 25 84 245 0.70968 75 2.38710
7330000 28 8.67857 24 68 243 0.75000 73 2.60714
7335000 29 7.96552 29 78 235 0.79310 75 2.51724
7340000 24 9.12500 28 80 234 0.87500 74 2.91667
7345000 30 7.70000 28 76 228 0.76667 76 2.46667
7350000 33 7.03030 27 76 230 0.90909 79 2.33333
7355000 31 7.35484 26 71 221 0.87097 75 2.41935
7360000 29 7.55172 27 91 234 0.89655 78 2.62069
7365000 30 7.10000 25 78 216 0.80000 78 2.53333
7370000 28 7.96429 24 75 227 0.82143 78 2.71429
7375000 32 6.90625 23 80 227 0.71875 77 2.37500
7380000 32 6.96875 25 74 224 0.81250 78 2.37500
7385000 27 7.70370 23 87 208 0.81481 77 2.77778
7390000 31 6.77419 20 84 216 0.90323 76 2.41935
7395000 29 7.10345 21 80 215 0.89655 76 2.58621
7400000 30 6.76667 24 88 210 0.90000 75 2.50000
7405000 28 6.67857 21 84 193 0.78571 77 2.71429
7410000 31 6.29032 22 95 197 0.80645 76 2.41935
7415000 33 6.06061 23 90 202 0.75758 76 2.30303
7420000 30 6.36667 23 102 197 0.80000 79 2.53333
7425000 32 6.28125 23 97 202 0.71875 77 2.37500
7430000 31 6.87097 26 91 212 0.70968 77 2.45161
7435000 31 6.87097 29 87 217 0.77419 78 2.48387
7440000 31 6.87097 26 90 216 0.77419 79 2.51613
7445000 30 7.16667 28 90 218 0.83333 78 2.60000
7450000 28 7.75000 29 94 222 0.78571 79 2.78571
7455000 37 6.21622 31 93 226 0.78378 80 2.16216
7460000 31 7.22581 28 99 226 0.74194 79 2.54839
7465000 30 7.16667 31 98 218 0.73333 79 2.63333
7470000 29 7.06897 31 92 218 0.79310 79 2.72414
7475000 26 8.19231 30 99 232 0.88462 79 3.03846
7480000 27 7.96296 30 92 221 0.88889 80 2.81481
7485000 30 7.70000 34 79 233 0.83333 79 2.53333
7490000 29 7.75862 27 77 227 0.72414 78 2.58621
7495000 25 8.60000 28 83 229 0.80000 78 3.00000
7500000 31 7.48387 28 79 241 0.83871 79 2.45161
7505000 26 8.34615 28 85 229 0.92308 79 3.00000
7510000 28 7.57143 26 85 225 0.82143 80 2.78571
7515000 29 7.44828 22 69 224 0.86207 80 2.65517
7520000 22 9.04545 20 90 221 1.00000 79 3.54545
7525000 26 8.11538 21 79 224 0.88462 78 2.96154
7530000 29 7.62069 20 72 236 0.79310 77 2.65517
7535000 27 7.77778 18 73 216 0.85185 77 2.81481
7540000 28 7.42857 21 72 220 0.89286 78 2.75000
7545000 25 7.48000 19 94 199 0.84000 79 3.08000
7550000 27 6.85185 19 85 193 0.77778 77 2.85185
7555000 25 6.88000 17 107 201 0.84000 80 3.04000
7560000 30 6.56667 22 79 206 0.80000 80 2.63333
7565000 23 7.91304 21 86 209 0.95652 79 3.39130
7570000 29 7.20690 23 83 214 0.79310 78 2.65517
7575000 25 8.44000 27 80 217 0.88000 78 3.12000
7580000 30 7.26667 23 82 225 0.83333 79 2.63333
7585000 29 7.72414 21 71 220 0.86207 79 2.72414
7590000 32 7.03125 22 78 225 0.81250 79 2.46875
7595000 32 6.84375 19 79 218 0.81250 80 2.50000
7600000 33 6.57576 20 86 215 0.72727 80 2.42424
7605000 28 7.50000 20 90 219 0.85714 79 2.82143
7610000 25 8.12000 20 90 216 0.88000 78 3.12000
7615000 27 7.70370 21 82 227 0.88889 78 2.88889
7620000 27 8.11111 22 76 226 0.81481 78 2.88889
7625000 29 7.55172 22 81 224 0.86207 79 2.68966
7630000 31 7.12903 21 80 210 0.83871 78 2.51613
7635000 28 7.78571 22 82 232 0.78571 79 2.75000
7640000 32 7.25000 20 73 238 0.84375 78 2.43750
7645000 26 8.15385 20 92 228 0.92308 79 3.00000
7650000 30 7.03333 22 89 222 0.86667 81 2.63333
7655000 27 7.55556 23 77 215 0.81481 79 2.88889
7660000 29 6.93103 23 74 208 0.86207 79 2.68966
7665000 26 7.73077 24 80 207 0.84615 80 3.00000
7670000 27 7.66667 19 87 212 0.88889 77 2.81481
7675000 29 7.65517 20 82 221 0.86207 77 2.62069
7680000 29 7.79310 18 77 224 0.79310 78 2.58621
7685000 33 6.93939 19 67 222 0.75758 79 2.33333
7690000 30 7.36667 21 82 225 0.86667 78 2.56667
7695000 31 7.09677 20 78 219 0.80645 78 2.45161
7700000 28 7.35714 19 86 218 0.92857 79 2.71429
7705000 28 7.64286 21 85 228 0.85714 75 2.60714
7710000 30 7.23333 20 81 231 0.83333 76 2.46667
7715000 27 8.00000 21 85 222 0.85185 76 2.62963
7720000 30 6.93333 20 92 210 0.83333 75 2.43333
7725000 28 7.32143 18 97 220 0.89286 76 2.64286
7730000 32 6.75000 16 76 219 0.78125 75 2.25000
7735000 29 7.20690 15 79 217 0.89655 75 2.44828
7740000 25 7.88000 20 84 217 0.84000 75 2.76000
7745000 29 6.72414 17 83 201 0.82759 73 2.34483
7750000 26 7.42308 17 95 216 0.92308 76 2.73077
7755000 30 6.93333 16 89 220 0.73333 74 2.40000
7760000 30 6.86667 18 90 221 0.90000 75 2.40000
7765000 31 6.51613 17 89 212 0.80645 73 2.29032
7770000 33 6.15152 16 85 199 0.75758 70 2.09091
7775000 34 6.08824 15 79 203 0.70588 73 2.05882
7780000 36 6.02778 14 69 216 0.80556 78 2.08333
7785000 34 6.11765 16 74 206 0.85294 77 2.20588
7790000 29 6.79310 18 85 214 0.93103 77 2.68966
7795000 34 6.29412 21 77 222 0.94118 76 2.23529
7800000 30 6.86667 20 81 206 0.83333 75 2.46667
7805000 29 6.89655 20 91 204 0.86207 77 2.48276
7810000 31 7.00000 21 84 220 0.83871 79 2.41935
7815000 34 6.44118 22 73 215 0.79412 79 2.17647
7820000 29 7.17241 21 88 213 0.79310 77 2.31034
7825000 28 7.07143 20 95 211 0.85714 76 2.50000
7830000 29 7.20690 22 91 220 0.82759 80 2.65517
7835000 30 7.20000 22 84 218 0.80000 77 2.50000
7840000 31 6.83871 23 89 212 0.87097 74 2.35484
7845000 30 7.33333 25 86 219 0.86667 77 2.53333
7850000 31 7.12903 22 85 210 0.80645 78 2.32258
7855000 33 6.63636 19 90 219 0.84848 78 2.30303
7860000 34 6.29412 19 84 200 0.70588 77 2.17647
7865000 31 6.96774 20 89 219 0.77419 77 2.41935
7870000 35 6.45714 20 71 208 0.71429 79 2.25714
7875000 37 5.89189 21 89 217 0.75676 80 2.10811
7880000 26 7.88462 25 105 205 0.80769 80 3.03846
7885000 35 6.51429 18 84 204 0.77143 79 2.22857
7890000 27 7.74074 19 101 217 0.92593 79 2.92593
7895000 33 6.45455 20 90 209 0.81818 80 2.39394
7900000 35 6.40000 19 76 220 0.85714 79 2.25714
7905000 35 6.37143 22 70 217 0.77143 79 2.25714
7910000 30 7.30000 22 69 206 0.73333 79 2.63333
7915000 29 7.31034 23 73 202 0.79310 77 2.65517
7920000 31 6.87097 19 76 205 0.80645 80 2.58065
7925000 30 7.03333 18 75 214 0.86667 78 2.60000
7930000 27 7.44444 18 83 204 0.81481 78 2.88889
7935000 29 7.27586 18 92 222 0.82759 78 2.65517
7940000 27 7.88889 19 83 224 0.85185 78 2.74074
7945000 29 7.62069 19 79 216 0.75862 80 2.75862
7950000 31 7.09677 21 76 218 0.80645 79 2.54839
7955000 24 8.66667 20 76 213 0.87500 79 3.25000
7960000 23 8.95652 20 92 220 0.91304 78 3.21739
7965000 29 7.72414 21 63 221 0.86207 77 2.55172
7970000 30 7.53333 19 77 218 0.76667 74 2.46667
7975000 30 7.36667 20 76 209 0.76667 76 2.43333
7980000 29 7.68966 23 72 219 0.79310 77 2.55172
7985000 26 7.65385 19 82 205 0.88462 76 2.88462
7990000 23 8.43478 26 84 208 0.86957 76 3.21739
7995000 30 6.93333 25 82 210 0.70000 75 2.50000
8000000 32 6.71875 22 84 208 0.65625 77 2.37500
8005000 28 7.35714 17 91 208 0.78571 78 2.75000
8010000 31 6.93548 17 84 217 0.74194 79 2.48387
8015000 29 7.31034 17 95 222 0.79310 76 2.55172
8020000 36 6.52778 17 78 229 0.72222 75 2.05556
8025000 26 8.26923 17 99 223 0.76923 76 2.88462
8030000 30 7.33333 18 99 210 0.60000 76 2.46667
8035000 27 7.44444 16 105 207 0.70370 76 2.74074
8040000 30 7.10000 17 96 214 0.76667 76 2.50000
8045000 33 6.78788 16 77 201 0.72727 77 2.27273
8050000 28 7.92857 19 75 205 0.75000 79 2.71429
8055000 31 7.35484 17 68 210 0.74194 78 2.41935
8060000 33 6.90909 20 75 204 0.66667 79 2.36364
8065000 29 7.24138 20 86 202 0.79310 78 2.65517
8070000 28 7.50000 20 82 195 0.71429 78 2.75000
8075000 32 6.65625 19 86 194 0.62500 79 2.46875
8080000 24 8.29167 18 99 213 0.83333 79 3.25000
8085000 28 6.96429 19 90 192 0.71429 78 2.78571
8090000 31 6.25806 18 94 203 0.74194 80 2.54839
8095000 26 7.26923 21 97 192 0.65385 78 3.00000
8100000 29 6.55172 21 100 192 0.72414 77 2.65517
8105000 27 6.81481 20 119 194 0.70370 76 2.77778
8110000 33 6.27273 21 98 204 0.66667 74 2.21212
8115000 26 7.42308 28 98 203 0.76923 76 2.84615
8120000 25 7.84000 29 104 203 0.80000 75 2.80000
8125000 31 6.70968 28 85 211 0.67742 78 2.32258
8130000 32 6.65625 27 88 211 0.71875 78 2.43750
8135000 25 7.76000 29 96 207 0.80000 78 3.08000
8140000 32 6.37500 34 87 197 0.75000 76 2.37500
8145000 28 7.25000 32 90 208 0.67857 77 2.67857
8150000 25 7.28000 34 103 192 0.68000 75 2.84000
8155000 29 6.75862 32 113 211 0.82759 79 2.58621
8160000 28 6.71429 32 115 204 0.78571 76 2.67857
8165000 34 6.05882 29 108 221 0.76471 78 2.26471
8170000 26 7.42308 24 101 214 0.92308 76 2.92308
8175000 34 6.35294 26 92 212 0.67647 75 2.17647
8180000 37 6.10811 26 93 226 0.75676 78 2.05405
8185000 30 6.76667 27 104 216 0.80000 77 2.53333
8190000 33 6.30303 30 90 217 0.78788 78 2.33333
8195000 33 6.21212 28 91 208 0.75758 77 2.33333
8200000 27 7.62963 27 90 214 0.88889 77 2.81481
8205000 29 7.51724 31 95 223 0.79310 79 2.65517
8210000 29 7.93103 28 87 242 0.86207 79 2.68966
8215000 29 8.03448 31 78 234 0.72414 77 2.62069
8220000 27 8.51852 27 78 236 0.74074 78 2.85185
8225000 30 6.96667 24 89 211 0.73333 77 2.56667
8230000 27 7.33333 22 95 216 0.74074 73 2.66667
8235000 30 7.20000 21 81 223 0.86667 75 2.43333
8240000 32 6.93750 21 86 226 0.81250 74 2.28125
8245000 30 7.80000 24 77 235 0.80000 76 2.50000
8250000 30 7.90000 24 77 226 0.70000 75 2.43333
8255000 26 8.34615 24 78 210 0.76923 73 2.73077
8260000 28 7.92857 23 77 217 0.67857 75 2.50000
8265000 30 7.53333 22 68 218 0.70000 73 2.30000
8270000 26 8.23077 23 77 215 0.84615 70 2.65385
8275000 32 7.12500 23 61 217 0.78125 73 2.28125
8280000 36 6.27778 25 72 222 0.77778 75 2.02778
8285000 35 6.22857 24 74 216 0.68571 74 2.08571
8290000 33 6.78788 26 71 225 0.81818 76 2.30303
8295000 32 6.53125 25 81 221 0.78125 75 2.31250
8300000 33 6.75758 26 81 225 0.78788 76 2.24242
8305000 32 7.03125 23 78 225 0.78125 78 2.31250
8310000 30 6.93333 22 87 213 0.83333 75 2.46667
8315000 31 6.77419 34 92 217 0.83871 77 2.41935
8320000 32 6.25000 30 97 220 0.78125 75 2.28125
8325000 29 6.96552 29 80 209 0.89655 77 2.65517
8330000 25 8.40000 31 85 225 0.92000 79 3.04000
8335000 30 7.43333 32 76 231 0.90000 78 2.60000
8340000 33 6.90909 30 71 226 0.84848 79 2.36364
8345000 31 7.16129 28 80 227 0.87097 78 2.48387
8350000 29 7.24138 25 89 213 0.82759 78 2.65517
8355000 36 6.33333 22 72 214 0.77778 77 2.13889
8360000 32 6.62500 24 80 209 0.75000 75 2.34375
8365000 28 7.25000 24 95 210 0.82143 76 2.67857
8370000 32 6.71875 23 83 203 0.84375 75 2.34375
8375000 34 6.44118 20 77 195 0.70588 76 2.20588
8380000 30 6.86667 19 84 209 0.86667 75 2.43333
8385000 30 7.13333 22 91 218 0.76667 77 2.46667
8390000 32 7.00000 22 76 216 0.90625 77 2.37500
8395000 29 7.31034 24 77 224 0.89655 78 2.65517
8400000 33 6.66667 21 81 221 0.84848 79 2.33333
8405000 30 7.16667 19 85 235 0.93333 79 2.56667
8410000 35 6.62857 20 68 224 0.77143 79 2.20000
8415000 36 6.27778 21 90 224 0.75000 78 2.13889
8420000 33 7.12121 22 83 224 0.72727 78 2.36364
8425000 29 7.37931 25 91 224 0.82759 77 2.58621
8430000 33 6.57576 19 84 220 0.75758 77 2.33333
8435000 29 6.96552 19 95 216 0.93103 77 2.55172
8440000 30 6.73333 16 88 213 0.86667 76 2.43333
8445000 28 7.46429 16 77 218 0.85714 79 2.71429
8450000 31 7.19355 36 68 225 0.83871 79 2.54839
8455000 29 6.68966 30 80 210 0.86207 80 2.72414
8460000 32 6.46875 27 77 202 0.78125 79 2.43750
8465000 33 6.39394 30 74 213 0.84848 81 2.36364
8470000 30 6.56667 28 80 204 0.86667 80 2.56667
8475000 27 6.88889 25 91 204 0.92593 80 2.92593
8480000 33 6.15152 25 87 207 0.81818 79 2.36364
8485000 25 8.08000 33 91 221 1.00000 78 3.12000
8490000 25 8.16000 34 86 219 0.96000 79 3.08000
8495000 29 7.48276 38 68 218 0.93103 79 2.68966
8500000 30 7.46667 36 66 224 0.86667 80 2.66667
8505000 27 8.48148 32 72 239 0.85185 81 2.96296
8510000 25 8.60000 32 79 234 0.96000 79 3.12000
8515000 28 7.57143 31 66 221 0.85714 78 2.71429
8520000 32 6.46875 28 71 214 0.78125 78 2.34375
8525000 27 7.44444 24 88 215 0.85185 78 2.81481
8530000 28 7.32143 28 85 213 0.85714 77 2.67857
8535000 26 7.50000 26 83 201 0.84615 76 2.92308
8540000 34 6.02941 26 79 217 0.79412 76 2.17647
8545000 32 6.40625 24 93 218 0.78125 76 2.34375
8550000 31 6.64516 22 93 219 0.77419 75 2.38710
8555000 28 7.00000 20 101 221 0.85714 76 2.57143
8560000 34 6.44118 21 88 222 0.76471 75 2.20588
8565000 37 6.29730 23 78 226 0.72973 75 2.02703
8570000 34 7.00000 26 85 240 0.73529 78 2.20588
8575000 29 8.13793 27 96 246 0.82759 75 2.58621
8580000 32 7.59375 26 76 249 0.87500 77 2.34375
8585000 27 8.92593 34 77 249 0.88889 78 2.81481
8590000 27 8.59259 34 72 241 0.85185 77 2.77778
8595000 27 8.74074 35 65 250 0.85185 77 2.77778
8600000 29 8.03448 30 76 238 0.86207 77 2.62069
8605000 30 7.33333 31 78 228 0.83333 77 2.56667
8610000 29 7.10345 32 85 216 0.82759 78 2.68966
8615000 36 6.33333 32 77 225 0.80556 78 2.16667
8620000 35 6.80000 32 77 232 0.85714 80 2.28571
8625000 28 7.89286 33 87 226 0.89286 78 2.78571
8630000 34 6.85294 31 82 233 0.82353 78 2.23529
8635000 30 7.43333 40 85 231 0.76667 74 2.46667
8640000 25 8.24000 37 99 229 0.92000 75 2.96000
8645000 29 7.37931 37 84 225 0.79310 75 2.55172
8650000 30 6.63333 32 96 215 0.76667 77 2.43333
8655000 30 7.00000 34 89 221 0.80000 75 2.36667
8660000 33 6.69697 33 68 219 0.75758 76 2.27273
8665000 31 7.38710 42 72 226 0.70968 75 2.32258
8670000 23 9.04348 37 86 228 0.91304 75 3.08696
8675000 29 7.37931 30 77 218 0.86207 78 2.62069
8680000 30 7.03333 29 78 216 0.83333 78 2.50000
8685000 29 7.41379 28 80 224 0.86207 77 2.58621
8690000 31 7.54839 27 67 231 0.77419 76 2.45161
8695000 30 7.43333 24 79 223 0.76667 76 2.53333
8700000 28 7.92857 20 77 231 0.82143 77 2.71429
8705000 31 7.25806 24 76 238 0.83871 79 2.54839
8710000 25 8.20000 31 87 222 0.84000 76 3.00000
8715000 23 9.13043 30 93 229 0.82609 75 3.21739
8720000 27 8.03704 30 86 230 0.88889 74 2.70370
8725000 27 7.81481 29 82 229 0.77778 75 2.62963
8730000 25 8.40000 29 97 225 0.76000 74 2.80000
8735000 25 8.72000 26 89 230 0.92000 78 2.92000
8740000 29 7.41379 25 91 231 0.89655 78 2.62069
8745000 27 8.07407 27 93 232 0.77778 77 2.81481
8750000 28 7.67857 24 80 224 0.92857 77 2.67857
8755000 32 6.96875 26 69 221 0.75000 77 2.34375
8760000 32 6.78125 25 88 223 0.78125 76 2.34375
8765000 30 7.50000 27 75 222 0.83333 74 2.46667
8770000 25 8.68000 24 89 231 0.92000 74 2.96000
8775000 27 8.66667 24 70 236 0.85185 74 2.70370
8780000 27 8.37037 24 82 230 0.85185 75 2.70370
8785000 33 7.48485 26 71 251 0.87879 77 2.24242
8790000 30 7.70000 25 81 242 0.80000 77 2.50000
8795000 25 8.84000 27 94 230 0.92000 77 2.96000
8800000 29 7.51724 26 89 219 0.89655 78 2.62069
8805000 31 6.83871 26 89 221 0.87097 77 2.35484
8810000 33 6.48485 27 94 221 0.87879 74 2.15152
8815000 38 6.00000 27 77 219 0.71053 75 1.89474
8820000 32 6.81250 27 79 213 0.84375 76 2.34375
8825000 31 6.93548 24 79 211 0.83871 74 2.35484
8830000 31 7.03226 28 87 228 0.83871 77 2.45161
8835000 36 6.19444 32 74 224 0.72222 79 2.13889
8840000 31 6.58065 28 81 214 0.87097 79 2.51613
8845000 32 6.46875 27 82 204 0.78125 78 2.43750
8850000 29 6.82759 27 83 202 0.79310 75 2.48276
8855000 28 7.28571 26 87 215 0.85714 78 2.64286
8860000 31 6.48387 29 86 204 0.80645 78 2.48387
8865000 25 7.60000 32 90 211 0.88000 78 3.08000
8870000 32 6.25000 27 79 202 0.68750 78 2.37500
8875000 29 6.82759 26 82 206 0.75862 78 2.62069
8880000 27 7.33333 25 84 203 0.92593 76 2.77778
8885000 25 8.16000 26 85 203 0.84000 78 3.08000
8890000 28 7.21429 25 93 202 0.71429 78 2.78571
8895000 29 7.44828 27 77 221 0.82759 79 2.62069
8900000 28 7.67857 28 87 223 0.71429 79 2.75000
8905000 32 6.75000 23 90 219 0.75000 78 2.40625
8910000 30 6.83333 20 86 197 0.80000 74 2.46667
8915000 31 6.70968 21 84 207 0.87097 75 2.35484
8920000 31 6.64516 19 91 204 0.67742 75 2.35484
8925000 33 6.36364 19 85 198 0.75758 76 2.15152
8930000 32 6.81250 23 84 215 0.81250 76 2.31250
8935000 33 6.84848 23 80 215 0.69697 79 2.30303
8940000 29 7.48276 20 93 211 0.82759 78 2.62069
8945000 36 6.44444 24 84 211 0.69444 77 2.11111
8950000 31 7.09677 24 97 222 0.77419 77 2.48387
8955000 28 7.67857 22 94 224 0.89286 78 2.78571
8960000 32 6.81250 22 81 213 0.78125 79 2.43750
8965000 28 7.71429 22 91 212 0.78571 78 2.71429
8970000 28 7.32143 27 93 201 0.71429 79 2.71429
8975000 30 7.43333 28 97 227 0.76667 79 2.63333
8980000 27 7.96296 26 98 223 0.81481 78 2.88889
8985000 33 7.18182 29 91 219 0.63636 77 2.33333
8990000 30 7.60000 31 90 213 0.76667 79 2.63333
8995000 22 10.09091 29 84 231 0.90909 77 3.50000
9000000 22 9.40909 22 87 224 0.77273 75 3.27273
9005000 27 8.07407 24 83 231 0.74074 74 2.66667
9010000 31 7.41935 25 88 238 0.74194 73 2.29032
9015000 28 7.78571 28 84 227 0.71429 74 2.60714
9020000 23 8.86957 29 91 222 0.73913 76 3.13043
9025000 26 7.92308 28 91 221 0.73077 72 2.65385
9030000 21 9.61905 31 104 220 0.90476 73 3.47619
9035000 30 7.20000 28 90 211 0.73333 78 2.46667
9040000 31 7.00000 28 85 219 0.83871 73 2.32258
9045000 31 6.96774 25 93 223 0.80645 73 2.29032
9050000 31 6.77419 24 91 222 0.70968 74 2.22581
9055000 31 6.96774 28 96 224 0.87097 77 2.35484
9060000 37 6.43243 28 81 237 0.83784 75 2.00000
9065000 31 6.83871 30 90 217 0.87097 76 2.45161
9070000 32 6.43750 28 94 230 0.84375 77 2.28125
9075000 29 7.24138 28 92 217 0.72414 75 2.51724
9080000 28 7.46429 33 93 224 0.85714 77 2.67857
9085000 34 6.44118 33 88 225 0.79412 77 2.23529
9090000 30 6.93333 33 89 228 0.86667 78 2.56667
9095000 33 6.39394 30 91 217 0.84848 78 2.33333
9100000 30 7.00000 25 86 217 0.90000 77 2.56667
9105000 28 7.75000 28 85 228 0.89286 77 2.75000
9110000 29 7.58621 27 79 239 0.93103 77 2.62069
9115000 28 8.07143 28 88 243 0.89286 78 2.71429
9120000 36 6.44444 27 82 238 0.83333 74 2.02778
9125000 31 7.25806 20 90 232 0.83871 74 2.35484
9130000 33 6.93939 22 83 230 0.81818 74 2.18182
9135000 31 7.45161 30 87 228 0.83871 78 2.32258
9140000 29 7.82759 29 77 223 0.82759 75 2.51724
9145000 28 7.82143 27 80 224 0.85714 74 2.60714
9150000 37 6.27027 27 76 230 0.83784 75 2.00000
9155000 33 6.60606 25 80 224 0.87879 76 2.27273
9160000 32 6.78125 27 77 210 0.81250 76 2.37500
9165000 29 7.13793 37 96 213 0.75862 76 2.62069
9170000 30 7.13333 36 91 219 0.83333 75 2.50000
9175000 35 6.34286 31 76 220 0.68571 75 2.14286
9180000 30 7.30000 35 81 225 0.80000 77 2.50000
9185000 28 7.35714 35 89 215 0.82143 75 2.67857
9190000 28 7.46429 29 84 214 0.78571 75 2.64286
9195000 29 7.06897 24 83 206 0.79310 74 2.55172
9200000 27 7.81481 26 91 211 0.81481 75 2.74074
9205000 33 7.24242 34 91 236 0.72727 76 2.27273
9210000 31 7.16129 31 92 214 0.67742 76 2.41935
9215000 32 7.34375 30 89 220 0.81250 75 2.34375
9220000 33 7.15152 29 93 221 0.72727 75 2.24242
9225000 28 8.21429 29 89 226 0.85714 78 2.71429
9230000 30 7.43333 23 82 214 0.80000 76 2.46667
9235000 32 7.00000 21 90 212 0.71875 77 2.34375
9240000 30 7.23333 23 82 201 0.76667 78 2.53333
9245000 34 6.67647 27 75 216 0.73529 77 2.23529
9250000 35 6.62857 29 74 219 0.74286 76 2.14286
9255000 30 7.30000 29 75 212 0.76667 75 2.50000
9260000 31 7.06452 27 69 214 0.87097 75 2.41935
9265000 28 7.60714 25 80 217 0.82143 73 2.53571
9270000 28 7.39286 26 77 204 0.75000 73 2.50000
9275000 35 6.25714 26 78 218 0.77143 72 2.00000
9280000 26 7.57692 26 102 212 0.80769 70 2.61538
9285000 27 7.88889 25 88 218 0.85185 73 2.59259
9290000 30 6.80000 23 91 214 0.70000 72 2.30000
9295000 28 7.07143 22 98 218 0.85714 74 2.50000
9300000 27 7.44444 29 95 216 0.81481 76 2.62963
9305000 33 6.39394 29 78 213 0.78788 75 2.18182
9310000 30 6.83333 31 92 211 0.86667 75 2.36667
9315000 26 8.03846 32 100 223 0.88462 76 2.88462
9320000 28 7.46429 31 97 217 0.78571 77 2.60714
9325000 31 7.25806 28 80 216 0.74194 77 2.41935
9330000 34 6.70588 26 87 222 0.73529 76 2.17647
9335000 30 7.96667 32 80 227 0.80000 76 2.43333
9340000 26 8.38462 26 84 220 0.88462 75 2.80769
9345000 30 7.40000 28 73 214 0.86667 73 2.40000
9350000 29 7.86207 28 77 223 0.86207 76 2.48276
9355000 30 7.36667 29 70 222 0.83333 75 2.50000
9360000 30 7.06667 29 79 198 0.73333 74 2.43333
9365000 29 7.44828 32 83 211 0.79310 76 2.58621
9370000 27 7.85185 29 85 214 0.81481 76 2.77778
9375000 31 7.32258 30 79 223 0.80645 78 2.51613
9380000 39 5.97436 26 66 212 0.76923 78 2.00000
9385000 30 7.03333 23 87 214 0.86667 79 2.60000
9390000 32 6.71875 23 79 205 0.78125 79 2.43750
9395000 27 7.33333 22 93 197 0.77778 78 2.81481
9400000 25 7.92000 22 100 191 0.84000 79 3.08000
9405000 31 6.87097 24 83 196 0.70968 77 2.45161
9410000 24 8.83333 26 93 206 0.83333 77 3.12500
9415000 29 7.37931 26 85 202 0.86207 74 2.55172
9420000 28 7.75000 25 84 222 0.82143 75 2.64286
9425000 28 7.53571 23 84 214 0.78571 75 2.64286
9430000 31 7.03226 23 81 208 0.74194 75 2.38710
9435000 24 8.12500 22 103 214 0.87500 75 3.08333
9440000 29 7.06897 19 100 216 0.79310 74 2.51724
9445000 27 8.44444 21 86 224 0.92593 73 2.70370
9450000 31 7.51613 24 76 222 0.80645 78 2.38710
9455000 26 8.30769 22 94 229 0.80769 77 2.84615
9460000 35 6.48571 21 70 208 0.74286 76 2.17143
9465000 33 6.96970 23 74 226 0.69697 78 2.36364
9470000 29 8.00000 27 77 226 0.72414 78 2.62069
9475000 28 8.10714 27 79 212 0.82143 76 2.67857
9480000 25 8.44000 27 92 215 0.80000 76 3.00000
9485000 26 8.03846 29 95 225 0.88462 77 2.88462
9490000 32 7.06250 30 86 239 0.84375 77 2.34375
9495000 31 7.70968 26 81 243 0.90323 76 2.41935
9500000 31 7.74194 23 70 237 0.83871 75 2.38710
9505000 28 8.53571 25 69 247 0.85714 77 2.64286
9510000 28 8.57143 28 75 249 0.92857 75 2.60714
9515000 29 8.41379 28 71 231 0.79310 74 2.55172
9520000 31 7.51613 24 68 223 0.70968 73 2.35484
9525000 29 8.27586 26 70 240 0.86207 72 2.48276
9530000 23 9.43478 22 86 233 0.95652 75 3.08696
9535000 23 9.65217 26 77 232 0.82609 76 3.13043
9540000 24 9.04167 24 82 226 0.79167 75 3.00000
9545000 26 8.38462 23 83 227 0.84615 72 2.69231
9550000 27 8.62963 24 90 235 0.74074 73 2.62963
9555000 28 8.35714 25 99 251 0.71429 74 2.57143
9560000 34 6.52941 22 88 227 0.82353 75 2.17647
9565000 32 6.96875 27 83 226 0.68750 76 2.31250
9570000 33 6.72727 24 82 221 0.75758 73 2.15152
9575000 34 6.41176 22 90 230 0.73529 75 2.14706
9580000 30 7.66667 23 79 227 0.73333 78 2.56667
9585000 30 7.80000 29 75 227 0.70000 79 2.56667
9590000 27 8.11111 30 76 229 0.77778 79 2.85185
9595000 23 8.86957 33 89 215 0.82609 80 3.39130
9600000 23 8.82609 33 86 217 0.91304 78 3.34783
9605000 27 7.51852 32 80 209 0.77778 77 2.74074
9610000 30 7.16667 33 73 203 0.63333 74 2.43333
9615000 27 7.55556 33 82 213 0.70370 77 2.70370
9620000 28 7.32143 30 86 212 0.71429 75 2.67857
9625000 32 6.81250 33 77 224 0.81250 77 2.34375
9630000 27 7.07407 30 102 209 0.77778 77 2.70370
9635000 36 6.19444 24 84 201 0.61111 79 2.08333
9640000 36 6.47222 24 63 215 0.69444 77 2.11111
9645000 35 6.45714 22 75 212 0.71429 79 2.22857
9650000 29 7.24138 21 81 211 0.82759 79 2.65517
9655000 31 7.16129 25 74 222 0.80645 79 2.51613
9660000 27 7.74074 22 81 201 0.74074 78 2.88889
9665000 34 6.38235 25 74 214 0.79412 78 2.29412
9670000 33 7.21212 27 69 220 0.69697 79 2.36364
9675000 29 8.17241 26 73 229 0.75862 78 2.68966
9680000 29 8.17241 25 79 237 0.79310 79 2.68966
9685000 30 7.76667 26 82 234 0.83333 81 2.63333
9690000 31 7.35484 25 89 239 0.80645 79 2.51613
9695000 25 9.20000 29 94 245 0.96000 79 3.04000
9700000 31 7.74194 27 88 240 0.74194 78 2.45161
9705000 26 8.76923 25 94 243 0.88462 75 2.88462
9710000 29 8.27586 26 86 238 0.68966 74 2.55172
9715000 28 8.28571 26 88 231 0.75000 75 2.64286
9720000 28 7.75000 24 96 217 0.85714 74 2.64286
9725000 29 7.37931 22 88 213 0.75862 77 2.55172
9730000 28 6.92857 21 101 212 0.82143 75 2.64286
9735000 33 6.24242 20 94 216 0.87879 76 2.27273
9740000 30 6.60000 24 95 202 0.83333 76 2.46667
9745000 32 6.50000 24 103 215 0.78125 75 2.34375
9750000 31 6.74194 22 88 203 0.80645 76 2.45161
9755000 33 6.51515 20 75 203 0.75758 76 2.30303
9760000 28 7.32143 19 80 198 0.75000 74 2.57143
9765000 32 5.96875 24 83 198 0.87500 75 2.21875
9770000 32 6.03125 23 92 195 0.78125 77 2.25000
9775000 37 5.64865 25 78 201 0.78378 76 2.00000
9780000 27 7.55556 26 85 212 0.92593 76 2.77778
9785000 29 7.17241 27 93 214 0.89655 78 2.68966
9790000 30 6.86667 25 82 197 0.80000 78 2.60000
9795000 31 6.61290 24 85 196 0.80645 77 2.48387
9800000 32 6.62500 22 82 198 0.78125 76 2.34375
9805000 29 7.55172 20 86 219 0.79310 77 2.55172
9810000 35 6.71429 27 76 220 0.77143 77 2.17143
9815000 28 7.67857 26 93 219 0.82143 79 2.71429
9820000 31 7.09677 25 82 216 0.80645 76 2.45161
9825000 34 6.50000 26 89 208 0.67647 78 2.23529
9830000 32 6.65625 26 90 219 0.81250 80 2.40625
9835000 30 7.06667 30 93 224 0.86667 77 2.53333
9840000 26 8.15385 28 90 228 0.88462 79 2.92308
9845000 27 7.70370 31 86 224 0.88889 78 2.85185
9850000 26 7.76923 28 83 203 0.69231 76 2.80769
9855000 29 7.00000 26 75 213 0.86207 74 2.44828
9860000 29 7.34483 25 75 213 0.79310 74 2.44828
9865000 27 8.00000 22 82 223 0.81481 75 2.77778
9870000 30 7.43333 19 66 233 0.83333 75 2.43333
9875000 28 7.75000 20 76 230 0.89286 75 2.67857
9880000 33 6.90909 25 82 225 0.78788 72 2.15152
9885000 28 7.89286 26 96 218 0.71429 73 2.53571
9890000 29 7.68966 26 92 224 0.75862 75 2.55172
9895000 29 7.75862 25 83 237 0.79310 78 2.58621
9900000 26 8.42308 25 91 239 0.96154 78 2.92308
9905000 26 8.07692 22 83 217 0.80769 78 2.84615
9910000 25 8.20000 21 81 209 0.84000 74 2.92000
9915000 28 7.39286 22 78 212 0.75000 74 2.60714
9920000 30 6.90000 19 72 207 0.66667 77 2.46667
9925000 28 7.35714 22 86 218 0.78571 78 2.67857
9930000 28 7.14286 17 91 215 0.78571 78 2.67857
9935000 34 5.97059 18 86 206 0.76471 77 2.17647
9940000 29 6.58621 19 100 207 0.89655 77 2.62069
9945000 31 6.25806 18 95 212 0.77419 76 2.38710
9950000 25 6.92000 19 107 194 0.84000 74 2.92000
9955000 29 6.55172 20 85 203 0.82759 76 2.51724
9960000 24 7.83333 20 86 207 0.91667 75 2.95833
9965000 32 6.68750 25 67 213 0.84375 73 2.21875
9970000 30 6.70000 25 78 201 0.80000 72 2.36667
9975000 29 6.89655 24 84 210 0.89655 74 2.48276
9980000 24 8.00000 23 82 217 0.95833 72 2.91667
9985000 25 7.96000 25 86 221 0.92000 72 2.84000
9990000 27 7.22222 22 91 203 0.92593 75 2.66667
9995000 32 5.87500 21 83 196 0.78125 74 2.28125
10000000 34 5.70588 19 80 196 0.79412 77 2.17647
