# V2 - Timesteps, No of clusters, Mean cluster size, Size largest cluster, No clusters size 1, No prot bound to poly, Fraction clusters bound to poly, No type 2 poly bound to prot, Mean no type 2 in prot cluster
3000000 19 5.68421 12 55 131 0.94737 68 3.15789
3005000 21 5.52381 12 50 138 1.00000 65 2.85714
3010000 23 4.91304 13 43 126 0.91304 67 2.69565
3015000 19 5.63158 13 52 126 1.00000 66 3.15789
3020000 18 5.38889 11 54 115 1.00000 65 3.27778
3025000 21 4.61905 10 55 115 0.95238 66 2.80952
3030000 18 4.88889 12 63 113 0.94444 68 3.16667
3035000 18 4.72222 11 59 110 1.00000 67 3.11111
3040000 18 4.94444 10 62 113 0.88889 65 3.11111
3045000 19 4.78947 10 58 104 0.94737 70 3.15789
3050000 19 4.89474 10 54 112 1.00000 68 3.26316
3055000 18 5.55556 12 48 115 1.00000 65 3.38889
3060000 18 5.55556 12 51 126 1.00000 68 3.27778
3065000 19 5.42105 13 55 127 1.00000 71 3.21053
3070000 18 5.44444 12 62 123 1.00000 69 3.22222
3075000 17 5.58824 14 66 122 1.00000 68 3.23529
3080000 18 5.38889 14 69 120 0.94444 68 3.22222
3085000 19 5.47368 16 56 129 1.00000 67 3.10526
3090000 19 5.36842 13 55 122 1.00000 67 3.21053
3095000 18 5.38889 11 58 116 1.00000 67 3.22222
3100000 18 5.27778 14 51 110 1.00000 68 3.38889
3105000 18 5.33333 14 55 116 1.00000 65 3.16667
3110000 18 5.33333 16 56 119 0.94444 68 3.22222
3115000 18 5.55556 18 47 118 0.94444 66 3.27778
3120000 19 5.52632 19 44 122 0.94737 67 3.15789
3125000 19 5.36842 18 40 117 1.00000 70 3.42105
3130000 18 5.61111 17 40 115 1.00000 68 3.50000
3135000 19 5.36842 15 44 118 1.00000 66 3.31579
3140000 19 5.42105 13 39 118 1.00000 65 3.26316
3145000 16 6.00000 13 41 114 1.00000 67 3.81250
3150000 17 5.88235 14 45 117 1.00000 65 3.52941
3155000 19 5.47368 14 45 121 1.00000 66 3.21053
3160000 17 6.00000 13 41 118 1.00000 65 3.58824
3165000 20 5.35000 15 38 125 1.00000 66 3.10000
3170000 20 5.20000 15 46 121 0.95000 65 3.05000
3175000 18 5.16667 13 51 107 1.00000 69 3.50000
3180000 18 5.22222 13 52 118 1.00000 67 3.22222
3185000 19 5.36842 17 47 125 1.00000 64 3.10526
3190000 16 6.37500 16 51 123 1.00000 69 3.68750
3195000 18 5.66667 16 48 115 0.94444 67 3.38889
3200000 17 5.64706 15 52 121 1.00000 65 3.52941
3205000 19 5.26316 13 47 115 0.94737 66 3.05263
3210000 14 6.28571 15 58 115 1.00000 67 4.00000
3215000 14 6.50000 16 58 117 1.00000 66 3.78571
3220000 16 5.50000 15 55 113 0.93750 62 3.50000
3225000 14 5.85714 12 57 96 1.00000 64 3.92857
3230000 16 5.50000 15 48 106 1.00000 67 3.56250
3235000 16 5.25000 16 53 116 1.00000 69 3.62500
3240000 18 4.77778 14 51 103 1.00000 63 3.22222
3245000 17 5.00000 14 58 108 1.00000 62 3.35294
3250000 19 4.73684 13 62 111 0.94737 64 3.00000
3255000 16 5.12500 12 63 104 0.93750 65 3.68750
3260000 16 5.37500 12 57 105 0.87500 68 3.56250
3265000 15 5.33333 14 61 103 0.93333 66 3.73333
3270000 12 6.58333 13 60 108 0.91667 64 4.50000
3275000 13 6.30769 13 63 114 1.00000 62 4.23077
3280000 15 5.73333 13 57 108 1.00000 64 3.80000
3285000 16 5.18750 13 58 102 1.00000 64 3.62500
3290000 15 5.73333 12 65 113 1.00000 65 3.66667
3295000 19 5.15789 13 56 122 1.00000 65 3.21053
3300000 18 5.27778 13 58 116 1.00000 67 3.16667
3305000 18 5.27778 13 57 116 1.00000 66 3.16667
3310000 16 5.68750 15 53 114 1.00000 68 3.56250
3315000 18 5.00000 11 57 107 1.00000 63 3.16667
3320000 19 4.84211 11 60 118 0.94737 63 3.00000
3325000 16 5.31250 12 61 111 1.00000 65 3.43750
3330000 18 5.22222 13 53 111 1.00000 60 3.16667
3335000 18 5.16667 12 53 111 1.00000 62 3.22222
3340000 19 5.21053 13 54 123 0.89474 65 3.00000
3345000 18 5.88889 13 46 129 1.00000 68 3.38889
3350000 17 6.23529 15 49 125 1.00000 68 3.52941
3355000 16 6.06250 15 54 114 1.00000 66 3.75000
3360000 20 5.05000 15 45 118 1.00000 64 3.00000
3365000 19 5.21053 13 45 116 1.00000 64 3.10526
3370000 19 5.26316 12 46 121 1.00000 66 3.26316
3375000 22 4.72727 10 53 116 0.95455 66 2.81818
3380000 18 5.16667 10 57 111 1.00000 70 3.38889
3385000 20 4.70000 11 51 113 1.00000 70 3.05000
3390000 19 4.57895 10 57 108 1.00000 69 3.15789
3395000 22 4.27273 12 57 125 1.00000 67 2.81818
3400000 19 4.94737 14 62 121 1.00000 69 3.36842
3405000 19 5.00000 15 64 122 1.00000 70 3.31579
3410000 23 4.52174 14 47 119 0.95652 69 2.86957
3415000 19 5.10526 13 59 117 0.94737 69 3.36842
3420000 19 5.26316 13 57 117 0.94737 71 3.47368
3425000 20 5.10000 14 48 112 0.90000 68 3.20000
3430000 18 5.50000 15 49 116 0.88889 67 3.27778
3435000 19 5.21053 14 50 115 0.94737 67 3.26316
3440000 17 6.11765 14 48 126 1.00000 64 3.41176
3445000 16 6.50000 15 46 126 1.00000 64 3.25000
3450000 17 6.11765 15 50 125 1.00000 61 3.23529
3455000 19 5.52632 13 54 127 1.00000 66 3.05263
3460000 20 5.20000 13 49 127 0.95000 65 2.90000
3465000 23 4.52174 12 50 115 0.95652 64 2.60870
3470000 20 4.60000 10 55 110 1.00000 66 2.90000
3475000 22 4.59091 10 50 120 1.00000 67 2.63636
3480000 22 4.45455 12 47 126 1.00000 70 2.72727
3485000 22 4.63636 13 39 122 1.00000 69 2.77273
3490000 23 4.43478 13 43 122 1.00000 68 2.73913
3495000 21 4.90476 13 42 118 1.00000 71 3.00000
3500000 23 5.04348 14 36 127 0.95652 73 2.91304
3505000 23 5.13043 15 36 129 0.95652 70 2.82609
3510000 20 5.05000 14 39 112 0.95000 68 3.15000
3515000 19 5.00000 13 51 114 0.94737 69 3.21053
3520000 20 5.05000 14 48 117 1.00000 67 3.10000
3525000 19 4.94737 13 55 109 0.89474 67 3.10526
3530000 18 5.11111 13 56 113 1.00000 68 3.22222
3535000 18 4.94444 11 61 108 0.94444 63 2.94444
3540000 17 5.52941 12 50 116 1.00000 66 3.17647
3545000 17 5.58824 12 48 115 0.94118 69 3.29412
3550000 18 5.27778 11 49 113 0.94444 64 3.11111
3555000 16 5.31250 9 49 106 1.00000 65 3.50000
3560000 18 5.00000 9 55 102 1.00000 61 3.16667
3565000 22 4.45455 8 44 106 0.90909 60 2.59091
3570000 19 4.84211 9 49 108 1.00000 64 3.10526
3575000 18 5.11111 9 39 107 1.00000 64 3.22222
3580000 19 4.78947 8 45 114 1.00000 65 3.00000
3585000 21 4.76190 8 42 115 0.90476 63 2.85714
3590000 19 5.10526 9 44 120 1.00000 68 3.10526
3595000 19 5.26316 11 45 121 1.00000 67 3.05263
3600000 19 5.42105 12 46 123 1.00000 67 3.15789
3605000 21 5.19048 10 46 131 0.95238 68 2.85714
3610000 20 5.50000 13 36 124 1.00000 68 3.20000
3615000 19 5.94737 14 35 127 1.00000 70 3.31579
3620000 19 5.89474 15 34 127 1.00000 71 3.47368
3625000 17 6.35294 14 38 123 1.00000 72 3.70588
3630000 17 5.82353 13 46 115 0.94118 68 3.64706
3635000 19 5.68421 15 43 119 0.94737 69 3.36842
3640000 19 5.31579 14 45 115 1.00000 68 3.26316
3645000 17 5.58824 14 53 117 1.00000 69 3.76471
3650000 18 5.55556 12 50 116 0.94444 69 3.55556
3655000 17 5.70588 13 46 117 1.00000 73 3.88235
3660000 17 6.05882 13 39 122 1.00000 70 3.82353
3665000 18 6.00000 14 36 122 1.00000 70 3.61111
3670000 19 5.84211 14 42 127 0.94737 71 3.47368
3675000 19 6.00000 14 42 133 1.00000 70 3.52632
3680000 21 5.47619 12 47 129 0.90476 72 3.23810
3685000 19 5.68421 14 55 126 0.89474 70 3.47368
3690000 17 5.94118 12 53 118 1.00000 68 3.82353
3695000 21 5.19048 12 44 122 0.95238 67 3.00000
3700000 17 5.64706 12 46 106 0.94118 68 3.82353
3705000 16 6.18750 11 44 115 1.00000 69 4.12500
3710000 15 6.40000 12 51 115 1.00000 68 4.06667
3715000 17 6.11765 13 50 128 1.00000 69 3.82353
3720000 17 5.88235 12 56 121 1.00000 68 3.58824
3725000 18 5.88889 15 56 135 0.94444 70 3.55556
3730000 18 5.77778 14 55 126 1.00000 69 3.55556
3735000 19 5.47368 15 57 125 1.00000 66 3.21053
3740000 18 5.72222 17 60 125 1.00000 69 3.44444
3745000 17 5.58824 18 62 122 1.00000 67 3.52941
3750000 19 5.26316 18 47 117 1.00000 66 3.21053
3755000 20 5.00000 18 37 109 1.00000 66 3.05000
3760000 18 5.22222 14 40 110 1.00000 66 3.27778
3765000 22 4.72727 14 36 117 1.00000 68 2.95455
3770000 21 4.90476 15 33 119 1.00000 66 3.04762
3775000 21 5.00000 13 35 118 0.95238 68 3.00000
3780000 20 4.95000 12 45 115 1.00000 68 3.15000
3785000 19 4.73684 12 49 110 0.94737 66 3.15789
3790000 18 4.72222 13 49 109 1.00000 66 3.33333
3795000 19 4.73684 11 51 109 1.00000 68 3.21053
3800000 17 5.00000 11 51 107 1.00000 65 3.47059
3805000 17 4.58824 10 55 98 1.00000 64 3.29412
3810000 18 4.27778 9 54 101 1.00000 65 3.05556
3815000 18 4.77778 10 49 101 1.00000 66 3.33333
3820000 18 4.66667 11 48 103 1.00000 69 3.38889
3825000 22 4.04545 9 39 105 1.00000 70 2.86364
3830000 19 4.57895 10 52 106 1.00000 66 3.21053
3835000 18 4.94444 10 55 105 0.94444 67 3.27778
3840000 17 5.41176 10 50 109 1.00000 64 3.47059
3845000 17 5.76471 11 53 114 1.00000 64 3.52941
3850000 21 4.90476 10 43 123 0.95238 66 2.85714
3855000 15 6.13333 11 49 105 0.93333 63 3.73333
3860000 15 6.33333 11 52 117 1.00000 65 3.93333
3865000 18 5.83333 11 46 122 1.00000 65 3.33333
3870000 16 6.37500 14 58 126 1.00000 66 3.68750
3875000 17 5.76471 13 50 121 1.00000 72 3.47059
3880000 16 6.12500 15 49 125 1.00000 67 3.68750
3885000 16 6.18750 13 47 124 1.00000 69 3.75000
3890000 17 5.52941 12 50 118 1.00000 73 3.70588
3895000 19 5.10526 12 52 119 0.89474 70 3.31579
3900000 15 6.00000 12 56 112 0.86667 68 3.66667
3905000 18 5.27778 12 53 118 0.94444 69 3.33333
3910000 18 5.11111 13 53 111 1.00000 70 3.44444
3915000 19 5.21053 10 49 120 1.00000 72 3.36842
3920000 17 5.47059 11 49 112 0.94118 69 3.52941
3925000 21 4.42857 11 48 108 0.95238 74 3.09524
3930000 22 4.31818 11 49 111 0.90909 72 3.00000
3935000 22 4.31818 12 52 111 0.95455 72 2.90909
3940000 20 4.70000 13 48 114 1.00000 69 3.25000
3945000 20 5.05000 13 46 118 0.95000 70 3.20000
3950000 18 5.50000 15 44 125 1.00000 68 3.50000
3955000 18 5.00000 15 51 106 0.94444 68 3.27778
3960000 20 4.35000 15 47 106 1.00000 68 3.15000
3965000 20 4.80000 18 44 110 1.00000 65 3.10000
3970000 22 4.27273 17 45 111 1.00000 67 3.04545
3975000 23 3.82609 14 46 100 0.95652 67 2.73913
3980000 20 4.35000 14 54 104 1.00000 67 3.10000
3985000 21 4.47619 14 45 116 1.00000 71 3.04762
3990000 24 4.33333 11 36 119 0.95833 72 2.70833
3995000 23 4.60870 14 42 126 1.00000 69 2.73913
4000000 21 4.90476 12 49 126 1.00000 69 2.95238
4005000 21 4.47619 13 54 114 0.95238 67 2.95238
4010000 22 4.22727 12 51 112 1.00000 68 2.90909
4015000 21 4.33333 13 50 113 1.00000 69 3.04762
4020000 20 4.45000 13 53 113 1.00000 63 2.80000
4025000 22 4.31818 13 51 115 0.95455 66 2.63636
4030000 24 4.08333 13 49 113 0.87500 64 2.50000
4035000 21 4.66667 13 52 114 0.95238 64 2.85714
4040000 22 4.31818 12 55 117 1.00000 63 2.72727
4045000 21 4.57143 11 52 115 0.90476 64 2.61905
4050000 21 4.90476 10 43 122 1.00000 66 2.80952
4055000 23 4.47826 10 44 118 1.00000 65 2.65217
4060000 20 4.75000 10 51 110 1.00000 66 3.05000
4065000 19 4.94737 10 46 110 0.94737 63 3.10526
4070000 17 5.41176 11 49 113 0.94118 64 3.47059
4075000 19 5.21053 13 44 111 0.89474 66 3.21053
4080000 18 5.33333 12 50 121 1.00000 69 3.33333
4085000 16 5.68750 11 62 107 1.00000 72 3.81250
4090000 21 4.80952 10 48 117 1.00000 70 3.09524
4095000 19 4.89474 9 55 107 1.00000 67 3.31579
4100000 17 5.94118 11 59 129 1.00000 70 3.70588
4105000 19 5.31579 11 58 125 1.00000 69 3.36842
4110000 23 4.69565 14 47 121 0.95652 69 2.82609
4115000 19 5.26316 14 48 119 0.94737 69 3.31579
4120000 18 5.22222 13 47 110 0.94444 66 3.11111
4125000 19 4.89474 14 46 108 0.94737 65 3.10526
4130000 18 4.94444 15 50 108 1.00000 66 3.38889
4135000 21 4.61905 14 40 105 0.90476 65 3.00000
4140000 20 4.75000 14 46 112 1.00000 68 3.30000
4145000 17 5.58824 15 54 114 1.00000 67 3.64706
4150000 18 5.44444 13 46 115 0.94444 67 3.38889
4155000 18 5.11111 14 49 112 1.00000 69 3.44444
4160000 17 5.47059 12 45 108 1.00000 69 3.76471
4165000 18 5.22222 13 47 111 0.94444 67 3.44444
4170000 22 4.36364 12 41 111 0.95455 69 3.00000
4175000 18 5.16667 13 49 112 1.00000 67 3.44444
4180000 20 5.05000 12 40 111 1.00000 69 3.30000
4185000 23 4.43478 11 35 108 0.86957 70 2.82609
4190000 22 4.40909 9 36 109 1.00000 72 3.13636
4195000 21 4.47619 11 43 103 0.95238 69 3.19048
4200000 16 5.50000 13 50 106 0.93750 70 3.87500
4205000 17 6.05882 15 42 121 1.00000 69 3.82353
4210000 18 5.72222 14 34 117 1.00000 71 3.72222
4215000 18 6.05556 14 40 118 1.00000 73 3.83333
4220000 17 6.41176 13 43 123 1.00000 72 4.00000
4225000 18 5.61111 14 42 111 0.88889 69 3.72222
4230000 16 6.31250 15 44 120 1.00000 71 4.06250
4235000 16 6.37500 15 42 127 1.00000 67 3.93750
4240000 16 6.87500 16 51 129 1.00000 70 4.06250
4245000 17 6.41176 16 48 120 0.94118 70 3.88235
4250000 17 6.05882 16 50 127 1.00000 72 3.82353
4255000 20 5.25000 14 50 126 0.95000 69 3.20000
4260000 22 4.95455 12 45 122 0.86364 72 3.00000
4265000 17 5.47059 15 57 105 0.94118 67 3.64706
4270000 15 6.20000 14 63 111 1.00000 69 4.33333
4275000 18 5.72222 13 59 116 0.94444 68 3.50000
4280000 17 6.23529 16 58 122 0.88235 68 3.52941
4285000 18 6.00000 17 54 122 0.94444 68 3.44444
4290000 17 6.29412 17 48 123 1.00000 67 3.70588
4295000 18 6.38889 15 41 126 0.94444 69 3.55556
4300000 18 6.00000 15 55 131 1.00000 71 3.66667
4305000 18 6.33333 17 51 134 1.00000 73 3.77778
4310000 19 5.94737 20 42 128 0.94737 71 3.57895
4315000 19 6.21053 25 41 131 0.94737 73 3.52632
4320000 16 6.81250 22 48 123 1.00000 70 4.12500
4325000 15 7.13333 22 55 126 1.00000 73 4.20000
4330000 15 6.60000 20 58 118 1.00000 72 4.20000
4335000 15 6.93333 19 56 124 0.93333 66 3.86667
4340000 19 5.73684 19 47 122 0.84211 65 3.15789
4345000 14 7.21429 21 59 123 1.00000 64 4.14286
4350000 15 6.86667 20 55 132 1.00000 67 3.80000
4355000 14 6.71429 16 55 115 1.00000 65 4.21429
4360000 16 6.31250 15 43 112 0.87500 64 3.68750
4365000 12 7.75000 14 51 122 1.00000 64 4.58333
4370000 13 7.38462 13 48 116 1.00000 64 4.30769
4375000 14 7.42857 16 40 121 1.00000 65 4.28571
4380000 16 6.81250 15 41 118 0.87500 62 3.56250
4385000 13 7.46154 15 50 118 1.00000 62 4.46154
4390000 14 6.85714 14 58 117 0.92857 62 4.21429
4395000 13 7.15385 13 56 119 1.00000 64 4.46154
4400000 14 6.71429 12 62 121 1.00000 67 4.28571
4405000 17 5.88235 12 56 120 1.00000 69 3.70588
4410000 15 6.33333 12 65 120 1.00000 71 4.06667
4415000 19 5.47368 12 53 118 0.89474 71 3.26316
4420000 16 5.68750 12 63 110 1.00000 69 3.68750
4425000 19 5.36842 11 61 116 0.94737 64 3.21053
4430000 20 5.30000 11 56 119 0.95000 65 3.00000
4435000 17 6.11765 12 52 125 1.00000 65 3.47059
4440000 17 6.29412 13 49 128 1.00000 62 3.52941
4445000 17 6.17647 14 57 118 0.94118 64 3.47059
4450000 16 6.81250 15 60 126 1.00000 65 3.68750
4455000 17 6.47059 14 50 128 1.00000 66 3.58824
4460000 18 5.88889 13 44 126 1.00000 66 3.33333
4465000 20 5.40000 13 46 124 1.00000 67 3.10000
4470000 21 4.85714 12 46 114 1.00000 68 3.00000
4475000 22 5.04545 13 42 129 0.95455 69 2.95455
4480000 19 5.36842 12 49 129 1.00000 71 3.15789
4485000 19 5.63158 11 48 132 1.00000 74 3.26316
4490000 20 5.70000 13 52 130 0.95000 69 3.15000
4495000 20 5.75000 13 52 134 0.95000 69 3.20000
4500000 19 5.78947 11 51 124 0.94737 70 3.36842
4505000 20 5.70000 12 43 130 0.95000 69 3.15000
4510000 19 5.57895 11 52 130 1.00000 67 3.15789
4515000 20 4.95000 10 59 112 0.90000 64 2.90000
4520000 21 4.85714 9 54 118 0.95238 63 2.71429
4525000 19 5.31579 11 55 117 0.94737 65 3.10526
4530000 17 5.47059 10 59 112 1.00000 63 3.47059
4535000 19 5.42105 10 49 120 1.00000 63 3.10526
4540000 17 6.05882 10 54 127 1.00000 66 3.58824
4545000 17 5.88235 12 54 125 1.00000 70 3.52941
4550000 17 5.70588 10 51 119 1.00000 70 3.52941
4555000 19 5.36842 11 46 128 1.00000 71 3.21053
4560000 19 5.36842 9 46 123 1.00000 75 3.42105
4565000 20 5.05000 9 44 119 1.00000 71 3.25000
4570000 23 4.52174 11 44 118 0.95652 73 3.00000
4575000 22 4.54545 11 44 112 1.00000 73 3.13636
4580000 20 4.90000 12 50 119 0.95000 73 3.20000
4585000 21 5.00000 12 44 114 0.90476 68 3.09524
4590000 22 4.81818 12 44 117 1.00000 69 3.00000
4595000 20 4.95000 12 49 114 1.00000 70 3.40000
4600000 19 5.21053 11 49 112 1.00000 66 3.36842
4605000 20 5.05000 15 51 122 1.00000 69 3.20000
4610000 20 5.15000 15 46 119 1.00000 73 3.20000
4615000 21 5.23810 19 45 128 0.90476 71 2.95238
4620000 19 5.63158 18 52 118 0.94737 67 3.31579
4625000 19 5.21053 16 52 119 1.00000 66 3.26316
4630000 16 5.68750 15 58 118 1.00000 68 3.56250
4635000 19 5.36842 14 54 122 1.00000 68 3.26316
4640000 21 5.14286 16 50 126 0.90476 72 3.00000
4645000 18 5.44444 15 55 121 1.00000 68 3.16667
4650000 18 5.33333 16 59 124 1.00000 66 3.22222
4655000 21 5.00000 14 49 124 1.00000 67 2.95238
4660000 18 5.50000 12 55 126 1.00000 66 3.33333
4665000 21 4.80952 14 49 120 1.00000 68 2.90476
4670000 21 4.71429 17 51 119 1.00000 72 2.95238
4675000 22 4.63636 19 51 123 0.95455 71 2.72727
4680000 19 5.15789 18 61 123 1.00000 67 3.36842
4685000 16 5.37500 17 61 104 1.00000 70 3.62500
4690000 15 5.60000 16 70 112 1.00000 68 3.73333
4695000 21 4.80952 16 50 118 0.90476 66 2.90476
4700000 20 4.85000 16 46 114 1.00000 72 3.10000
4705000 22 4.77273 14 43 124 1.00000 71 2.81818
4710000 19 5.42105 14 48 120 1.00000 70 3.36842
4715000 20 5.20000 13 43 120 1.00000 68 3.25000
4720000 20 5.05000 16 47 123 1.00000 66 2.85000
4725000 19 5.47368 17 49 119 0.94737 66 3.15789
4730000 18 5.55556 18 61 118 1.00000 69 3.50000
4735000 16 6.56250 18 55 122 1.00000 66 3.87500
4740000 18 6.05556 19 52 131 1.00000 71 3.55556
4745000 17 6.35294 22 60 133 0.94118 70 3.64706
4750000 19 6.10526 25 58 136 0.94737 69 3.15789
4755000 17 6.47059 23 60 130 0.94118 71 3.64706
4760000 17 6.64706 28 56 136 1.00000 74 3.70588
4765000 19 6.05263 27 51 130 1.00000 69 3.36842
4770000 23 5.39130 30 46 143 0.95652 71 2.95652
4775000 22 5.54545 25 51 137 0.95455 72 3.04545
4780000 19 6.10526 23 56 136 0.94737 72 3.31579
4785000 20 5.95000 23 50 131 1.00000 69 3.15000
4790000 21 5.66667 24 49 139 0.95238 70 2.95238
4795000 19 5.84211 19 55 131 1.00000 67 3.15789
4800000 22 5.22727 20 48 134 1.00000 69 2.95455
4805000 20 5.60000 18 41 129 1.00000 70 3.25000
4810000 22 5.09091 19 36 126 1.00000 69 3.00000
4815000 20 5.55000 18 34 125 1.00000 68 3.15000
4820000 19 5.42105 19 39 113 1.00000 63 3.15789
4825000 16 6.18750 20 47 117 1.00000 65 3.81250
4830000 16 6.56250 21 49 130 1.00000 69 3.81250
4835000 18 5.88889 18 46 131 1.00000 66 3.44444
4840000 19 5.63158 17 53 124 0.94737 71 3.26316
4845000 21 5.90476 18 47 138 1.00000 72 3.23810
4850000 22 5.59091 18 47 133 0.90909 73 3.09091
4855000 20 5.65000 17 52 130 0.95000 74 3.35000
4860000 21 5.66667 17 52 133 0.95238 71 3.19048
4865000 19 6.42105 17 50 149 1.00000 70 3.42105
4870000 18 6.66667 19 52 142 0.94444 68 3.44444
4875000 19 6.21053 16 51 130 0.94737 67 3.26316
4880000 18 6.00000 16 43 125 0.88889 70 3.50000
4885000 17 5.82353 16 47 113 0.94118 67 3.41176
4890000 15 6.13333 15 50 116 1.00000 70 3.86667
4895000 16 6.06250 15 50 117 1.00000 68 3.81250
4900000 18 5.33333 12 46 110 1.00000 66 3.33333
4905000 19 5.31579 13 46 117 0.89474 68 3.10526
4910000 20 5.25000 11 57 128 1.00000 65 3.05000
4915000 19 5.21053 15 50 117 0.94737 66 3.26316
4920000 18 5.66667 15 47 113 0.83333 66 3.44444
4925000 18 5.83333 14 54 124 0.94444 66 3.33333
4930000 17 5.88235 14 54 117 0.94118 65 3.58824
4935000 19 5.21053 17 48 121 1.00000 68 3.31579
4940000 20 4.80000 17 50 114 0.90000 68 3.10000
4945000 19 4.68421 16 55 114 1.00000 70 3.21053
4950000 19 4.94737 15 52 113 0.94737 67 3.21053
4955000 16 5.81250 13 56 120 0.93750 68 3.62500
4960000 20 5.30000 11 39 119 1.00000 69 3.00000
4965000 20 5.25000 12 44 114 1.00000 64 3.00000
4970000 16 6.06250 13 55 121 0.93750 65 3.56250
4975000 17 6.23529 13 48 129 1.00000 66 3.41176
4980000 16 6.25000 13 52 115 0.93750 63 3.56250
4985000 18 5.33333 12 56 111 0.88889 63 3.11111
4990000 18 5.27778 11 58 116 0.94444 61 3.27778
4995000 15 6.20000 13 59 112 1.00000 61 3.80000
5000000 20 5.35000 13 50 115 0.95000 63 3.00000
5005000 19 5.21053 11 55 120 1.00000 65 3.10526
5010000 20 4.85000 13 49 110 1.00000 66 3.00000
5015000 19 5.05263 12 49 114 1.00000 67 3.26316
5020000 18 5.27778 13 50 113 1.00000 65 3.38889
5025000 19 5.05263 10 49 113 0.94737 67 3.26316
5030000 20 4.60000 10 50 113 1.00000 67 3.15000
5035000 19 4.36842 9 61 107 1.00000 65 3.10526
5040000 20 4.15000 11 52 112 1.00000 69 2.90000
5045000 21 4.33333 12 58 114 1.00000 72 2.95238
5050000 22 4.59091 11 55 119 0.95455 71 2.72727
5055000 19 5.00000 10 54 113 0.94737 68 2.94737
5060000 18 5.33333 11 58 124 1.00000 65 3.22222
5065000 22 4.81818 12 52 124 0.95455 65 2.81818
5070000 22 4.63636 13 51 120 1.00000 68 2.86364
5075000 22 4.72727 9 50 121 0.95455 67 2.81818
5080000 16 6.12500 10 58 124 1.00000 68 3.56250
5085000 19 5.21053 11 61 122 0.94737 64 3.10526
5090000 20 5.10000 11 53 119 1.00000 68 3.15000
5095000 21 4.80952 11 58 120 1.00000 69 2.90476
5100000 24 4.62500 14 52 136 0.95833 70 2.58333
5105000 23 4.82609 14 49 128 0.95652 69 2.60870
5110000 23 5.00000 14 47 132 1.00000 67 2.65217
5115000 25 4.52000 15 44 122 1.00000 65 2.48000
5120000 19 5.47368 16 47 123 1.00000 68 3.00000
5125000 17 6.00000 16 52 122 1.00000 68 3.35294
5130000 20 5.25000 12 49 123 0.95000 69 2.90000
5135000 19 5.21053 12 54 118 1.00000 66 3.00000
5140000 20 5.05000 12 56 116 0.90000 64 2.80000
5145000 18 5.50000 12 51 114 1.00000 64 3.27778
5150000 16 6.43750 12 51 118 1.00000 68 3.68750
5155000 18 5.61111 12 47 112 0.94444 63 3.27778
5160000 15 6.46667 12 58 120 1.00000 65 3.73333
5165000 17 6.17647 12 51 127 1.00000 64 3.29412
5170000 17 5.82353 10 53 116 1.00000 61 3.41176
5175000 13 7.30769 13 56 116 1.00000 62 4.15385
5180000 14 6.85714 12 53 121 1.00000 69 3.92857
5185000 14 6.71429 13 53 117 0.92857 69 3.92857
5190000 16 5.62500 11 53 117 1.00000 65 3.50000
5195000 21 4.76190 11 45 111 0.95238 61 2.90476
5200000 19 5.21053 14 44 112 1.00000 61 3.10526
5205000 19 5.36842 17 44 113 1.00000 61 3.05263
5210000 18 5.72222 17 51 125 1.00000 66 3.33333
5215000 17 5.64706 17 55 111 0.94118 61 3.29412
5220000 17 5.76471 16 57 113 0.94118 62 3.29412
5225000 19 5.52632 15 52 122 1.00000 67 3.15789
5230000 20 5.00000 14 44 115 0.95000 65 2.90000
5235000 17 5.52941 14 49 117 1.00000 66 3.29412
5240000 17 5.29412 15 50 109 0.94118 68 3.29412
5245000 16 5.37500 15 57 109 1.00000 69 3.43750
5250000 14 5.42857 16 58 102 1.00000 67 3.71429
5255000 18 4.88889 15 48 113 1.00000 64 3.16667
5260000 14 5.57143 12 54 104 1.00000 63 3.78571
5265000 15 5.40000 12 52 106 0.93333 65 3.60000
5270000 18 4.66667 13 50 104 0.94444 66 3.38889
5275000 16 4.93750 9 60 97 1.00000 66 3.75000
5280000 15 5.33333 11 64 98 1.00000 64 3.93333
5285000 17 5.17647 11 54 110 1.00000 67 3.58824
5290000 18 5.22222 11 51 116 0.94444 71 3.38889
5295000 20 4.85000 11 53 111 0.90000 62 2.90000
5300000 16 5.43750 9 67 113 1.00000 65 3.56250
5305000 22 4.72727 11 48 119 0.90909 65 2.86364
5310000 21 4.80952 10 53 120 0.95238 64 2.76190
5315000 20 5.40000 11 54 130 0.95000 65 2.90000
5320000 20 5.25000 10 48 123 1.00000 69 3.15000
5325000 23 4.73913 10 39 121 0.95652 66 2.73913
5330000 20 5.20000 10 47 126 1.00000 66 3.10000
5335000 19 5.05263 10 51 117 1.00000 66 3.05263
5340000 19 5.00000 10 49 118 0.94737 64 3.00000
5345000 18 5.33333 12 47 117 1.00000 68 3.33333
5350000 18 5.55556 12 43 117 0.94444 66 2.77778
5355000 18 5.44444 15 40 114 1.00000 66 3.16667
5360000 20 5.15000 14 48 119 0.95000 63 2.85000
5365000 18 5.66667 14 47 121 1.00000 63 3.05556
5370000 17 5.70588 14 62 117 1.00000 66 3.17647
5375000 16 5.68750 14 63 120 1.00000 65 3.43750
5380000 18 6.16667 17 46 135 0.94444 65 3.05556
5385000 17 6.88235 19 47 134 1.00000 64 3.29412
5390000 18 6.44444 18 59 135 0.88889 65 3.11111
5395000 17 7.00000 16 59 144 0.94118 68 3.52941
5400000 21 5.76190 14 46 135 0.95238 69 3.00000
5405000 22 5.68182 13 40 139 0.95455 68 2.90909
5410000 20 5.75000 14 40 127 0.95000 69 3.20000
5415000 18 6.55556 14 42 132 0.94444 69 3.50000
5420000 18 6.44444 15 43 137 1.00000 70 3.50000
5425000 19 5.84211 16 39 126 1.00000 72 3.47368
5430000 17 6.00000 14 46 118 1.00000 68 3.76471
5435000 16 6.25000 13 58 121 1.00000 69 3.93750
5440000 17 5.70588 13 58 125 1.00000 64 3.41176
5445000 14 6.71429 14 56 121 1.00000 65 3.85714
5450000 14 7.21429 15 53 125 1.00000 67 4.21429
5455000 17 6.05882 14 48 118 0.94118 66 3.52941
5460000 16 6.56250 16 49 119 1.00000 64 3.62500
5465000 14 7.57143 17 53 125 1.00000 64 4.00000
5470000 16 6.50000 15 48 123 1.00000 63 3.62500
5475000 16 6.62500 17 49 126 0.93750 62 3.50000
5480000 19 5.84211 17 40 120 0.94737 63 3.05263
5485000 16 6.18750 16 51 123 1.00000 65 3.56250
5490000 17 5.76471 14 51 121 0.94118 64 3.29412
5495000 16 5.75000 14 53 108 0.93750 64 3.25000
5500000 18 5.22222 13 50 110 0.94444 63 3.05556
5505000 16 5.62500 12 55 117 1.00000 61 3.37500
5510000 17 5.52941 13 50 114 1.00000 63 3.11765
5515000 21 4.85714 19 45 118 0.90476 63 2.52381
5520000 18 5.50000 20 46 109 0.88889 58 2.88889
5525000 16 5.75000 22 56 114 1.00000 60 3.25000
5530000 16 5.75000 22 51 112 0.87500 61 3.31250
5535000 17 5.64706 21 52 115 1.00000 65 3.23529
5540000 18 5.27778 18 59 119 1.00000 65 3.22222
5545000 19 5.05263 17 56 121 0.94737 67 3.00000
5550000 19 5.26316 15 51 116 1.00000 64 3.05263
5555000 18 5.66667 17 44 115 0.94444 64 3.11111
5560000 18 5.44444 14 42 111 0.94444 66 3.16667
5565000 18 5.61111 14 48 121 1.00000 65 3.16667
5570000 20 4.95000 14 48 119 0.90000 66 2.80000
5575000 15 6.06667 15 55 115 0.93333 62 3.46667
5580000 16 6.12500 16 56 115 0.93750 61 3.50000
5585000 21 5.09524 17 50 129 1.00000 65 2.76190
5590000 20 5.40000 15 47 124 1.00000 64 2.85000
5595000 20 5.50000 13 45 124 1.00000 63 2.90000
5600000 20 5.15000 12 49 119 0.95000 64 2.90000
5605000 18 5.66667 12 53 122 1.00000 65 3.22222
5610000 21 5.14286 12 46 126 1.00000 68 2.85714
5615000 17 5.88235 11 58 120 1.00000 67 3.29412
5620000 18 5.72222 13 46 123 1.00000 65 2.94444
5625000 19 5.42105 10 48 117 1.00000 64 2.84211
5630000 22 5.04545 11 40 127 1.00000 64 2.68182
5635000 20 5.30000 11 49 130 0.95000 65 2.75000
5640000 20 5.10000 10 47 120 1.00000 64 2.85000
5645000 20 5.20000 11 46 121 1.00000 66 2.90000
5650000 20 5.20000 12 45 121 0.95000 64 3.00000
5655000 17 5.47059 13 49 106 1.00000 62 3.29412
5660000 21 4.76190 12 45 117 1.00000 66 2.90476
5665000 22 4.45455 11 48 114 0.95455 67 2.72727
5670000 24 4.12500 11 46 114 1.00000 68 2.66667
5675000 20 4.65000 10 45 109 1.00000 68 3.25000
5680000 21 4.61905 13 42 108 0.95238 70 3.04762
5685000 22 4.72727 14 43 120 1.00000 70 3.04545
5690000 20 5.15000 15 46 117 1.00000 67 3.15000
5695000 17 5.58824 10 50 114 1.00000 66 3.52941
5700000 16 6.00000 9 53 120 1.00000 66 3.68750
5705000 18 5.38889 9 44 116 1.00000 68 3.33333
5710000 17 5.82353 11 43 120 1.00000 67 3.47059
5715000 17 6.00000 10 42 117 1.00000 66 3.47059
5720000 17 5.88235 11 49 120 1.00000 66 3.47059
5725000 19 6.21053 14 37 136 1.00000 69 3.26316
5730000 22 5.22727 13 34 130 1.00000 66 2.81818
5735000 18 5.27778 12 41 118 1.00000 66 3.27778
5740000 18 5.27778 14 40 110 1.00000 63 3.33333
5745000 20 4.95000 15 26 104 0.95000 62 3.00000
5750000 20 4.45000 13 35 108 1.00000 66 3.10000
5755000 20 4.40000 13 46 105 1.00000 67 3.20000
5760000 20 4.20000 11 47 97 0.95000 66 3.10000
5765000 20 4.20000 10 46 99 1.00000 68 3.15000
5770000 20 4.30000 12 48 102 1.00000 65 2.95000
5775000 19 4.52632 13 62 107 0.94737 67 2.94737
5780000 22 4.13636 13 54 108 0.90909 66 2.68182
5785000 22 4.27273 14 51 112 1.00000 68 2.68182
5790000 20 4.45000 14 61 112 0.95000 70 2.90000
5795000 18 4.77778 15 48 106 0.94444 65 3.05556
5800000 17 5.47059 16 59 114 0.94118 62 3.17647
5805000 16 5.87500 19 58 123 1.00000 66 3.56250
5810000 18 5.27778 17 66 121 1.00000 66 3.11111
5815000 21 4.71429 17 48 120 0.95238 64 2.71429
5820000 21 4.52381 14 61 112 0.95238 62 2.71429
5825000 22 4.72727 17 52 124 1.00000 65 2.77273
5830000 23 4.47826 18 54 123 0.91304 69 2.65217
5835000 22 4.27273 17 61 120 1.00000 72 2.72727
5840000 22 4.54545 16 56 118 1.00000 64 2.72727
5845000 22 4.54545 14 59 125 0.95455 66 2.59091
5850000 19 4.94737 16 57 120 1.00000 66 3.10526
5855000 20 4.95000 14 55 112 0.85000 71 2.90000
5860000 18 5.16667 13 56 117 1.00000 70 3.33333
5865000 19 5.00000 14 49 113 1.00000 69 3.21053
5870000 20 5.05000 15 42 114 1.00000 68 3.25000
5875000 19 4.94737 14 49 110 1.00000 69 3.42105
5880000 16 5.81250 16 56 120 1.00000 70 3.68750
5885000 17 5.47059 15 56 119 1.00000 71 3.52941
5890000 21 5.14286 18 43 125 0.95238 73 3.00000
5895000 20 5.25000 17 48 123 0.90000 72 3.25000
5900000 21 5.38095 18 45 127 1.00000 71 3.23810
5905000 23 4.95652 18 46 123 0.91304 71 2.95652
5910000 19 5.94737 16 48 129 1.00000 69 3.42105
5915000 20 5.45000 16 48 128 0.95000 74 3.30000
5920000 18 5.83333 18 52 131 1.00000 73 3.72222
5925000 21 5.28571 18 44 130 1.00000 68 3.09524
5930000 20 4.95000 17 48 118 1.00000 67 3.15000
5935000 20 4.65000 16 48 113 1.00000 71 3.15000
5940000 21 4.61905 17 45 118 0.95238 72 2.95238
5945000 21 4.38095 15 47 113 1.00000 71 3.04762
5950000 19 4.73684 14 52 113 1.00000 70 3.31579
5955000 21 4.38095 13 59 109 0.85714 66 2.90476
5960000 17 5.47059 16 71 117 0.94118 68 3.47059
5965000 16 5.75000 15 67 122 1.00000 65 3.75000
5970000 17 6.00000 16 59 125 1.00000 66 3.52941
5975000 19 6.10526 15 48 133 1.00000 66 3.21053
5980000 17 6.58824 15 45 129 0.94118 68 3.64706
5985000 17 6.23529 13 51 126 0.88235 67 3.58824
5990000 18 6.00000 15 53 131 1.00000 71 3.33333
5995000 21 5.38095 14 44 125 1.00000 68 3.00000
6000000 20 5.60000 14 46 121 0.95000 70 3.15000
6005000 22 5.18182 15 40 126 1.00000 68 3.00000
6010000 21 5.19048 15 50 127 1.00000 69 2.95238
6015000 24 4.83333 12 47 131 0.91667 68 2.75000
6020000 18 5.55556 11 50 120 1.00000 66 3.27778
6025000 16 5.93750 12 55 116 1.00000 61 3.56250
6030000 17 5.82353 12 46 116 1.00000 64 3.35294
6035000 17 6.17647 12 44 121 1.00000 64 3.29412
6040000 19 5.73684 11 50 125 0.94737 61 2.89474
6045000 18 6.33333 12 40 127 0.94444 61 3.05556
6050000 16 6.62500 12 47 128 1.00000 62 3.50000
6055000 18 6.44444 14 44 131 1.00000 61 3.16667
6060000 18 6.44444 15 45 129 0.94444 63 3.22222
6065000 18 6.38889 12 53 132 1.00000 68 3.38889
6070000 19 6.26316 18 50 136 0.94737 68 3.36842
6075000 21 5.85714 18 47 142 1.00000 69 3.09524
6080000 22 5.54545 16 40 137 0.95455 69 2.81818
6085000 19 6.05263 15 49 140 1.00000 68 3.26316
6090000 19 5.89474 15 49 140 0.94737 71 3.10526
6095000 20 5.65000 15 44 133 1.00000 71 3.10000
6100000 20 5.30000 15 50 123 0.95000 70 3.05000
6105000 24 4.37500 12 46 118 0.95833 68 2.62500
6110000 24 4.25000 10 45 119 0.95833 67 2.50000
6115000 23 4.26087 10 45 116 1.00000 64 2.52174
6120000 21 4.38095 10 50 110 1.00000 64 2.76190
6125000 17 4.70588 13 67 108 0.94118 63 3.11765
6130000 18 4.88889 14 59 119 1.00000 63 3.11111
6135000 20 4.60000 14 59 115 0.95000 65 2.85000
6140000 20 4.95000 17 55 126 0.95000 66 2.80000
6145000 24 4.50000 17 50 123 0.91667 65 2.41667
6150000 17 5.29412 14 66 114 1.00000 66 3.23529
6155000 19 5.26316 16 60 126 0.94737 61 2.78947
6160000 20 5.00000 16 58 124 1.00000 65 2.75000
6165000 18 5.55556 15 62 121 0.94444 62 3.00000
6170000 21 5.33333 15 54 136 0.95238 65 2.76190
6175000 20 5.60000 16 56 128 0.95000 65 2.95000
6180000 19 5.89474 18 59 131 1.00000 65 3.10526
6185000 19 6.31579 17 50 140 0.94737 68 3.00000
6190000 20 6.10000 15 47 143 0.95000 67 2.90000
6195000 18 6.55556 14 53 138 1.00000 67 3.16667
6200000 19 6.36842 15 56 143 0.94737 66 3.15789
6205000 20 6.35000 17 50 148 1.00000 68 3.10000
6210000 20 6.45000 17 50 146 0.95000 70 3.10000
6215000 17 7.11765 17 58 144 1.00000 71 3.58824
6220000 19 6.63158 17 49 135 0.94737 65 3.31579
6225000 18 6.44444 16 58 137 1.00000 67 3.38889
6230000 19 6.42105 17 45 137 1.00000 67 3.26316
6235000 19 6.36842 18 38 143 1.00000 67 3.15789
6240000 20 5.65000 18 48 134 1.00000 68 3.10000
6245000 19 5.68421 16 47 130 0.94737 64 3.05263
6250000 22 4.95455 13 50 131 0.95455 67 2.72727
6255000 24 4.75000 12 41 128 1.00000 67 2.66667
6260000 23 4.78261 12 46 128 1.00000 67 2.73913
6265000 21 5.33333 11 43 124 0.95238 66 2.85714
6270000 20 5.30000 11 39 117 0.95000 66 3.00000
6275000 19 5.42105 11 48 121 1.00000 65 3.10526
6280000 19 4.89474 11 57 117 1.00000 66 3.10526
6285000 20 4.70000 12 60 121 1.00000 65 2.95000
6290000 19 5.10526 12 47 110 0.94737 64 3.10526
6295000 20 5.00000 12 48 116 0.90000 62 2.80000
6300000 20 5.05000 13 48 117 1.00000 61 2.85000
6305000 21 5.04762 13 45 121 0.85714 63 2.76190
6310000 16 6.31250 14 53 115 0.93750 60 3.37500
6315000 15 6.33333 13 68 125 1.00000 63 3.73333
6320000 23 5.17391 14 52 136 0.86957 65 2.56522
6325000 21 5.47619 14 51 128 1.00000 63 2.85714
6330000 21 5.42857 14 47 130 0.95238 68 2.80952
6335000 20 5.25000 13 48 118 1.00000 68 3.05000
6340000 20 5.35000 12 46 125 1.00000 65 2.95000
6345000 21 5.42857 12 47 137 1.00000 64 2.90476
6350000 19 5.63158 13 46 120 1.00000 65 3.10526
6355000 18 5.77778 13 45 120 1.00000 68 3.33333
6360000 19 5.89474 13 50 132 1.00000 69 3.21053
6365000 17 6.05882 17 46 126 1.00000 69 3.70588
6370000 19 5.31579 17 38 117 0.94737 68 3.36842
6375000 17 5.94118 18 42 115 1.00000 66 3.70588
6380000 15 6.20000 18 49 109 1.00000 65 3.73333
6385000 19 5.15789 19 50 114 1.00000 65 3.31579
6390000 18 5.44444 19 53 123 1.00000 64 3.33333
6395000 16 5.68750 19 52 104 0.93750 63 3.50000
6400000 14 6.21429 17 50 111 1.00000 59 3.92857
6405000 14 6.14286 16 54 112 1.00000 64 3.85714
6410000 15 5.73333 16 56 112 0.93333 65 3.53333
6415000 15 5.80000 16 57 113 1.00000 62 3.80000
6420000 15 5.80000 16 56 110 0.93333 67 3.86667
6425000 13 6.30769 15 62 107 1.00000 66 4.38462
6430000 16 5.12500 13 62 105 0.87500 69 3.50000
6435000 15 5.66667 15 58 114 1.00000 70 3.93333
6440000 18 5.22222 16 52 113 1.00000 66 3.33333
6445000 18 5.33333 16 46 115 1.00000 67 3.33333
6450000 17 5.35294 13 46 110 0.94118 67 3.47059
6455000 13 6.76923 11 51 112 1.00000 67 4.30769
6460000 13 6.53846 12 65 110 1.00000 66 4.15385
6465000 16 6.00000 16 63 125 1.00000 65 3.62500
6470000 16 6.18750 17 61 125 1.00000 65 3.62500
6475000 20 5.15000 15 50 127 0.95000 66 3.05000
6480000 22 5.27273 15 41 127 1.00000 68 3.00000
6485000 19 5.26316 12 47 115 1.00000 67 3.15789
6490000 17 5.82353 13 58 121 1.00000 68 3.58824
6495000 18 6.00000 13 53 130 1.00000 67 3.38889
6500000 21 5.47619 12 46 130 1.00000 65 2.95238
6505000 19 5.78947 13 49 128 1.00000 65 3.21053
6510000 18 5.66667 13 53 118 1.00000 65 3.27778
6515000 20 5.15000 13 54 122 1.00000 65 3.05000
6520000 18 5.61111 12 50 120 1.00000 65 3.27778
6525000 19 5.10526 11 45 115 1.00000 64 3.15789
6530000 16 5.68750 12 40 105 1.00000 65 3.68750
6535000 16 5.18750 11 46 105 1.00000 64 3.62500
6540000 18 5.05556 13 44 106 1.00000 64 3.27778
6545000 17 5.05882 13 46 100 1.00000 57 3.17647
6550000 19 4.52632 12 54 109 0.94737 60 2.78947
6555000 18 4.72222 13 60 109 0.94444 65 3.11111
6560000 18 5.00000 14 54 107 1.00000 63 3.33333
6565000 18 5.00000 14 51 112 1.00000 67 3.38889
6570000 17 5.29412 13 49 114 1.00000 69 3.52941
6575000 17 5.64706 14 49 116 1.00000 69 3.58824
6580000 16 5.62500 14 58 121 1.00000 67 3.50000
6585000 17 5.29412 16 56 109 0.94118 66 3.17647
6590000 15 5.60000 13 69 111 0.93333 65 3.66667
6595000 21 4.90476 20 48 119 0.95238 64 2.90476
6600000 17 5.70588 18 59 110 1.00000 57 3.23529
6605000 16 5.68750 17 58 112 1.00000 60 3.37500
6610000 16 5.68750 16 53 112 1.00000 58 3.25000
6615000 16 5.56250 13 50 108 1.00000 61 3.37500
6620000 16 5.56250 13 49 104 0.93750 62 3.43750
6625000 18 5.16667 13 52 112 0.94444 62 3.11111
6630000 19 5.47368 13 46 122 1.00000 63 3.00000
6635000 17 5.94118 13 41 117 1.00000 62 3.35294
6640000 19 5.42105 13 38 122 0.94737 70 3.21053
6645000 18 5.72222 13 43 118 1.00000 68 3.50000
6650000 18 5.72222 15 56 119 1.00000 67 3.44444
6655000 18 5.66667 15 58 123 1.00000 68 3.44444
6660000 19 5.78947 15 50 123 0.94737 67 3.21053
6665000 19 5.73684 15 53 126 1.00000 67 3.31579
6670000 17 5.76471 14 55 123 1.00000 69 3.64706
6675000 20 5.30000 15 39 126 1.00000 65 3.05000
6680000 21 5.09524 14 32 116 0.95238 68 3.09524
6685000 17 5.52941 12 48 109 1.00000 64 3.41176
6690000 18 5.72222 15 52 115 0.94444 65 3.22222
6695000 17 5.58824 14 55 109 1.00000 62 3.41176
6700000 16 6.06250 15 50 110 0.93750 63 3.62500
6705000 17 5.64706 15 52 112 1.00000 63 3.52941
6710000 16 5.50000 13 51 112 1.00000 65 3.56250
6715000 19 5.10526 14 48 111 0.89474 62 3.00000
6720000 18 5.11111 14 52 111 0.88889 61 2.94444
6725000 18 5.22222 14 53 120 0.94444 67 3.22222
6730000 20 5.15000 13 47 123 1.00000 70 3.10000
6735000 17 5.41176 12 53 117 1.00000 68 3.52941
6740000 17 5.58824 14 61 118 0.94118 69 3.58824
6745000 18 5.16667 12 58 114 1.00000 69 3.50000
6750000 18 5.38889 17 50 114 0.94444 66 3.22222
6755000 17 5.52941 16 59 110 0.94118 67 3.41176
6760000 18 5.50000 17 51 120 0.94444 61 3.05556
6765000 17 5.41176 15 50 112 0.94118 66 3.35294
6770000 16 5.62500 15 53 114 1.00000 66 3.56250
6775000 20 5.00000 18 45 111 0.95000 62 2.80000
6780000 17 6.05882 15 48 125 1.00000 67 3.35294
6785000 16 6.25000 16 53 124 1.00000 66 3.43750
6790000 17 5.64706 16 43 118 1.00000 64 3.29412
6795000 18 4.88889 14 48 103 0.94444 64 3.16667
6800000 16 5.43750 13 59 117 1.00000 61 3.37500
6805000 19 5.26316 13 48 121 0.94737 63 2.94737
6810000 20 5.25000 13 44 126 1.00000 65 2.85000
6815000 20 5.30000 12 45 123 1.00000 69 3.00000
6820000 21 5.33333 15 41 129 1.00000 68 2.95238
6825000 23 5.00000 16 36 130 0.95652 67 2.73913
6830000 23 4.69565 13 43 120 0.91304 67 2.69565
6835000 23 4.43478 12 46 114 1.00000 64 2.65217
6840000 21 4.57143 11 50 117 1.00000 65 2.80952
6845000 19 5.05263 11 53 123 1.00000 65 3.10526
6850000 17 5.64706 11 59 115 1.00000 67 3.52941
6855000 18 5.83333 14 53 131 1.00000 70 3.27778
6860000 17 6.29412 14 51 127 1.00000 66 3.41176
6865000 19 6.05263 13 48 133 1.00000 65 3.10526
6870000 18 6.22222 13 35 129 1.00000 69 3.33333
6875000 20 5.65000 11 32 124 1.00000 65 3.15000
6880000 21 5.04762 9 40 118 1.00000 67 3.04762
6885000 18 5.33333 11 51 115 1.00000 66 3.38889
6890000 18 5.55556 11 48 118 0.88889 68 3.33333
6895000 20 5.40000 13 48 126 0.95000 68 3.15000
6900000 18 5.83333 12 50 119 1.00000 69 3.55556
6905000 17 6.23529 12 48 127 1.00000 66 3.70588
6910000 21 5.23810 13 42 120 0.95238 67 3.09524
6915000 21 5.33333 13 42 125 0.95238 68 3.09524
6920000 20 5.65000 15 46 128 1.00000 69 3.30000
6925000 19 5.68421 12 56 125 0.94737 69 3.36842
6930000 19 5.31579 13 57 124 1.00000 69 3.31579
6935000 21 5.00000 14 54 120 1.00000 69 3.14286
6940000 21 4.90476 12 51 124 1.00000 66 3.04762
6945000 20 5.05000 12 45 116 1.00000 69 3.20000
6950000 21 4.80952 11 45 111 1.00000 68 3.09524
6955000 20 4.50000 10 54 111 1.00000 70 3.15000
6960000 19 4.73684 10 50 105 1.00000 67 3.31579
6965000 21 4.33333 9 55 103 0.90476 68 3.09524
6970000 18 5.11111 11 56 111 1.00000 66 3.38889
6975000 21 4.28571 9 59 98 0.90476 66 2.95238
6980000 20 4.60000 10 60 110 0.95000 67 3.10000
6985000 18 5.27778 10 60 116 1.00000 67 3.33333
6990000 21 4.80952 10 50 120 1.00000 66 3.04762
6995000 19 4.89474 9 51 118 1.00000 63 3.15789
7000000 20 4.80000 8 54 109 1.00000 67 3.05000
7005000 20 4.75000 10 45 109 1.00000 68 3.10000
7010000 20 4.70000 11 49 117 1.00000 72 3.00000
7015000 16 5.75000 14 48 115 1.00000 67 3.37500
7020000 15 6.13333 15 55 117 1.00000 63 3.73333
7025000 16 6.06250 13 52 115 0.93750 67 3.68750
7030000 17 5.70588 13 43 114 1.00000 64 3.35294
7035000 17 5.23529 12 55 111 0.94118 64 3.35294
7040000 15 5.20000 11 55 98 0.86667 64 3.40000
7045000 15 5.40000 11 49 100 1.00000 62 3.73333
7050000 19 5.05263 12 43 115 1.00000 65 3.10526
7055000 22 4.63636 11 40 115 0.95455 68 2.77273
7060000 18 5.33333 13 47 117 1.00000 71 3.33333
7065000 21 4.57143 13 50 114 0.95238 69 3.00000
7070000 23 4.17391 13 59 114 0.95652 69 2.82609
7075000 22 4.50000 13 54 118 1.00000 70 2.90909
7080000 19 4.94737 13 52 117 1.00000 69 3.15789
7085000 19 4.94737 15 51 114 0.94737 67 3.21053
7090000 18 4.88889 13 47 107 1.00000 66 3.33333
7095000 18 4.61111 10 53 103 1.00000 66 3.33333
7100000 22 4.13636 10 43 100 0.86364 66 2.77273
7105000 21 4.28571 11 49 103 0.90476 66 2.90476
7110000 17 5.11765 13 53 104 1.00000 64 3.52941
7115000 19 5.15789 14 51 119 1.00000 64 3.21053
7120000 17 5.88235 14 44 117 0.94118 64 3.29412
7125000 16 6.31250 16 48 119 1.00000 64 3.50000
7130000 18 6.11111 17 45 128 1.00000 65 3.38889
7135000 18 5.94444 13 51 126 1.00000 62 3.27778
7140000 19 5.89474 15 50 125 1.00000 67 3.21053
7145000 20 5.65000 14 43 127 0.95000 62 2.95000
7150000 19 5.73684 14 45 126 0.94737 63 3.15789
7155000 19 5.57895 15 43 121 1.00000 66 3.15789
7160000 18 5.44444 13 52 118 0.94444 65 3.27778
7165000 20 4.95000 12 42 113 0.95000 66 3.00000
7170000 21 4.76190 13 46 118 1.00000 66 2.90476
7175000 18 5.16667 13 52 115 1.00000 66 3.38889
7180000 19 4.84211 12 53 107 1.00000 67 3.15789
7185000 17 5.17647 12 57 110 1.00000 66 3.41176
7190000 16 5.31250 13 60 108 1.00000 68 3.56250
7195000 20 4.70000 12 57 114 0.95000 67 2.90000
7200000 20 4.85000 14 57 121 1.00000 65 2.95000
7205000 22 4.59091 12 49 114 0.95455 65 2.77273
7210000 20 4.85000 12 54 119 1.00000 70 3.25000
7215000 20 5.00000 13 54 120 0.90000 68 3.05000
7220000 20 5.15000 13 57 126 1.00000 71 3.20000
7225000 20 5.10000 11 48 117 1.00000 66 3.05000
7230000 24 4.70833 12 32 121 0.95833 68 2.66667
7235000 20 4.85000 11 48 121 1.00000 67 3.00000
7240000 17 5.29412 12 54 110 1.00000 68 3.29412
7245000 16 5.18750 11 57 109 1.00000 66 3.50000
7250000 22 4.50000 12 48 118 0.90909 63 2.59091
7255000 22 4.77273 13 48 118 0.90909 65 2.63636
7260000 22 4.81818 12 48 122 0.90909 68 2.54545
7265000 19 5.36842 15 48 119 0.94737 65 3.05263
7270000 18 5.77778 13 48 127 1.00000 70 3.33333
7275000 20 5.15000 13 51 124 0.95000 68 3.05000
7280000 18 5.55556 11 56 127 1.00000 68 3.16667
7285000 19 5.47368 15 48 124 1.00000 66 3.10526
7290000 19 5.00000 14 51 114 1.00000 68 3.21053
7295000 19 5.31579 15 48 121 1.00000 64 3.15789
7300000 20 5.30000 16 52 121 0.95000 67 3.20000
7305000 17 6.47059 17 51 132 1.00000 68 3.47059
7310000 19 5.89474 17 50 136 1.00000 70 3.31579
7315000 19 5.52632 19 62 124 1.00000 70 3.31579
7320000 21 5.47619 17 55 127 0.95238 67 3.14286
7325000 22 5.22727 15 46 128 0.95455 67 3.00000
7330000 22 5.27273 15 47 128 1.00000 67 2.95455
7335000 22 5.13636 16 48 129 1.00000 71 2.81818
7340000 21 5.42857 16 45 128 0.95238 68 2.90476
7345000 23 5.13043 17 44 133 1.00000 68 2.65217
7350000 23 5.04348 18 44 131 0.95652 69 2.69565
7355000 23 4.95652 18 47 132 0.91304 70 2.56522
7360000 21 5.28571 19 45 125 0.95238 65 2.76190
7365000 20 5.10000 17 43 112 1.00000 65 3.00000
7370000 21 4.52381 14 45 119 1.00000 69 2.85714
7375000 25 4.20000 14 41 122 1.00000 65 2.52000
7380000 24 4.20833 11 47 118 0.95833 68 2.45833
7385000 25 4.20000 10 42 116 1.00000 63 2.24000
7390000 21 4.80952 11 44 120 0.95238 63 2.66667
7395000 19 4.94737 11 49 119 1.00000 69 2.89474
7400000 21 4.76190 10 45 115 1.00000 67 2.71429
7405000 20 4.95000 10 51 127 1.00000 69 2.85000
7410000 20 5.00000 10 49 124 1.00000 69 2.90000
7415000 19 5.26316 11 46 119 1.00000 67 3.00000
7420000 24 4.54167 12 40 122 0.95833 67 2.54167
7425000 21 4.90476 12 49 128 1.00000 67 2.85714
7430000 19 5.26316 13 44 115 0.94737 66 2.94737
7435000 19 5.26316 14 44 116 0.94737 67 3.00000
7440000 19 5.21053 12 46 118 1.00000 66 3.15789
7445000 18 5.33333 14 47 119 1.00000 69 3.22222
7450000 17 5.70588 14 47 116 1.00000 71 3.41176
7455000 18 5.22222 13 48 110 1.00000 69 3.27778
7460000 18 5.22222 13 48 112 1.00000 71 3.38889
7465000 20 4.75000 12 45 114 1.00000 70 3.15000
7470000 21 4.80952 14 42 120 0.95238 72 3.09524
7475000 21 4.95238 15 43 120 1.00000 72 3.14286
7480000 21 4.76190 16 46 115 0.95238 70 3.19048
7485000 21 4.71429 15 41 115 1.00000 68 2.95238
7490000 19 5.15789 14 43 115 1.00000 71 3.36842
7495000 23 4.30435 11 40 113 0.95652 71 2.86957
7500000 19 4.89474 12 49 115 0.94737 75 3.15789
7505000 20 4.75000 13 46 118 1.00000 72 3.25000
7510000 20 4.70000 13 47 111 1.00000 66 2.95000
7515000 17 5.47059 15 48 111 1.00000 61 3.05882
7520000 20 5.15000 16 47 115 1.00000 61 2.75000
7525000 20 4.70000 17 46 109 0.95000 61 2.85000
7530000 22 4.13636 15 45 107 1.00000 62 2.59091
7535000 20 4.30000 12 51 107 0.95000 60 2.65000
7540000 18 5.16667 12 50 108 1.00000 61 3.00000
7545000 20 4.85000 14 45 114 1.00000 62 2.70000
7550000 21 4.61905 13 44 112 1.00000 63 2.71429
7555000 22 4.59091 13 49 115 1.00000 64 2.68182
7560000 22 4.40909 16 47 112 1.00000 67 2.72727
7565000 21 4.76190 18 48 117 0.95238 63 2.61905
7570000 21 4.71429 18 46 119 1.00000 70 3.00000
7575000 22 4.54545 20 53 122 1.00000 68 2.72727
7580000 24 4.66667 19 46 130 0.95833 66 2.50000
7585000 25 4.40000 17 52 129 0.96000 69 2.40000
7590000 28 4.07143 17 48 125 0.92857 67 2.17857
7595000 23 4.47826 17 58 126 1.00000 69 2.78261
7600000 22 4.59091 16 61 121 0.95455 69 2.81818
7605000 20 5.10000 15 59 125 1.00000 66 2.75000
7610000 20 5.30000 15 56 128 1.00000 66 2.80000
7615000 21 5.14286 14 58 127 1.00000 66 2.90476
7620000 23 4.65217 12 51 125 0.95652 66 2.65217
7625000 23 4.26087 9 51 119 1.00000 66 2.65217
7630000 26 4.11538 10 38 119 1.00000 67 2.42308
7635000 25 4.52000 12 32 120 0.96000 67 2.60000
7640000 24 4.50000 11 44 122 1.00000 70 2.75000
7645000 23 4.56522 11 38 119 1.00000 71 2.82609
7650000 22 4.95455 13 40 126 1.00000 67 2.90909
7655000 22 4.77273 9 43 122 0.90909 61 2.72727
7660000 16 5.93750 10 46 107 1.00000 65 3.43750
7665000 17 5.52941 9 47 115 1.00000 65 3.52941
7670000 17 5.52941 10 50 111 1.00000 66 3.58824
7675000 17 5.70588 10 53 110 0.94118 63 3.35294
7680000 13 6.76923 13 58 109 1.00000 62 4.00000
7685000 16 5.62500 13 59 115 0.93750 60 3.31250
7690000 14 5.28571 8 66 97 1.00000 60 3.78571
7695000 17 4.76471 9 52 103 1.00000 63 3.29412
7700000 18 4.83333 9 49 109 1.00000 61 3.05556
7705000 20 4.70000 12 46 117 0.95000 64 2.85000
7710000 17 5.41176 13 44 111 1.00000 64 3.35294
7715000 15 5.33333 12 59 105 1.00000 58 3.46667
7720000 18 5.05556 13 55 116 0.94444 67 3.05556
7725000 19 4.94737 12 54 116 0.94737 66 2.89474
7730000 23 4.52174 13 48 120 1.00000 65 2.69565
7735000 23 4.78261 13 44 127 0.95652 69 2.65217
7740000 20 4.75000 12 51 115 1.00000 67 3.00000
7745000 19 4.89474 12 48 117 1.00000 67 3.15789
7750000 19 4.73684 12 41 107 0.94737 61 3.05263
7755000 17 4.70588 10 55 98 1.00000 58 3.11765
7760000 17 5.11765 11 56 109 0.94118 57 3.11765
7765000 17 5.29412 12 60 116 1.00000 69 3.17647
7770000 19 5.26316 12 52 123 0.94737 70 2.94737
7775000 20 4.60000 11 59 111 1.00000 67 2.85000
7780000 19 4.78947 11 58 114 1.00000 67 3.10526
7785000 20 4.70000 10 55 113 0.90000 67 2.85000
7790000 19 5.05263 10 55 117 1.00000 69 3.10526
7795000 21 4.85714 11 48 117 1.00000 67 2.85714
7800000 23 4.82609 13 45 131 1.00000 67 2.65217
7805000 23 4.73913 12 47 127 1.00000 69 2.69565
7810000 23 4.91304 12 46 131 1.00000 69 2.73913
7815000 21 4.85714 9 56 128 0.95238 71 2.90476
7820000 21 4.95238 12 54 123 0.95238 71 3.00000
7825000 22 4.95455 12 54 128 1.00000 70 2.90909
7830000 24 4.91667 14 44 137 0.95833 69 2.58333
7835000 21 4.90476 13 48 129 1.00000 70 2.61905
7840000 24 4.62500 13 41 133 1.00000 71 2.70833
7845000 20 4.95000 13 51 126 1.00000 69 2.90000
7850000 21 4.66667 12 47 115 1.00000 65 2.57143
7855000 21 4.28571 10 48 110 1.00000 65 2.61905
7860000 20 4.50000 9 49 107 1.00000 58 2.60000
7865000 19 4.78947 11 48 108 1.00000 65 3.10526
7870000 22 4.27273 9 51 108 0.95455 61 2.54545
7875000 24 4.29167 9 46 117 0.95833 65 2.45833
7880000 21 4.42857 10 53 118 0.95238 65 2.76190
7885000 21 4.95238 11 52 126 0.95238 65 2.71429
7890000 19 5.89474 15 49 132 0.94737 65 3.00000
7895000 20 5.30000 13 54 130 0.95000 68 2.90000
7900000 21 5.00000 14 46 120 0.95238 68 2.90476
7905000 23 4.26087 11 50 120 1.00000 67 2.69565
7910000 20 4.60000 11 56 113 1.00000 71 3.10000
7915000 20 4.65000 11 50 112 1.00000 70 3.10000
7920000 20 4.45000 11 45 111 1.00000 65 2.95000
7925000 17 5.11765 13 49 106 0.94118 64 3.17647
7930000 17 4.94118 15 48 97 0.94118 63 3.17647
7935000 15 5.26667 13 51 99 1.00000 59 3.53333
7940000 18 5.11111 15 48 114 0.94444 62 3.11111
7945000 19 5.47368 16 46 120 0.94737 64 3.00000
7950000 16 6.12500 14 53 122 1.00000 65 3.37500
7955000 15 5.73333 11 60 119 1.00000 65 3.60000
7960000 16 5.37500 12 48 108 1.00000 68 3.50000
7965000 16 5.56250 11 51 116 1.00000 67 3.50000
7970000 16 5.75000 13 50 113 1.00000 64 3.31250
7975000 22 4.59091 10 52 122 1.00000 67 2.77273
7980000 20 5.05000 14 48 119 1.00000 67 2.95000
7985000 17 5.70588 13 53 124 1.00000 69 3.29412
7990000 18 5.50000 13 47 122 1.00000 69 3.22222
7995000 21 5.09524 11 42 128 1.00000 67 2.90476
8000000 21 5.04762 11 42 128 1.00000 69 3.00000
8005000 18 5.27778 12 48 111 1.00000 65 3.27778
8010000 24 4.33333 13 40 118 1.00000 66 2.66667
8015000 22 4.68182 12 47 116 1.00000 68 2.95455
8020000 22 4.68182 12 50 116 0.95455 66 2.86364
8025000 21 4.71429 12 56 124 1.00000 68 3.00000
8030000 21 4.66667 12 59 117 0.95238 64 2.90476
8035000 23 4.52174 11 51 122 1.00000 68 2.73913
8040000 20 5.30000 14 44 121 1.00000 66 2.95000
8045000 19 5.26316 14 45 117 1.00000 62 2.84211
8050000 19 5.26316 15 48 127 1.00000 67 3.05263
8055000 17 6.17647 14 53 127 1.00000 71 3.35294
8060000 18 5.88889 13 52 128 1.00000 69 3.05556
8065000 19 5.52632 15 51 131 1.00000 74 3.42105
8070000 22 4.59091 13 54 127 1.00000 72 2.95455
8075000 20 4.95000 15 50 120 1.00000 71 3.20000
8080000 18 4.88889 15 59 115 1.00000 70 3.00000
8085000 22 4.59091 12 47 119 1.00000 65 2.77273
8090000 20 5.20000 17 44 126 1.00000 66 2.90000
8095000 18 5.55556 17 51 119 0.94444 66 3.16667
8100000 19 5.15789 16 49 121 1.00000 65 2.94737
8105000 17 5.05882 15 51 110 1.00000 65 3.23529
8110000 20 4.70000 17 45 109 0.90000 66 2.80000
8115000 18 4.94444 15 50 107 0.94444 62 2.94444
8120000 16 4.93750 17 55 106 1.00000 66 3.37500
8125000 19 4.47368 16 54 105 0.94737 70 3.10526
8130000 20 4.60000 16 49 112 1.00000 68 2.80000
8135000 16 5.18750 15 55 111 1.00000 66 3.25000
8140000 17 5.35294 15 48 111 1.00000 63 3.35294
8145000 20 5.00000 15 44 107 0.90000 66 3.05000
8150000 22 4.18182 13 43 100 0.90909 66 2.77273
8155000 17 5.05882 16 51 106 1.00000 68 3.41176
8160000 15 5.80000 16 53 106 1.00000 66 3.53333
8165000 17 5.05882 17 58 109 0.94118 65 3.11765
8170000 16 5.50000 18 53 112 0.93750 61 3.25000
8175000 17 5.47059 17 43 107 1.00000 59 3.17647
8180000 18 5.66667 17 43 114 0.94444 59 3.16667
8185000 17 5.88235 17 41 113 1.00000 63 3.41176
8190000 18 5.27778 16 43 112 0.94444 63 3.16667
8195000 17 5.05882 12 53 107 1.00000 63 3.41176
8200000 18 4.83333 13 55 104 1.00000 63 3.16667
8205000 17 4.76471 11 57 102 1.00000 64 3.41176
8210000 15 5.53333 12 51 94 0.93333 64 3.80000
8215000 13 6.38462 13 58 105 1.00000 64 4.38462
8220000 15 6.06667 14 57 118 1.00000 69 3.93333
8225000 17 5.52941 11 50 112 1.00000 67 3.64706
8230000 17 5.41176 11 58 120 1.00000 70 3.64706
8235000 19 5.36842 12 46 113 0.89474 69 3.31579
8240000 18 5.38889 11 49 118 1.00000 65 3.27778
8245000 17 5.41176 10 51 115 1.00000 64 3.52941
8250000 17 5.29412 10 47 108 1.00000 68 3.58824
8255000 17 5.17647 11 42 106 1.00000 63 3.29412
8260000 18 4.88889 10 42 108 0.88889 62 3.11111
8265000 17 5.35294 11 43 104 0.94118 62 3.17647
8270000 19 4.73684 11 42 105 0.94737 63 3.10526
8275000 16 5.06250 12 56 102 0.93750 66 3.68750
8280000 16 5.00000 13 55 101 1.00000 67 3.75000
8285000 13 5.84615 12 62 97 1.00000 63 4.38462
8290000 14 5.78571 11 58 110 1.00000 64 4.21429
8295000 14 5.92857 11 51 103 1.00000 62 4.21429
8300000 14 6.00000 10 55 105 0.92857 60 4.21429
8305000 15 5.73333 9 59 102 0.93333 61 3.86667
8310000 15 5.80000 9 62 110 1.00000 65 3.86667
8315000 19 5.05263 9 58 113 0.94737 64 3.21053
8320000 18 5.00000 11 59 111 1.00000 65 3.38889
8325000 19 5.15789 12 48 120 1.00000 68 3.21053
8330000 18 5.38889 14 47 119 1.00000 71 3.61111
8335000 17 5.35294 12 58 113 0.94118 71 3.82353
8340000 19 4.63158 12 63 106 1.00000 72 3.47368
8345000 20 4.05000 12 62 102 0.95000 71 3.20000
8350000 18 5.05556 14 57 116 0.94444 71 3.44444
8355000 21 4.71429 15 58 115 0.90476 69 3.00000
8360000 16 6.25000 14 55 125 1.00000 73 3.81250
8365000 15 6.80000 15 63 127 1.00000 73 4.06667
8370000 16 6.25000 13 57 121 0.93750 71 3.68750
8375000 19 5.36842 15 48 115 0.94737 68 3.26316
8380000 18 5.22222 15 55 113 1.00000 70 3.44444
8385000 22 4.72727 15 53 119 0.95455 71 2.95455
8390000 19 5.15789 13 54 117 1.00000 71 3.15789
8395000 18 5.38889 12 56 117 1.00000 71 3.33333
8400000 22 4.81818 15 45 117 0.90909 70 2.95455
8405000 18 5.33333 16 50 120 1.00000 68 3.44444
8410000 16 5.87500 15 50 113 1.00000 65 3.68750
8415000 17 6.00000 14 49 123 1.00000 67 3.47059
8420000 18 5.77778 13 54 127 0.94444 71 3.33333
8425000 18 5.38889 11 53 112 0.88889 67 3.33333
8430000 16 6.06250 11 48 117 1.00000 66 3.87500
8435000 18 5.55556 11 34 110 0.94444 65 3.50000
8440000 18 5.38889 9 40 121 1.00000 71 3.50000
8445000 18 5.44444 11 34 110 0.94444 72 3.66667
8450000 16 5.87500 13 39 108 1.00000 69 3.93750
8455000 17 5.35294 13 39 109 1.00000 66 3.52941
8460000 20 4.80000 14 40 106 0.90000 64 2.95000
8465000 19 5.10526 16 43 117 1.00000 66 3.21053
8470000 18 5.05556 15 48 110 1.00000 63 3.11111
8475000 20 4.30000 13 49 103 1.00000 65 2.95000
8480000 20 4.35000 11 51 102 1.00000 65 3.10000
8485000 19 4.57895 10 51 109 1.00000 66 3.21053
8490000 20 4.35000 10 48 101 1.00000 66 3.00000
8495000 21 4.52381 10 42 110 0.90476 65 2.80952
8500000 20 4.45000 11 37 103 0.95000 64 2.95000
8505000 18 4.83333 10 45 108 0.94444 65 2.94444
8510000 17 5.29412 14 43 108 1.00000 63 3.17647
8515000 19 4.78947 12 46 107 1.00000 62 3.00000
8520000 19 5.15789 11 43 121 1.00000 66 3.15789
8525000 19 5.47368 12 40 123 1.00000 65 3.15789
8530000 20 5.40000 12 42 121 1.00000 66 3.05000
8535000 22 4.95455 11 44 126 0.95455 66 2.68182
8540000 23 4.69565 12 47 126 1.00000 69 2.73913
8545000 16 6.06250 13 44 116 1.00000 67 3.43750
8550000 18 5.44444 13 44 115 1.00000 66 3.44444
8555000 20 5.40000 12 34 119 1.00000 66 3.20000
8560000 22 5.00000 13 39 121 0.95455 67 2.95455
8565000 23 4.82609 13 40 125 1.00000 68 2.82609
8570000 22 5.18182 12 44 131 1.00000 74 3.13636
8575000 23 5.00000 11 42 129 0.95652 71 2.73913
8580000 21 5.28571 12 45 132 1.00000 69 3.00000
8585000 21 5.23810 12 40 124 0.95238 68 3.09524
8590000 18 5.22222 10 54 114 1.00000 68 3.44444
8595000 18 5.22222 10 56 109 1.00000 70 3.72222
8600000 19 5.00000 10 57 113 0.94737 71 3.42105
8605000 20 4.90000 10 55 119 0.95000 76 3.25000
8610000 19 5.10526 9 52 109 0.94737 74 3.31579
8615000 20 4.75000 9 53 113 0.90000 70 3.15000
8620000 18 5.00000 9 54 114 1.00000 67 3.50000
8625000 18 4.61111 8 50 100 1.00000 67 3.44444
8630000 16 4.81250 8 58 99 1.00000 66 3.56250
8635000 19 4.52632 9 58 109 0.89474 64 3.05263
8640000 16 5.25000 9 59 108 1.00000 65 3.50000
8645000 20 5.05000 10 44 110 0.95000 61 2.90000
8650000 18 5.61111 15 43 117 1.00000 63 3.27778
8655000 19 5.47368 16 44 121 0.94737 67 3.26316
8660000 19 5.05263 17 39 113 1.00000 66 3.21053
8665000 18 5.27778 16 44 110 1.00000 68 3.33333
8670000 18 5.38889 15 46 113 0.94444 69 3.38889
8675000 17 5.76471 16 52 118 1.00000 69 3.58824
8680000 16 6.43750 13 46 125 1.00000 70 4.06250
8685000 18 6.00000 13 44 117 0.88889 67 3.61111
8690000 16 6.56250 15 54 121 1.00000 67 4.12500
8695000 19 5.94737 15 50 128 0.89474 69 3.42105
8700000 15 7.20000 16 46 131 1.00000 71 4.53333
8705000 15 6.80000 16 50 118 1.00000 70 4.46667
8710000 19 5.52632 15 38 114 0.94737 67 3.42105
8715000 18 5.66667 15 40 118 1.00000 68 3.66667
8720000 20 5.30000 15 42 116 1.00000 67 3.25000
8725000 19 5.26316 14 49 115 1.00000 69 3.36842
8730000 19 5.21053 13 54 117 0.94737 68 3.36842
8735000 18 5.27778 12 60 113 0.94444 68 3.50000
8740000 17 5.35294 11 58 110 1.00000 67 3.70588
8745000 20 4.95000 12 48 110 0.95000 67 3.20000
8750000 18 5.27778 12 57 116 1.00000 67 3.44444
8755000 19 5.21053 14 51 117 1.00000 67 3.21053
8760000 20 5.30000 15 48 120 0.95000 69 3.15000
8765000 21 5.38095 15 40 122 1.00000 68 3.09524
8770000 20 5.00000 14 54 117 0.95000 70 3.20000
8775000 21 4.76190 12 52 119 1.00000 67 3.19048
8780000 19 5.05263 13 57 120 1.00000 69 3.52632
8785000 19 5.10526 13 58 120 1.00000 69 3.36842
8790000 21 4.52381 11 56 117 1.00000 69 3.14286
8795000 19 4.73684 10 57 107 1.00000 68 3.31579
8800000 18 4.94444 12 50 104 1.00000 65 3.33333
8805000 19 4.78947 14 52 105 0.94737 67 3.21053
8810000 13 5.38462 11 55 97 1.00000 70 4.46154
8815000 16 4.62500 11 55 97 1.00000 65 3.81250
8820000 17 4.58824 11 48 94 0.94118 65 3.47059
8825000 20 4.70000 12 42 110 1.00000 68 3.15000
8830000 17 5.17647 13 48 110 1.00000 67 3.47059
8835000 20 4.75000 12 47 110 0.95000 67 3.15000
8840000 18 4.66667 11 54 101 1.00000 66 3.55556
8845000 19 4.52632 11 58 102 1.00000 65 3.31579
8850000 18 4.83333 12 62 108 1.00000 66 3.44444
8855000 18 4.94444 14 66 115 1.00000 67 3.27778
8860000 18 5.33333 14 56 115 0.94444 69 3.27778
8865000 20 4.95000 12 49 111 0.90000 70 3.00000
8870000 18 5.27778 14 55 118 1.00000 73 3.50000
8875000 18 5.61111 14 50 119 1.00000 71 3.66667
8880000 15 6.13333 14 57 114 1.00000 67 4.00000
8885000 16 5.56250 13 52 108 0.93750 65 3.68750
8890000 15 5.60000 11 52 102 1.00000 62 3.66667
8895000 15 5.40000 12 54 99 0.93333 60 3.73333
8900000 16 5.68750 13 51 108 0.93750 62 3.50000
8905000 17 5.64706 13 51 113 1.00000 62 3.35294
8910000 19 5.63158 13 48 125 1.00000 63 3.10526
8915000 19 5.31579 11 51 119 0.89474 62 3.10526
8920000 17 5.52941 11 54 116 1.00000 62 3.41176
8925000 18 5.38889 11 48 112 0.94444 66 3.27778
8930000 16 5.75000 11 49 114 1.00000 65 3.68750
8935000 16 6.12500 12 49 119 1.00000 65 3.62500
8940000 19 5.52632 13 45 127 1.00000 63 3.15789
8945000 19 5.52632 14 54 122 1.00000 66 3.26316
8950000 25 4.72000 13 39 134 1.00000 70 2.60000
8955000 22 4.68182 12 39 120 1.00000 69 2.68182
8960000 22 4.45455 14 46 116 1.00000 71 2.95455
8965000 22 4.68182 15 42 119 0.95455 71 2.68182
8970000 17 5.35294 14 46 115 1.00000 64 3.11765
8975000 17 5.35294 14 52 113 1.00000 65 3.17647
8980000 22 4.72727 15 50 117 0.86364 67 2.54545
8985000 23 4.69565 16 47 119 1.00000 69 2.73913
8990000 21 4.66667 12 51 120 1.00000 66 2.90476
8995000 18 5.38889 11 50 123 1.00000 67 3.33333
9000000 20 5.10000 12 47 119 1.00000 68 3.05000
9005000 21 5.23810 14 43 124 1.00000 68 2.85714
9010000 20 5.45000 16 47 129 1.00000 69 2.95000
9015000 18 6.16667 16 50 131 1.00000 69 3.44444
9020000 18 5.94444 15 49 122 1.00000 67 3.44444
9025000 18 5.44444 16 49 117 0.94444 62 3.16667
9030000 16 6.00000 16 46 119 1.00000 66 3.56250
9035000 17 5.76471 13 49 114 0.94118 66 3.35294
9040000 17 5.82353 13 54 118 1.00000 63 3.52941
9045000 20 5.25000 12 49 118 0.95000 65 2.95000
9050000 19 5.47368 12 45 123 1.00000 65 3.05263
9055000 18 5.44444 12 47 117 1.00000 69 3.33333
9060000 18 5.22222 13 48 113 1.00000 66 3.33333
9065000 20 5.15000 14 45 119 1.00000 67 3.10000
9070000 20 4.70000 14 52 116 1.00000 68 3.10000
9075000 20 5.00000 14 42 115 1.00000 69 3.15000
9080000 15 6.26667 13 56 120 1.00000 64 3.60000
9085000 19 5.47368 12 50 120 0.94737 65 3.00000
9090000 17 5.94118 13 50 117 1.00000 66 3.29412
9095000 18 6.05556 17 39 121 0.94444 63 3.05556
9100000 17 6.41176 17 39 127 1.00000 64 3.35294
9105000 16 6.25000 15 40 117 1.00000 68 3.56250
9110000 18 5.33333 14 48 114 0.94444 68 3.33333
9115000 17 5.76471 13 48 118 0.94118 67 3.29412
9120000 17 5.70588 15 47 119 1.00000 68 3.41176
9125000 18 5.16667 14 51 116 1.00000 66 3.16667
9130000 17 5.52941 13 48 117 0.94118 64 2.94118
9135000 18 5.44444 15 43 113 0.94444 63 2.94444
9140000 18 5.50000 15 42 116 1.00000 63 3.05556
9145000 19 5.05263 11 43 115 1.00000 64 2.78947
9150000 19 5.10526 11 52 118 1.00000 65 2.73684
9155000 21 4.52381 15 51 111 0.95238 64 2.61905
9160000 21 4.57143 16 50 117 1.00000 64 2.61905
9165000 21 4.42857 16 55 115 1.00000 64 2.47619
9170000 18 5.16667 15 55 116 1.00000 64 2.83333
9175000 20 4.80000 16 48 111 0.95000 60 2.55000
9180000 19 4.94737 13 49 110 1.00000 60 2.84211
9185000 21 4.28571 11 54 111 0.90476 60 2.52381
9190000 18 4.55556 10 54 106 1.00000 61 2.83333
9195000 18 4.77778 11 49 113 1.00000 65 2.94444
9200000 22 4.04545 11 48 104 0.95455 63 2.36364
9205000 17 5.00000 12 63 109 1.00000 68 3.11765
9210000 19 5.00000 12 59 119 1.00000 67 2.84211
9215000 21 4.61905 13 56 121 0.90476 68 2.52381
9220000 19 4.84211 12 59 124 1.00000 68 2.73684
9225000 23 4.34783 12 52 116 0.95652 67 2.52174
9230000 19 5.10526 14 64 126 1.00000 65 2.94737
9235000 20 4.85000 14 58 120 0.95000 67 2.80000
9240000 17 5.29412 13 64 119 0.94118 70 3.23529
9245000 18 5.05556 14 56 117 1.00000 65 3.11111
9250000 21 4.57143 15 54 116 0.90476 67 2.80952
9255000 22 4.36364 13 51 119 0.95455 65 2.77273
9260000 20 4.65000 13 48 109 0.95000 66 3.10000
9265000 19 4.57895 13 57 107 1.00000 69 3.26316
9270000 22 4.36364 13 49 109 0.90909 69 2.59091
9275000 18 4.77778 11 63 113 1.00000 68 3.33333
9280000 19 4.84211 10 57 113 1.00000 64 3.10526
9285000 21 4.71429 11 65 118 0.95238 71 3.00000
9290000 20 5.35000 13 63 126 1.00000 66 3.15000
9295000 22 4.86364 13 58 128 1.00000 68 2.86364
9300000 25 4.48000 13 55 133 1.00000 71 2.60000
9305000 22 4.59091 12 60 121 0.90909 72 2.90909
9310000 21 4.95238 16 52 119 1.00000 70 3.04762
9315000 22 4.68182 14 51 122 1.00000 72 2.86364
9320000 20 5.45000 13 48 128 0.95000 67 3.15000
9325000 19 5.73684 13 44 132 1.00000 67 3.26316
9330000 17 6.00000 11 49 115 1.00000 67 3.64706
9335000 20 5.10000 12 43 117 0.95000 65 3.05000
9340000 19 5.26316 13 56 116 1.00000 67 3.21053
9345000 22 4.72727 11 56 126 0.95455 68 2.81818
9350000 23 4.56522 11 51 116 0.91304 69 2.86957
9355000 20 5.15000 10 53 120 0.95000 67 3.10000
9360000 21 5.09524 10 59 127 0.90476 69 3.04762
9365000 21 5.23810 12 57 131 0.95238 69 3.09524
9370000 21 5.38095 12 54 131 1.00000 67 3.04762
9375000 24 5.20833 14 51 148 0.95833 72 2.75000
9380000 24 5.12500 13 45 135 0.95833 72 2.83333
9385000 22 5.27273 12 47 131 1.00000 72 3.00000
9390000 22 5.00000 13 54 124 0.90909 66 2.81818
9395000 22 5.00000 11 59 127 0.86364 68 2.72727
9400000 24 4.79167 14 59 130 0.91667 70 2.62500
9405000 26 4.53846 13 49 132 0.96154 75 2.69231
9410000 19 5.57895 16 57 129 1.00000 71 3.42105
9415000 20 5.35000 13 51 120 0.95000 69 3.20000
9420000 17 5.64706 13 56 117 1.00000 69 3.70588
9425000 18 5.55556 14 50 120 0.94444 67 3.33333
9430000 18 5.50000 12 56 122 1.00000 70 3.50000
9435000 19 5.36842 12 53 125 1.00000 74 3.42105
9440000 20 5.20000 12 53 122 0.95000 69 3.05000
9445000 21 5.09524 15 46 123 0.95238 72 3.19048
9450000 20 5.10000 15 40 116 0.90000 69 3.15000
9455000 20 5.05000 15 42 117 0.95000 69 3.15000
9460000 19 4.89474 13 48 110 1.00000 67 3.31579
9465000 17 5.70588 13 46 116 1.00000 69 3.76471
9470000 17 5.82353 13 40 111 1.00000 66 3.64706
9475000 19 5.36842 12 40 116 1.00000 67 3.31579
9480000 20 5.50000 12 42 126 1.00000 68 3.20000
9485000 20 5.30000 12 47 125 1.00000 69 3.30000
9490000 19 5.73684 13 48 129 1.00000 67 3.15789
9495000 16 6.00000 13 48 115 1.00000 69 3.75000
9500000 17 5.58824 14 50 115 1.00000 66 3.52941
9505000 21 4.95238 16 45 118 1.00000 68 3.14286
9510000 21 4.47619 13 49 114 1.00000 72 2.90476
9515000 21 4.28571 13 53 115 1.00000 72 2.95238
9520000 21 4.38095 12 56 112 1.00000 69 2.85714
9525000 22 4.59091 13 50 120 1.00000 69 2.81818
9530000 21 5.09524 12 46 118 1.00000 73 3.04762
9535000 21 5.28571 12 40 129 1.00000 73 3.14286
9540000 21 5.04762 11 36 123 1.00000 72 3.19048
9545000 21 5.09524 12 35 121 0.95238 71 3.09524
9550000 20 5.40000 13 51 127 1.00000 70 3.25000
9555000 23 5.21739 12 49 136 0.95652 72 2.86957
9560000 24 5.08333 11 47 132 1.00000 71 2.83333
9565000 23 5.26087 11 46 133 1.00000 71 2.95652
9570000 21 5.57143 10 43 135 1.00000 71 3.14286
9575000 21 5.42857 11 41 123 0.95238 70 3.04762
9580000 19 5.78947 11 44 122 1.00000 67 3.21053
9585000 19 6.05263 11 49 133 1.00000 68 3.36842
9590000 20 5.45000 12 52 130 1.00000 69 3.20000
9595000 20 5.75000 15 46 135 0.95000 68 3.20000
9600000 22 5.31818 14 50 137 1.00000 70 3.00000
9605000 22 5.45455 13 47 141 1.00000 76 3.09091
9610000 21 5.90476 15 42 137 0.95238 74 3.19048
9615000 21 5.66667 14 43 139 0.95238 75 3.19048
9620000 20 5.75000 15 49 128 1.00000 73 3.40000
9625000 20 6.05000 14 42 131 0.90000 71 3.25000
9630000 19 6.31579 15 44 137 1.00000 71 3.36842
9635000 16 6.50000 13 56 119 1.00000 63 3.68750
9640000 16 6.18750 14 57 124 1.00000 66 3.75000
9645000 21 5.42857 15 49 130 0.90476 69 3.04762
9650000 20 5.55000 13 48 128 1.00000 67 3.05000
9655000 20 5.35000 11 50 123 0.95000 67 3.15000
9660000 20 5.50000 11 52 121 0.90000 64 3.05000
9665000 17 6.29412 11 50 119 1.00000 65 3.64706
9670000 19 5.52632 10 43 117 0.89474 65 3.26316
9675000 18 5.66667 11 48 121 1.00000 68 3.44444
9680000 18 5.50000 11 49 109 1.00000 66 3.44444
9685000 17 5.52941 9 55 111 1.00000 66 3.64706
9690000 21 4.71429 10 51 112 0.95238 67 3.00000
9695000 20 5.15000 12 45 119 1.00000 68 3.20000
9700000 20 5.20000 13 43 118 1.00000 64 3.00000
9705000 18 5.72222 13 43 121 1.00000 64 3.33333
9710000 19 5.57895 12 48 120 0.94737 65 3.21053
9715000 17 6.29412 15 47 125 1.00000 66 3.58824
9720000 18 6.00000 15 53 127 1.00000 69 3.55556
9725000 22 4.95455 13 44 121 0.90909 70 2.86364
9730000 23 4.65217 12 50 122 1.00000 69 2.86957
9735000 19 5.05263 15 54 118 0.94737 71 3.52632
9740000 19 5.10526 14 48 114 1.00000 68 3.47368
9745000 18 4.94444 14 51 107 1.00000 65 3.22222
9750000 19 4.63158 15 63 113 1.00000 68 3.15789
9755000 16 5.25000 17 65 112 1.00000 65 3.62500
9760000 17 5.17647 17 64 112 0.94118 64 3.29412
9765000 16 5.93750 16 60 121 1.00000 70 3.81250
9770000 17 5.64706 12 65 122 0.94118 68 3.47059
9775000 17 5.52941 13 62 121 0.94118 66 3.29412
9780000 18 5.50000 12 64 129 1.00000 69 3.22222
9785000 20 5.30000 13 52 133 1.00000 69 2.95000
9790000 22 4.81818 12 52 121 0.90909 67 2.72727
9795000 25 4.44000 12 52 131 0.92000 73 2.52000
9800000 22 4.90909 11 46 128 1.00000 69 2.63636
9805000 19 5.21053 12 53 124 1.00000 69 3.10526
9810000 18 5.88889 15 46 123 1.00000 63 3.33333
9815000 20 5.20000 14 43 119 0.95000 67 3.00000
9820000 18 5.44444 14 47 115 0.94444 68 3.27778
9825000 16 5.25000 13 56 109 1.00000 61 3.31250
9830000 19 5.00000 12 47 111 0.94737 66 3.00000
9835000 19 4.73684 11 53 106 1.00000 61 2.94737
9840000 18 4.94444 10 67 108 0.94444 68 3.27778
9845000 17 5.47059 10 62 119 1.00000 67 3.41176
9850000 19 5.26316 16 60 121 0.89474 65 3.10526
9855000 19 5.63158 16 65 127 1.00000 66 3.21053
9860000 18 5.72222 16 71 124 1.00000 68 3.38889
9865000 21 5.23810 18 63 130 1.00000 72 3.09524
9870000 20 5.45000 16 56 128 0.90000 73 3.35000
9875000 20 5.75000 16 49 131 0.95000 70 3.20000
9880000 18 6.66667 16 48 133 1.00000 68 3.55556
9885000 19 5.89474 15 50 128 0.94737 67 3.31579
9890000 20 5.10000 11 55 122 0.95000 65 3.15000
9895000 20 5.10000 12 56 122 1.00000 69 3.20000
9900000 20 4.90000 11 58 121 1.00000 68 3.05000
9905000 20 4.95000 12 60 115 1.00000 66 3.05000
9910000 21 4.80952 15 55 120 0.90476 67 2.90476
9915000 20 5.10000 17 52 121 0.95000 70 3.20000
9920000 22 4.90909 18 50 125 0.90909 69 2.95455
9925000 20 5.00000 16 49 117 1.00000 67 3.15000
9930000 20 4.95000 16 51 111 0.95000 62 3.05000
9935000 16 5.87500 14 56 115 1.00000 62 3.50000
9940000 18 5.44444 13 56 115 0.88889 61 3.11111
9945000 18 5.66667 13 54 114 0.88889 61 3.11111
9950000 18 5.77778 13 45 112 0.94444 61 3.27778
9955000 20 5.40000 15 49 119 0.90000 63 3.00000
9960000 16 6.06250 17 53 113 0.93750 65 3.56250
9965000 18 5.38889 16 50 109 0.88889 64 3.05556
9970000 16 5.93750 17 53 117 1.00000 66 3.56250
9975000 18 5.66667 14 51 120 1.00000 69 3.50000
9980000 17 5.76471 14 54 120 1.00000 70 3.70588
9985000 17 5.52941 16 59 114 0.88235 67 3.52941
9990000 17 5.47059 14 49 108 0.94118 64 3.41176
9995000 15 5.86667 12 52 106 1.00000 67 3.80000
10000000 16 6.06250 13 51 119 1.00000 65 3.62500
