# V2 - Timesteps, No of clusters, Mean cluster size, Size largest cluster, No clusters size 1, No prot bound to poly, Fraction clusters bound to poly, No type 2 poly bound to prot, Mean no type 2 in prot cluster
3000000 14 2.35714 3 271 93 0.42857 1 0.00000
3005000 22 2.04545 3 252 91 0.40909 6 0.04545
3010000 21 2.09524 3 257 93 0.33333 4 0.00000
3015000 25 2.20000 4 248 106 0.48000 8 0.16000
3020000 20 2.10000 3 266 104 0.45000 6 0.00000
3025000 23 2.21739 5 261 105 0.43478 3 0.04348
3030000 15 2.06667 3 272 85 0.46667 5 0.00000
3035000 20 2.15000 4 250 84 0.30000 4 0.10000
3040000 24 2.08333 3 256 93 0.50000 4 0.00000
3045000 20 2.15000 4 253 99 0.30000 2 0.00000
3050000 18 2.33333 3 252 94 0.55556 8 0.05556
3055000 19 2.00000 2 246 98 0.26316 1 0.00000
3060000 20 2.00000 2 252 98 0.45000 4 0.00000
3065000 22 2.09091 4 243 98 0.36364 3 0.04545
3070000 20 2.10000 4 247 76 0.45000 1 0.00000
3075000 14 2.28571 5 254 101 0.64286 3 0.07143
3080000 13 2.07692 3 261 86 0.38462 6 0.00000
3085000 9 2.00000 2 269 99 0.66667 5 0.00000
3090000 19 2.21053 3 246 81 0.31579 3 0.05263
3095000 10 2.00000 2 267 104 0.60000 6 0.00000
3100000 23 2.04348 3 241 89 0.34783 2 0.04348
3105000 17 2.00000 2 253 93 0.41176 4 0.00000
3110000 20 2.00000 2 262 87 0.45000 3 0.05000
3115000 20 2.25000 4 265 94 0.15000 3 0.05000
3120000 27 2.00000 2 250 93 0.55556 2 0.03704
3125000 16 2.06250 3 274 91 0.31250 2 0.00000
3130000 22 2.18182 3 265 103 0.36364 6 0.00000
3135000 18 2.11111 4 270 97 0.55556 2 0.00000
3140000 14 2.21429 4 280 92 0.35714 2 0.00000
3145000 19 2.05263 3 268 108 0.42105 6 0.00000
3150000 15 2.00000 2 281 96 0.20000 6 0.00000
3155000 26 2.07692 4 263 95 0.42308 3 0.03846
3160000 14 2.00000 2 284 99 0.35714 1 0.00000
3165000 20 2.25000 3 266 100 0.40000 2 0.00000
3170000 15 2.13333 4 282 105 0.46667 3 0.06667
3175000 24 2.08333 3 256 98 0.45833 7 0.04167
3180000 24 2.20833 3 256 99 0.37500 3 0.00000
3185000 17 2.05882 3 271 99 0.23529 5 0.11765
3190000 17 2.05882 3 265 103 0.35294 4 0.00000
3195000 16 2.12500 3 254 81 0.25000 5 0.00000
3200000 25 2.12000 3 238 77 0.28000 3 0.00000
3205000 17 2.11765 3 264 85 0.47059 2 0.00000
3210000 19 2.05263 3 260 83 0.21053 3 0.10526
3215000 17 2.05882 3 266 103 0.35294 7 0.00000
3220000 20 2.15000 3 258 94 0.35000 1 0.05000
3225000 17 2.05882 3 269 96 0.41176 4 0.00000
3230000 12 2.00000 2 282 103 0.33333 4 0.00000
3235000 18 2.00000 2 276 104 0.38889 0 0.00000
3240000 18 2.16667 3 257 78 0.38889 3 0.00000
3245000 16 2.00000 2 261 96 0.43750 5 0.00000
3250000 22 2.04545 3 250 91 0.27273 5 0.04545
3255000 13 2.00000 2 271 101 0.38462 4 0.00000
3260000 24 2.08333 3 248 92 0.50000 7 0.04167
3265000 16 2.06250 3 271 87 0.43750 2 0.00000
3270000 18 2.22222 3 273 100 0.27778 3 0.00000
3275000 29 2.17241 4 242 99 0.48276 0 0.00000
3280000 20 2.10000 3 258 95 0.45000 2 0.05000
3285000 13 2.15385 3 260 99 0.38462 4 0.07692
3290000 11 2.09091 3 262 77 0.45455 7 0.00000
3295000 10 2.00000 2 282 103 0.40000 5 0.10000
3300000 16 2.06250 3 261 96 0.50000 7 0.12500
3305000 20 2.10000 3 251 89 0.30000 2 0.00000
3310000 15 2.20000 3 254 104 0.46667 9 0.13333
3315000 21 2.23810 4 237 78 0.33333 3 0.00000
3320000 18 2.05556 3 238 70 0.38889 3 0.00000
3325000 17 2.05882 3 245 99 0.41176 5 0.00000
3330000 7 2.00000 2 260 86 0.14286 2 0.00000
3335000 21 2.04762 3 237 97 0.52381 5 0.09524
3340000 13 2.07692 3 260 108 0.53846 8 0.23077
3345000 19 2.10526 3 257 97 0.57895 1 0.00000
3350000 18 2.16667 3 251 83 0.50000 6 0.00000
3355000 29 2.03448 3 234 105 0.41379 3 0.00000
3360000 22 2.04545 3 252 95 0.40909 4 0.00000
3365000 21 2.09524 3 257 94 0.28571 5 0.00000
3370000 24 2.16667 3 250 88 0.33333 1 0.00000
3375000 18 2.05556 3 271 77 0.33333 7 0.00000
3380000 29 2.10345 3 247 98 0.41379 3 0.03448
3385000 13 2.23077 4 286 105 0.46154 1 0.00000
3390000 18 2.16667 3 262 90 0.38889 4 0.05556
3395000 19 2.21053 4 257 90 0.52632 2 0.00000
3400000 19 2.10526 3 269 97 0.52632 5 0.05263
3405000 12 2.08333 3 284 87 0.16667 2 0.00000
3410000 24 2.04167 3 256 99 0.45833 4 0.00000
3415000 18 2.05556 3 272 84 0.44444 2 0.00000
3420000 24 2.12500 3 274 88 0.37500 4 0.00000
3425000 19 2.05263 3 289 106 0.52632 4 0.00000
3430000 28 2.10714 4 263 101 0.57143 4 0.03571
3435000 24 2.12500 4 264 103 0.54167 4 0.00000
3440000 21 2.04762 3 260 100 0.52381 6 0.00000
3445000 18 2.11111 3 258 109 0.50000 4 0.00000
3450000 27 2.14815 3 250 97 0.48148 8 0.07407
3455000 15 2.00000 2 273 102 0.53333 2 0.00000
3460000 19 2.00000 2 264 92 0.36842 0 0.00000
3465000 17 2.00000 2 279 92 0.17647 3 0.00000
3470000 23 2.13043 3 258 98 0.30435 3 0.00000
3475000 21 2.04762 3 255 103 0.38095 2 0.00000
3480000 10 2.10000 3 282 102 0.40000 3 0.10000
3485000 17 2.05882 3 265 104 0.58824 5 0.05882
3490000 21 2.09524 3 262 105 0.42857 4 0.04762
3495000 22 2.04545 3 259 101 0.40909 4 0.00000
3500000 14 2.21429 3 264 92 0.28571 2 0.00000
3505000 13 2.00000 2 267 99 0.30769 3 0.00000
3510000 17 2.00000 2 256 98 0.52941 2 0.05882
3515000 18 2.05556 3 257 106 0.44444 7 0.11111
3520000 19 2.00000 2 245 93 0.36842 6 0.00000
3525000 23 2.00000 2 245 84 0.39130 6 0.00000
3530000 17 2.00000 2 264 88 0.47059 1 0.00000
3535000 28 2.10714 3 268 107 0.39286 7 0.07143
3540000 29 2.10345 3 265 113 0.34483 3 0.03448
3545000 21 2.19048 4 264 90 0.38095 6 0.09524
3550000 21 2.09524 3 267 99 0.38095 9 0.04762
3555000 16 2.18750 3 264 86 0.25000 7 0.06250
3560000 22 2.13636 3 259 97 0.31818 8 0.00000
3565000 23 2.00000 2 254 102 0.26087 3 0.00000
3570000 14 2.21429 3 260 85 0.28571 0 0.00000
3575000 16 2.00000 2 258 84 0.37500 3 0.06250
3580000 21 2.23810 4 251 93 0.38095 4 0.00000
3585000 14 2.07143 3 273 92 0.28571 2 0.07143
3590000 23 2.08696 3 264 89 0.34783 7 0.04348
3595000 13 2.07692 3 280 96 0.38462 3 0.07692
3600000 21 2.14286 3 267 100 0.52381 1 0.00000
3605000 27 2.03704 3 246 81 0.29630 7 0.07407
3610000 22 2.31818 3 247 95 0.31818 4 0.00000
3615000 19 2.10526 3 256 95 0.52632 0 0.00000
3620000 17 2.00000 2 264 105 0.41176 5 0.05882
3625000 14 2.14286 3 275 94 0.35714 4 0.00000
3630000 15 2.13333 4 266 92 0.46667 2 0.06667
3635000 19 2.00000 2 266 89 0.31579 2 0.00000
3640000 28 2.03571 3 249 94 0.39286 5 0.00000
3645000 18 2.00000 2 268 101 0.50000 7 0.11111
3650000 19 2.05263 3 263 101 0.36842 6 0.00000
3655000 18 2.11111 3 267 98 0.50000 4 0.05556
3660000 22 2.22727 4 249 99 0.54545 3 0.04545
3665000 21 2.04762 3 263 91 0.42857 3 0.00000
3670000 17 2.00000 2 272 103 0.41176 0 0.00000
3675000 20 2.30000 6 262 107 0.40000 2 0.00000
3680000 20 2.05000 3 274 100 0.25000 5 0.00000
3685000 18 2.11111 3 268 86 0.33333 5 0.00000
3690000 24 2.25000 4 259 101 0.37500 2 0.04167
3695000 21 2.09524 3 271 89 0.33333 3 0.00000
3700000 14 2.14286 3 284 110 0.57143 2 0.07143
3705000 17 2.00000 2 272 85 0.47059 2 0.00000
3710000 18 2.11111 3 273 98 0.38889 1 0.00000
3715000 20 2.05000 3 266 106 0.40000 9 0.00000
3720000 24 2.20833 4 255 90 0.45833 3 0.08333
3725000 18 2.11111 3 275 104 0.33333 4 0.00000
3730000 15 2.13333 3 273 84 0.46667 3 0.06667
3735000 24 2.16667 3 252 96 0.50000 3 0.04167
3740000 19 2.21053 3 265 89 0.26316 7 0.00000
3745000 19 2.05263 3 259 98 0.42105 2 0.00000
3750000 13 2.15385 3 262 92 0.69231 2 0.00000
3755000 18 2.05556 3 258 108 0.55556 2 0.00000
3760000 17 2.00000 2 263 80 0.23529 2 0.00000
3765000 15 2.13333 3 282 89 0.46667 3 0.00000
3770000 20 2.05000 3 285 99 0.40000 4 0.00000
3775000 18 2.05556 3 288 113 0.50000 9 0.05556
3780000 16 2.18750 3 271 91 0.25000 1 0.00000
3785000 18 2.00000 2 270 86 0.44444 2 0.05556
3790000 18 2.11111 3 264 90 0.33333 3 0.00000
3795000 17 2.05882 3 261 98 0.47059 3 0.00000
3800000 13 2.30769 4 252 96 0.46154 3 0.07692
3805000 8 2.00000 2 266 87 0.37500 1 0.12500
3810000 17 2.00000 2 254 81 0.41176 4 0.05882
3815000 22 2.04545 3 248 98 0.54545 6 0.09091
3820000 16 2.25000 4 245 78 0.31250 1 0.00000
3825000 21 2.14286 3 237 82 0.42857 2 0.00000
3830000 14 2.00000 2 261 92 0.14286 8 0.00000
3835000 13 2.00000 2 272 91 0.61538 3 0.00000
3840000 21 2.00000 2 269 104 0.47619 4 0.00000
3845000 25 2.08000 3 256 93 0.52000 4 0.00000
3850000 16 2.00000 2 278 102 0.62500 3 0.00000
3855000 18 2.11111 3 275 110 0.50000 3 0.00000
3860000 23 2.21739 4 263 89 0.39130 3 0.00000
3865000 18 2.05556 3 274 111 0.61111 4 0.00000
3870000 25 2.04000 3 262 115 0.56000 1 0.00000
3875000 19 2.10526 3 261 73 0.15789 2 0.00000
3880000 14 2.07143 3 277 76 0.28571 2 0.00000
3885000 10 2.10000 3 275 105 0.80000 6 0.10000
3890000 21 2.04762 3 266 103 0.47619 2 0.00000
3895000 13 2.07692 3 280 111 0.53846 7 0.00000
3900000 18 2.00000 2 263 89 0.38889 5 0.00000
3905000 21 2.19048 4 260 104 0.47619 10 0.00000
3910000 21 2.09524 3 275 100 0.52381 5 0.00000
3915000 21 2.09524 3 271 95 0.14286 6 0.00000
3920000 25 2.08000 3 260 98 0.44000 10 0.04000
3925000 18 2.16667 3 279 89 0.33333 8 0.00000
3930000 15 2.06667 3 287 95 0.20000 3 0.00000
3935000 23 2.08696 3 265 98 0.34783 4 0.00000
3940000 15 2.00000 2 274 90 0.46667 5 0.00000
3945000 27 2.03704 3 241 79 0.29630 3 0.00000
3950000 16 2.06250 3 269 100 0.56250 3 0.00000
3955000 18 2.05556 3 266 93 0.50000 6 0.16667
3960000 22 2.09091 3 267 89 0.45455 2 0.00000
3965000 19 2.15789 3 266 104 0.31579 1 0.00000
3970000 18 2.33333 4 269 99 0.55556 4 0.05556
3975000 23 2.17391 3 261 92 0.30435 1 0.00000
3980000 23 2.08696 3 264 92 0.30435 3 0.00000
3985000 18 2.11111 3 262 88 0.44444 3 0.00000
3990000 19 2.05263 3 270 102 0.57895 3 0.00000
3995000 24 2.00000 2 264 91 0.29167 5 0.00000
4000000 16 2.25000 4 276 94 0.25000 6 0.00000
4005000 21 2.14286 3 259 113 0.57143 6 0.04762
4010000 16 2.00000 2 262 97 0.62500 4 0.00000
4015000 17 2.11765 3 244 85 0.35294 3 0.00000
4020000 14 2.14286 3 263 100 0.50000 5 0.07143
4025000 18 2.33333 5 256 84 0.33333 2 0.05556
4030000 25 2.08000 3 243 84 0.28000 1 0.00000
4035000 20 2.15000 3 250 109 0.65000 5 0.00000
4040000 28 2.10714 3 251 102 0.60714 6 0.00000
4045000 24 2.12500 3 258 90 0.20833 3 0.00000
4050000 20 2.25000 4 266 108 0.50000 2 0.00000
4055000 23 2.17391 3 259 104 0.60870 1 0.00000
4060000 18 2.11111 3 262 100 0.33333 3 0.00000
4065000 21 2.00000 2 268 94 0.52381 5 0.04762
4070000 20 2.05000 3 273 105 0.45000 3 0.10000
4075000 23 2.13043 3 258 102 0.39130 0 0.00000
4080000 14 2.00000 2 281 108 0.42857 4 0.07143
4085000 16 2.12500 3 284 100 0.43750 8 0.00000
4090000 27 2.14815 4 246 93 0.44444 2 0.00000
4095000 16 2.06250 3 264 100 0.25000 4 0.00000
4100000 19 2.05263 3 258 105 0.47368 3 0.00000
4105000 22 2.00000 2 257 99 0.54545 2 0.00000
4110000 16 2.18750 4 263 99 0.37500 2 0.00000
4115000 18 2.05556 3 271 97 0.44444 8 0.00000
4120000 23 2.00000 2 270 94 0.21739 3 0.00000
4125000 20 2.05000 3 260 98 0.40000 1 0.00000
4130000 18 2.00000 2 263 88 0.33333 3 0.05556
4135000 19 2.10526 3 272 100 0.52632 4 0.00000
4140000 21 2.04762 3 286 91 0.42857 3 0.00000
4145000 22 2.04545 3 275 112 0.59091 2 0.00000
4150000 15 2.00000 2 286 94 0.46667 3 0.00000
4155000 15 2.06667 3 277 88 0.46667 3 0.00000
4160000 11 2.09091 3 279 101 0.63636 7 0.00000
4165000 13 2.15385 3 267 97 0.46154 6 0.00000
4170000 18 2.05556 3 255 98 0.50000 3 0.11111
4175000 15 2.13333 3 274 86 0.26667 1 0.00000
4180000 19 2.15789 4 266 101 0.31579 3 0.00000
4185000 22 2.00000 2 263 90 0.40909 7 0.09091
4190000 21 2.09524 3 250 94 0.47619 2 0.04762
4195000 20 2.15000 3 255 98 0.50000 2 0.05000
4200000 20 2.25000 4 254 95 0.50000 4 0.05000
4205000 17 2.00000 2 259 85 0.41176 6 0.05882
4210000 14 2.07143 3 262 94 0.21429 6 0.00000
4215000 22 2.13636 3 237 82 0.45455 3 0.04545
4220000 14 2.07143 3 265 81 0.42857 1 0.00000
4225000 21 2.19048 4 261 84 0.47619 0 0.00000
4230000 18 2.22222 3 261 95 0.38889 2 0.00000
4235000 19 2.00000 2 266 108 0.47368 1 0.00000
4240000 17 2.05882 3 276 82 0.29412 7 0.05882
4245000 26 2.23077 3 241 99 0.38462 4 0.03846
4250000 18 2.16667 3 260 99 0.38889 5 0.05556
4255000 15 2.13333 3 261 106 0.33333 2 0.06667
4260000 11 2.09091 3 263 102 0.72727 7 0.18182
4265000 21 2.19048 3 242 95 0.38095 1 0.04762
4270000 12 2.58333 5 255 95 0.50000 3 0.00000
4275000 14 2.21429 3 251 88 0.28571 3 0.00000
4280000 10 2.10000 3 275 93 0.50000 2 0.00000
4285000 19 2.21053 3 255 85 0.31579 4 0.00000
4290000 12 2.16667 4 267 98 0.33333 4 0.00000
4295000 15 2.26667 3 260 101 0.60000 8 0.13333
4300000 20 2.00000 2 261 106 0.45000 3 0.00000
4305000 20 2.10000 3 263 86 0.50000 5 0.00000
4310000 24 2.12500 3 247 83 0.50000 5 0.04167
4315000 18 2.05556 3 264 97 0.50000 8 0.00000
4320000 13 2.15385 3 275 99 0.53846 3 0.00000
4325000 25 2.24000 4 255 90 0.24000 2 0.00000
4330000 24 2.04167 3 272 97 0.37500 3 0.04167
4335000 23 2.26087 3 268 90 0.34783 2 0.04348
4340000 18 2.27778 4 282 98 0.22222 4 0.00000
4345000 21 2.04762 3 273 89 0.42857 2 0.00000
4350000 28 2.07143 4 255 88 0.32143 5 0.00000
4355000 30 2.13333 4 243 88 0.30000 2 0.00000
4360000 22 2.13636 3 260 94 0.31818 5 0.00000
4365000 16 2.12500 3 265 107 0.62500 7 0.00000
4370000 11 2.00000 2 264 95 0.36364 4 0.00000
4375000 18 2.05556 3 272 88 0.38889 4 0.00000
4380000 18 2.11111 3 260 96 0.22222 3 0.00000
4385000 19 2.00000 2 261 99 0.36842 6 0.00000
4390000 15 2.00000 2 273 89 0.53333 2 0.06667
4395000 12 2.08333 3 270 84 0.41667 1 0.08333
4400000 17 2.17647 5 248 87 0.35294 4 0.00000
4405000 18 2.11111 4 249 91 0.38889 5 0.00000
4410000 21 2.19048 3 242 91 0.57143 3 0.04762
4415000 15 2.06667 3 258 101 0.26667 5 0.00000
4420000 10 2.10000 3 264 88 0.40000 1 0.10000
4425000 12 2.00000 2 261 94 0.50000 3 0.00000
4430000 12 2.00000 2 269 82 0.50000 3 0.00000
4435000 18 2.00000 2 255 94 0.33333 2 0.05556
4440000 14 2.00000 2 265 87 0.28571 3 0.07143
4445000 19 2.00000 2 261 106 0.36842 2 0.00000
4450000 15 2.00000 2 267 96 0.53333 2 0.00000
4455000 23 2.08696 3 250 99 0.47826 1 0.00000
4460000 18 2.16667 4 266 96 0.33333 2 0.00000
4465000 24 2.00000 2 261 101 0.50000 5 0.04167
4470000 26 2.11538 3 257 96 0.38462 3 0.00000
4475000 22 2.04545 3 278 96 0.40909 4 0.00000
4480000 19 2.10526 3 275 99 0.42105 3 0.00000
4485000 10 2.00000 2 290 101 0.30000 2 0.00000
4490000 15 2.13333 3 271 93 0.40000 4 0.06667
4495000 17 2.00000 2 269 90 0.35294 5 0.00000
4500000 18 2.00000 2 270 93 0.38889 4 0.00000
4505000 19 2.26316 4 257 91 0.31579 2 0.00000
4510000 16 2.06250 3 258 90 0.37500 5 0.00000
4515000 14 2.00000 2 267 90 0.57143 6 0.00000
4520000 15 2.13333 3 272 98 0.33333 1 0.06667
4525000 14 2.07143 3 275 92 0.57143 1 0.00000
4530000 25 2.04000 3 244 94 0.40000 3 0.00000
4535000 17 2.05882 3 261 104 0.58824 5 0.00000
4540000 18 2.05556 3 249 91 0.50000 5 0.11111
4545000 23 2.00000 2 245 93 0.30435 5 0.04348
4550000 15 2.06667 3 261 85 0.46667 6 0.00000
4555000 24 2.16667 3 246 109 0.45833 2 0.00000
4560000 12 2.00000 2 281 95 0.33333 0 0.00000
4565000 18 2.16667 3 276 94 0.27778 7 0.00000
4570000 16 2.00000 2 274 91 0.37500 2 0.06250
4575000 15 2.06667 3 274 87 0.33333 4 0.00000
4580000 21 2.04762 3 266 88 0.38095 6 0.04762
4585000 20 2.05000 3 269 106 0.50000 5 0.00000
4590000 19 2.10526 3 276 96 0.31579 2 0.00000
4595000 23 2.04348 3 265 96 0.34783 3 0.00000
4600000 20 2.05000 3 280 98 0.40000 6 0.00000
4605000 24 2.00000 2 265 106 0.37500 5 0.04167
4610000 22 2.09091 3 258 98 0.50000 2 0.00000
4615000 22 2.09091 3 256 95 0.45455 5 0.00000
4620000 16 2.31250 3 265 87 0.50000 2 0.00000
4625000 13 2.07692 3 269 89 0.46154 4 0.00000
4630000 18 2.11111 3 262 80 0.38889 3 0.00000
4635000 28 2.10714 3 249 93 0.32143 3 0.00000
4640000 15 2.13333 3 264 91 0.46667 7 0.13333
4645000 21 2.14286 3 242 85 0.38095 2 0.00000
4650000 14 2.07143 3 258 98 0.28571 3 0.00000
4655000 21 2.00000 2 247 89 0.33333 6 0.00000
4660000 18 2.16667 3 258 93 0.38889 9 0.00000
4665000 22 2.04545 3 256 91 0.40909 3 0.04545
4670000 23 2.00000 2 246 93 0.26087 4 0.04348
4675000 17 2.05882 3 243 84 0.47059 2 0.00000
4680000 15 2.06667 3 255 89 0.33333 3 0.00000
4685000 14 2.07143 3 255 85 0.28571 2 0.00000
4690000 15 2.00000 2 266 86 0.20000 2 0.00000
4695000 29 2.10345 3 239 84 0.37931 7 0.03448
4700000 13 2.23077 3 281 104 0.53846 5 0.15385
4705000 25 2.00000 2 271 104 0.52000 1 0.00000
4710000 24 2.04167 3 275 108 0.50000 10 0.00000
4715000 22 2.13636 3 264 104 0.50000 3 0.09091
4720000 21 2.09524 3 261 103 0.47619 2 0.00000
4725000 14 2.21429 3 267 105 0.50000 2 0.00000
4730000 18 2.05556 3 267 104 0.50000 6 0.05556
4735000 31 2.16129 4 238 86 0.45161 4 0.03226
4740000 14 2.28571 4 267 105 0.50000 4 0.07143
4745000 15 2.06667 3 254 84 0.33333 6 0.00000
4750000 16 2.00000 2 265 101 0.31250 3 0.06250
4755000 17 2.05882 3 252 96 0.23529 5 0.00000
4760000 19 2.05263 3 249 98 0.63158 3 0.00000
4765000 19 2.05263 3 256 93 0.47368 2 0.00000
4770000 22 2.04545 3 261 102 0.72727 5 0.00000
4775000 22 2.04545 3 260 84 0.36364 3 0.00000
4780000 16 2.00000 2 275 85 0.18750 4 0.00000
4785000 14 2.00000 2 276 103 0.64286 8 0.00000
4790000 19 2.00000 2 261 93 0.47368 4 0.05263
4795000 21 2.14286 3 252 86 0.33333 3 0.00000
4800000 19 2.10526 3 253 84 0.15789 6 0.05263
4805000 18 2.00000 2 257 95 0.44444 4 0.05556
4810000 16 2.12500 3 265 94 0.43750 5 0.12500
4815000 21 2.14286 3 261 103 0.57143 1 0.00000
4820000 22 2.04545 3 261 88 0.27273 3 0.00000
4825000 20 2.25000 6 262 94 0.45000 3 0.00000
4830000 18 2.16667 4 270 93 0.33333 4 0.00000
4835000 18 2.11111 3 277 105 0.50000 2 0.00000
4840000 21 2.04762 3 274 107 0.38095 0 0.00000
4845000 18 2.22222 4 275 111 0.44444 0 0.00000
4850000 17 2.23529 4 266 110 0.41176 5 0.00000
4855000 17 2.11765 3 260 94 0.35294 3 0.00000
4860000 24 2.25000 4 252 81 0.33333 5 0.04167
4865000 20 2.15000 3 249 74 0.20000 1 0.00000
4870000 19 2.15789 3 256 100 0.57895 1 0.00000
4875000 14 2.00000 2 273 90 0.28571 2 0.00000
4880000 18 2.00000 2 272 111 0.44444 6 0.11111
4885000 16 2.06250 3 269 98 0.56250 2 0.00000
4890000 11 2.09091 3 272 102 0.72727 2 0.00000
4895000 22 2.09091 3 258 99 0.36364 5 0.13636
4900000 17 2.05882 3 276 102 0.29412 7 0.00000
4905000 19 2.05263 3 272 106 0.42105 6 0.00000
4910000 21 2.28571 4 254 97 0.23810 4 0.00000
4915000 19 2.00000 2 271 105 0.42105 2 0.00000
4920000 23 2.17391 3 253 92 0.52174 3 0.04348
4925000 19 2.00000 2 270 96 0.52632 2 0.00000
4930000 19 2.21053 5 265 93 0.47368 5 0.00000
4935000 16 2.06250 3 272 95 0.25000 4 0.06250
4940000 23 2.04348 3 249 83 0.34783 3 0.00000
4945000 16 2.06250 3 262 99 0.25000 5 0.06250
4950000 22 2.09091 3 248 101 0.50000 4 0.00000
4955000 17 2.11765 3 261 99 0.41176 1 0.00000
4960000 18 2.05556 3 254 95 0.50000 7 0.05556
4965000 13 2.00000 2 263 77 0.15385 3 0.00000
4970000 21 2.04762 3 242 86 0.33333 3 0.00000
4975000 17 2.05882 3 255 93 0.52941 3 0.00000
4980000 25 2.04000 3 241 87 0.32000 1 0.04000
4985000 27 2.14815 4 248 113 0.59259 3 0.00000
4990000 14 2.00000 2 267 89 0.35714 3 0.00000
4995000 15 2.00000 2 260 97 0.33333 3 0.00000
5000000 17 2.00000 2 253 80 0.47059 1 0.00000
5005000 16 2.12500 3 252 91 0.62500 6 0.06250
5010000 21 2.00000 2 249 97 0.33333 3 0.00000
5015000 18 2.00000 2 255 86 0.44444 7 0.00000
5020000 18 2.11111 3 257 99 0.50000 2 0.00000
5025000 19 2.05263 3 264 85 0.31579 1 0.05263
5030000 17 2.17647 3 274 81 0.47059 4 0.00000
5035000 14 2.07143 3 284 87 0.42857 7 0.00000
5040000 18 2.05556 3 280 97 0.33333 3 0.00000
5045000 19 2.10526 3 268 88 0.26316 0 0.00000
5050000 20 2.00000 2 260 99 0.35000 6 0.00000
5055000 15 2.06667 3 265 88 0.60000 3 0.00000
5060000 22 2.09091 3 249 94 0.45455 5 0.04545
5065000 20 2.05000 3 240 82 0.35000 4 0.05000
5070000 20 2.05000 3 242 78 0.50000 2 0.05000
5075000 24 2.08333 3 224 76 0.37500 2 0.04167
5080000 19 2.00000 2 233 108 0.57895 7 0.05263
5085000 15 2.13333 3 249 86 0.33333 3 0.00000
5090000 13 2.15385 3 263 92 0.38462 4 0.07692
5095000 19 2.10526 3 241 87 0.31579 5 0.00000
5100000 20 2.10000 3 243 89 0.45000 4 0.00000
5105000 17 2.00000 2 257 95 0.35294 4 0.05882
5110000 13 2.00000 2 276 94 0.46154 5 0.00000
5115000 23 2.04348 3 253 106 0.43478 2 0.00000
5120000 12 2.08333 3 262 93 0.25000 2 0.00000
5125000 10 2.00000 2 267 94 0.60000 2 0.00000
5130000 19 2.15789 3 244 77 0.31579 3 0.00000
5135000 21 2.00000 2 254 89 0.47619 2 0.00000
5140000 14 2.00000 2 273 92 0.21429 7 0.00000
5145000 22 2.13636 4 247 87 0.13636 3 0.00000
5150000 12 2.08333 3 264 100 0.25000 2 0.00000
5155000 15 2.00000 2 272 98 0.46667 3 0.00000
5160000 18 2.05556 3 271 96 0.27778 1 0.00000
5165000 13 2.00000 2 284 91 0.38462 6 0.00000
5170000 23 2.08696 3 270 93 0.47826 3 0.00000
5175000 20 2.20000 4 281 99 0.30000 3 0.00000
5180000 21 2.04762 3 268 104 0.23810 4 0.00000
5185000 24 2.08333 3 269 95 0.45833 3 0.00000
5190000 21 2.04762 3 268 93 0.47619 1 0.00000
5195000 24 2.16667 3 248 106 0.37500 3 0.04167
5200000 16 2.06250 3 271 115 0.37500 6 0.00000
5205000 20 2.10000 3 261 95 0.40000 4 0.00000
5210000 18 2.11111 3 262 98 0.38889 3 0.00000
5215000 16 2.31250 5 264 99 0.50000 1 0.00000
5220000 30 2.06667 4 244 102 0.36667 3 0.00000
5225000 13 2.07692 3 267 80 0.38462 3 0.00000
5230000 17 2.05882 3 268 86 0.70588 2 0.00000
5235000 16 2.12500 3 268 109 0.50000 9 0.18750
5240000 19 2.00000 2 263 101 0.42105 2 0.00000
5245000 21 2.14286 3 254 106 0.47619 5 0.00000
5250000 23 2.13043 4 249 93 0.39130 2 0.04348
5255000 21 2.14286 3 256 93 0.38095 0 0.00000
5260000 23 2.13043 3 269 99 0.47826 4 0.00000
5265000 14 2.07143 3 300 109 0.28571 5 0.07143
5270000 18 2.11111 3 289 92 0.61111 2 0.00000
5275000 17 2.05882 3 286 93 0.29412 9 0.11765
5280000 20 2.05000 3 271 98 0.45000 2 0.00000
5285000 21 2.09524 3 262 90 0.47619 4 0.09524
5290000 23 2.21739 4 262 89 0.39130 5 0.04348
5295000 18 2.11111 3 283 98 0.44444 2 0.05556
5300000 21 2.19048 4 278 104 0.47619 4 0.04762
5305000 25 2.36000 4 254 96 0.44000 5 0.00000
5310000 19 2.10526 3 275 107 0.52632 0 0.00000
5315000 20 2.00000 2 266 87 0.50000 5 0.05000
5320000 20 2.05000 3 265 102 0.40000 6 0.00000
5325000 18 2.11111 3 267 98 0.44444 3 0.00000
5330000 17 2.23529 3 260 97 0.41176 3 0.00000
5335000 19 2.00000 2 262 102 0.31579 4 0.00000
5340000 21 2.09524 3 253 101 0.52381 4 0.00000
5345000 18 2.05556 3 262 100 0.38889 3 0.00000
5350000 18 2.16667 3 256 95 0.38889 1 0.00000
5355000 19 2.05263 3 242 87 0.73684 1 0.00000
5360000 15 2.13333 3 251 89 0.53333 2 0.00000
5365000 18 2.11111 3 241 106 0.44444 4 0.00000
5370000 13 2.15385 3 248 94 0.61538 2 0.00000
5375000 20 2.05000 3 233 87 0.35000 2 0.00000
5380000 14 2.00000 2 262 98 0.50000 5 0.00000
5385000 18 2.05556 3 246 75 0.22222 4 0.00000
5390000 16 2.00000 2 245 90 0.25000 2 0.00000
5395000 17 2.00000 2 245 86 0.41176 5 0.00000
5400000 14 2.07143 3 252 83 0.28571 6 0.00000
5405000 17 2.11765 4 260 89 0.52941 1 0.00000
5410000 18 2.05556 3 258 97 0.50000 4 0.11111
5415000 17 2.11765 3 265 90 0.29412 4 0.05882
5420000 30 2.16667 4 245 90 0.43333 1 0.00000
5425000 15 2.00000 2 280 95 0.46667 4 0.00000
5430000 22 2.00000 2 271 103 0.40909 1 0.00000
5435000 18 2.16667 3 276 96 0.38889 4 0.00000
5440000 26 2.03846 3 256 97 0.42308 6 0.03846
5445000 19 2.10526 3 259 82 0.47368 4 0.05263
5450000 17 2.00000 2 271 88 0.52941 2 0.00000
5455000 17 2.11765 3 266 86 0.29412 4 0.00000
5460000 24 2.20833 4 251 98 0.58333 6 0.00000
5465000 23 2.04348 3 268 113 0.43478 4 0.00000
5470000 26 2.07692 3 250 101 0.46154 4 0.00000
5475000 17 2.11765 3 261 105 0.52941 6 0.00000
5480000 15 2.00000 2 272 90 0.40000 5 0.00000
5485000 20 2.05000 3 254 102 0.40000 2 0.00000
5490000 19 2.00000 2 252 100 0.47368 2 0.00000
5495000 19 2.10526 3 252 102 0.42105 2 0.00000
5500000 18 2.11111 3 256 98 0.33333 3 0.00000
5505000 24 2.08333 3 240 100 0.41667 5 0.04167
5510000 17 2.17647 3 249 90 0.52941 8 0.00000
5515000 16 2.00000 2 261 96 0.37500 3 0.00000
5520000 21 2.04762 3 249 85 0.33333 2 0.00000
5525000 24 2.04167 3 243 84 0.33333 1 0.00000
5530000 13 2.00000 2 263 95 0.61538 6 0.07692
5535000 16 2.12500 3 246 87 0.50000 2 0.00000
5540000 19 2.05263 3 236 90 0.63158 7 0.05263
5545000 14 2.21429 4 258 94 0.28571 4 0.00000
5550000 15 2.13333 3 266 85 0.33333 4 0.06667
5555000 21 2.04762 3 266 107 0.52381 5 0.04762
5560000 15 2.00000 2 275 101 0.20000 0 0.00000
5565000 20 2.10000 3 260 93 0.15000 5 0.05000
5570000 22 2.13636 3 257 82 0.31818 3 0.00000
5575000 22 2.09091 3 259 90 0.36364 4 0.04545
5580000 24 2.04167 3 266 89 0.25000 4 0.00000
5585000 13 2.07692 3 290 92 0.30769 3 0.00000
5590000 13 2.00000 2 281 104 0.38462 4 0.00000
5595000 12 2.16667 3 280 93 0.33333 2 0.00000
5600000 20 2.00000 2 262 99 0.45000 1 0.00000
5605000 15 2.06667 3 277 100 0.46667 6 0.06667
5610000 21 2.09524 3 259 107 0.52381 9 0.04762
5615000 14 2.28571 4 258 96 0.35714 5 0.07143
5620000 16 2.12500 3 250 87 0.37500 3 0.00000
5625000 16 2.12500 3 259 74 0.25000 1 0.00000
5630000 11 2.00000 2 263 104 0.45455 8 0.00000
5635000 15 2.00000 2 252 89 0.40000 2 0.00000
5640000 14 2.21429 4 258 89 0.57143 2 0.07143
5645000 15 2.33333 4 253 85 0.60000 3 0.00000
5650000 19 2.10526 3 242 91 0.47368 2 0.00000
5655000 15 2.13333 3 256 81 0.33333 1 0.00000
5660000 17 2.17647 4 257 80 0.29412 5 0.00000
5665000 19 2.00000 2 264 98 0.36842 2 0.00000
5670000 13 2.00000 2 276 87 0.38462 3 0.00000
5675000 18 2.11111 4 269 98 0.33333 0 0.00000
5680000 23 2.17391 3 256 95 0.34783 4 0.00000
5685000 19 2.00000 2 256 85 0.21053 2 0.00000
5690000 13 2.15385 3 258 92 0.38462 4 0.00000
5695000 16 2.06250 3 253 90 0.50000 1 0.00000
5700000 14 2.07143 3 263 96 0.42857 4 0.00000
5705000 11 2.00000 2 265 101 0.36364 8 0.00000
5710000 16 2.18750 3 251 99 0.50000 1 0.00000
5715000 23 2.04348 3 247 90 0.34783 6 0.00000
5720000 19 2.05263 3 251 93 0.52632 4 0.00000
5725000 13 2.07692 3 250 92 0.53846 7 0.07692
5730000 12 2.16667 3 257 73 0.41667 4 0.00000
5735000 20 2.00000 2 247 96 0.45000 1 0.00000
5740000 12 2.08333 3 260 99 0.66667 3 0.00000
5745000 14 2.07143 3 266 94 0.14286 6 0.00000
5750000 19 2.10526 3 242 83 0.42105 2 0.00000
5755000 15 2.13333 3 244 90 0.13333 4 0.06667
5760000 19 2.10526 3 240 90 0.57895 2 0.05263
5765000 20 2.05000 3 256 98 0.45000 4 0.05000
5770000 23 2.13043 4 251 98 0.60870 5 0.00000
5775000 18 2.11111 3 266 103 0.50000 6 0.11111
5780000 18 2.27778 4 275 105 0.38889 3 0.00000
5785000 17 2.05882 3 273 98 0.52941 5 0.00000
5790000 20 2.05000 3 256 88 0.50000 2 0.00000
5795000 22 2.22727 4 250 98 0.54545 6 0.04545
5800000 19 2.15789 3 263 98 0.26316 5 0.00000
5805000 15 2.00000 2 267 99 0.46667 5 0.00000
5810000 20 2.00000 2 264 102 0.30000 2 0.00000
5815000 24 2.08333 3 259 86 0.45833 1 0.00000
5820000 18 2.11111 3 257 91 0.38889 3 0.00000
5825000 11 2.36364 3 259 100 0.54545 4 0.09091
5830000 17 2.11765 3 250 100 0.52941 5 0.00000
5835000 20 2.05000 3 257 106 0.45000 6 0.05000
5840000 16 2.00000 2 267 85 0.37500 5 0.00000
5845000 16 2.25000 4 262 103 0.75000 7 0.06250
5850000 16 2.00000 2 250 89 0.43750 1 0.00000
5855000 20 2.00000 2 248 72 0.25000 0 0.00000
5860000 19 2.05263 3 260 88 0.21053 3 0.00000
5865000 16 2.06250 3 267 84 0.25000 6 0.00000
5870000 18 2.22222 5 266 99 0.33333 3 0.00000
5875000 13 2.15385 3 273 95 0.23077 8 0.07692
5880000 19 2.05263 3 265 90 0.52632 3 0.00000
5885000 16 2.00000 2 271 107 0.68750 2 0.00000
5890000 14 2.07143 3 286 105 0.57143 2 0.00000
5895000 18 2.05556 3 272 105 0.38889 5 0.00000
5900000 17 2.05882 3 269 100 0.41176 3 0.05882
5905000 22 2.22727 5 259 95 0.40909 2 0.00000
5910000 20 2.05000 3 254 77 0.30000 2 0.00000
5915000 16 2.06250 3 261 82 0.25000 5 0.00000
5920000 17 2.05882 3 261 86 0.47059 6 0.00000
5925000 10 2.10000 3 285 98 0.30000 6 0.00000
5930000 25 2.04000 3 239 96 0.40000 5 0.08000
5935000 18 2.16667 4 258 102 0.55556 6 0.05556
5940000 18 2.27778 4 264 98 0.66667 4 0.05556
5945000 27 2.25926 4 248 99 0.48148 2 0.03704
5950000 18 2.22222 5 258 84 0.27778 4 0.00000
5955000 22 2.09091 3 260 80 0.27273 3 0.00000
5960000 20 2.05000 3 268 88 0.40000 5 0.00000
5965000 19 2.05263 3 264 78 0.47368 2 0.00000
5970000 22 2.04545 3 268 101 0.54545 4 0.04545
5975000 20 2.15000 3 263 114 0.55000 4 0.00000
5980000 22 2.00000 2 260 85 0.40909 3 0.00000
5985000 19 2.10526 3 252 89 0.47368 3 0.00000
5990000 17 2.05882 3 257 101 0.35294 5 0.00000
5995000 22 2.09091 3 256 89 0.40909 1 0.00000
6000000 10 2.20000 3 262 100 0.60000 5 0.00000
6005000 15 2.40000 5 254 107 0.40000 9 0.06667
6010000 22 2.09091 3 254 98 0.54545 2 0.04545
6015000 12 2.25000 4 272 82 0.41667 2 0.00000
6020000 14 2.00000 2 260 104 0.64286 5 0.00000
6025000 25 2.04000 3 237 91 0.52000 3 0.00000
6030000 17 2.29412 5 258 94 0.47059 0 0.00000
6035000 15 2.06667 3 265 109 0.60000 4 0.00000
6040000 14 2.07143 3 272 94 0.35714 4 0.00000
6045000 19 2.10526 4 263 105 0.52632 5 0.10526
6050000 19 2.00000 2 248 96 0.36842 4 0.00000
6055000 17 2.11765 3 253 84 0.35294 2 0.00000
6060000 15 2.06667 3 257 98 0.40000 2 0.00000
6065000 23 2.08696 3 251 101 0.52174 4 0.00000
6070000 18 2.05556 3 263 94 0.38889 3 0.00000
6075000 17 2.11765 3 258 87 0.35294 1 0.00000
6080000 19 2.05263 3 244 89 0.36842 3 0.05263
6085000 17 2.11765 4 247 87 0.52941 5 0.05882
6090000 12 2.08333 3 251 89 0.16667 2 0.00000
6095000 13 2.15385 3 251 88 0.30769 4 0.00000
6100000 10 2.20000 3 257 98 0.60000 7 0.00000
6105000 21 2.04762 3 234 96 0.33333 4 0.00000
6110000 17 2.05882 3 249 87 0.29412 5 0.05882
6115000 13 2.00000 2 258 98 0.53846 1 0.00000
6120000 17 2.11765 3 243 92 0.47059 3 0.05882
6125000 15 2.26667 3 243 95 0.53333 1 0.00000
6130000 14 2.00000 2 260 92 0.50000 2 0.00000
6135000 11 2.09091 3 263 85 0.45455 3 0.00000
6140000 21 2.23810 3 239 91 0.61905 3 0.04762
6145000 18 2.22222 4 244 94 0.38889 8 0.11111
6150000 23 2.08696 3 239 87 0.47826 4 0.00000
6155000 13 2.15385 3 265 90 0.46154 4 0.00000
6160000 17 2.00000 2 256 83 0.35294 1 0.00000
6165000 20 2.20000 3 248 95 0.45000 5 0.00000
6170000 20 2.05000 3 254 82 0.55000 4 0.00000
6175000 17 2.00000 2 262 94 0.11765 3 0.00000
6180000 24 2.12500 4 250 93 0.50000 2 0.04167
6185000 19 2.05263 3 268 110 0.52632 4 0.00000
6190000 21 2.04762 3 260 95 0.23810 5 0.00000
6195000 11 2.00000 2 283 102 0.27273 4 0.00000
6200000 22 2.04545 3 262 110 0.45455 5 0.04545
6205000 20 2.15000 3 264 100 0.40000 1 0.00000
6210000 16 2.06250 3 276 107 0.68750 5 0.06250
6215000 21 2.04762 3 272 107 0.71429 4 0.00000
6220000 22 2.00000 2 256 88 0.27273 4 0.00000
6225000 24 2.08333 3 257 101 0.37500 3 0.00000
6230000 17 2.11765 4 275 98 0.47059 6 0.00000
6235000 23 2.08696 4 259 94 0.43478 3 0.00000
6240000 24 2.08333 3 266 99 0.50000 1 0.00000
6245000 25 2.08000 3 260 97 0.52000 2 0.00000
6250000 12 2.16667 3 276 90 0.50000 7 0.08333
6255000 25 2.12000 3 252 104 0.44000 1 0.00000
6260000 19 2.05263 3 262 85 0.36842 3 0.00000
6265000 23 2.13043 3 260 79 0.26087 3 0.00000
6270000 18 2.11111 3 269 97 0.50000 4 0.11111
6275000 15 2.06667 3 277 95 0.33333 2 0.00000
6280000 19 2.10526 3 271 101 0.42105 5 0.00000
6285000 18 2.16667 3 264 104 0.44444 3 0.00000
6290000 14 2.14286 3 264 100 0.42857 0 0.00000
6295000 20 2.05000 3 258 84 0.15000 1 0.00000
6300000 19 2.26316 4 259 97 0.52632 3 0.05263
6305000 17 2.11765 3 260 83 0.47059 2 0.00000
6310000 22 2.00000 2 258 77 0.31818 2 0.00000
6315000 17 2.00000 2 272 95 0.52941 5 0.05882
6320000 18 2.11111 3 270 98 0.22222 3 0.00000
6325000 11 2.09091 3 286 107 0.45455 2 0.00000
6330000 22 2.00000 2 270 110 0.59091 3 0.04545
6335000 25 2.04000 3 255 92 0.44000 5 0.00000
6340000 14 2.00000 2 266 104 0.57143 2 0.00000
6345000 17 2.05882 3 259 97 0.64706 4 0.05882
6350000 13 2.00000 2 258 84 0.30769 1 0.00000
6355000 16 2.12500 3 247 91 0.50000 3 0.00000
6360000 17 2.11765 4 243 100 0.41176 3 0.05882
6365000 16 2.18750 4 247 85 0.50000 3 0.00000
6370000 19 2.05263 3 255 79 0.36842 2 0.00000
6375000 12 2.16667 3 269 89 0.33333 2 0.00000
6380000 20 2.05000 3 254 98 0.50000 4 0.00000
6385000 20 2.20000 3 246 98 0.60000 2 0.05000
6390000 23 2.13043 3 226 96 0.60870 3 0.13043
6395000 23 2.08696 3 238 90 0.43478 6 0.08696
6400000 17 2.00000 2 261 90 0.41176 4 0.00000
6405000 19 2.15789 3 260 87 0.42105 4 0.10526
6410000 19 2.00000 2 263 82 0.42105 7 0.15789
6415000 15 2.06667 3 269 100 0.20000 2 0.00000
6420000 7 2.00000 2 283 110 0.85714 2 0.00000
6425000 17 2.11765 3 270 88 0.47059 3 0.00000
6430000 21 2.14286 4 257 95 0.42857 2 0.00000
6435000 13 2.15385 3 282 91 0.30769 2 0.00000
6440000 20 2.05000 3 267 98 0.25000 2 0.00000
6445000 18 2.16667 3 257 105 0.61111 9 0.05556
6450000 15 2.06667 3 263 100 0.53333 4 0.00000
6455000 12 2.08333 3 270 86 0.41667 4 0.00000
6460000 23 2.21739 4 250 89 0.39130 2 0.00000
6465000 22 2.13636 3 244 88 0.45455 4 0.00000
6470000 17 2.05882 3 258 113 0.35294 6 0.05882
6475000 18 2.16667 3 253 100 0.44444 6 0.00000
6480000 14 2.14286 3 265 94 0.50000 3 0.14286
6485000 15 2.13333 4 261 107 0.53333 3 0.00000
6490000 15 2.26667 4 253 88 0.33333 1 0.00000
6495000 21 2.14286 4 239 71 0.19048 3 0.00000
6500000 12 2.08333 3 261 91 0.50000 3 0.00000
6505000 17 2.05882 3 253 77 0.41176 3 0.00000
6510000 20 2.15000 4 240 87 0.25000 2 0.00000
6515000 18 2.05556 3 236 80 0.44444 2 0.00000
6520000 20 2.15000 3 246 90 0.45000 4 0.00000
6525000 15 2.06667 3 258 95 0.40000 3 0.00000
6530000 19 2.05263 3 260 101 0.31579 5 0.00000
6535000 19 2.00000 2 261 106 0.47368 7 0.05263
6540000 14 2.28571 4 266 87 0.35714 6 0.00000
6545000 21 2.00000 2 248 96 0.42857 2 0.00000
6550000 21 2.04762 3 260 83 0.28571 1 0.00000
6555000 23 2.08696 4 252 102 0.47826 2 0.04348
6560000 16 2.06250 3 259 88 0.56250 2 0.00000
6565000 20 2.20000 3 246 99 0.50000 7 0.05000
6570000 20 2.10000 3 261 98 0.55000 2 0.00000
6575000 21 2.04762 3 244 97 0.42857 7 0.04762
6580000 23 2.08696 3 244 96 0.43478 4 0.04348
6585000 19 2.00000 2 273 111 0.47368 3 0.00000
6590000 30 2.13333 4 246 88 0.50000 2 0.03333
6595000 23 2.17391 3 255 103 0.34783 4 0.00000
6600000 23 2.17391 3 253 100 0.43478 6 0.08696
6605000 15 2.00000 2 284 99 0.20000 1 0.00000
6610000 15 2.13333 4 273 96 0.40000 3 0.00000
6615000 13 2.07692 3 281 105 0.61538 1 0.00000
6620000 20 2.20000 3 268 94 0.30000 3 0.05000
6625000 13 2.15385 3 281 106 0.46154 4 0.00000
6630000 16 2.00000 2 281 105 0.56250 7 0.06250
6635000 18 2.11111 3 270 88 0.33333 6 0.00000
6640000 18 2.16667 3 274 97 0.33333 2 0.00000
6645000 21 2.04762 3 274 104 0.57143 7 0.14286
6650000 24 2.16667 3 279 102 0.54167 3 0.00000
6655000 18 2.05556 3 285 99 0.38889 3 0.00000
6660000 22 2.13636 4 266 97 0.40909 7 0.09091
6665000 16 2.12500 4 268 104 0.50000 1 0.00000
6670000 15 2.26667 3 257 84 0.46667 6 0.06667
6675000 19 2.00000 2 253 100 0.63158 2 0.00000
6680000 20 2.00000 2 252 102 0.40000 2 0.00000
6685000 24 2.12500 3 243 100 0.58333 6 0.04167
6690000 12 2.00000 2 271 84 0.41667 3 0.00000
6695000 19 2.00000 2 264 77 0.31579 3 0.00000
6700000 21 2.09524 3 262 91 0.47619 4 0.00000
6705000 16 2.12500 3 264 102 0.68750 1 0.00000
6710000 19 2.00000 2 267 105 0.36842 3 0.05263
6715000 17 2.17647 3 274 98 0.58824 2 0.00000
6720000 29 2.20690 5 257 101 0.41379 4 0.00000
6725000 19 2.10526 4 279 97 0.36842 4 0.00000
6730000 23 2.08696 3 266 110 0.39130 1 0.00000
6735000 23 2.13043 4 271 99 0.47826 3 0.04348
6740000 18 2.05556 3 279 83 0.22222 2 0.00000
6745000 20 2.10000 3 272 100 0.40000 2 0.05000
6750000 26 2.03846 3 272 111 0.65385 2 0.00000
6755000 16 2.06250 3 291 97 0.25000 4 0.00000
6760000 20 2.05000 3 277 108 0.50000 7 0.10000
6765000 28 2.03571 3 261 104 0.50000 4 0.07143
6770000 21 2.09524 3 276 96 0.33333 5 0.09524
6775000 21 2.04762 3 277 105 0.33333 1 0.00000
6780000 24 2.04167 3 275 99 0.45833 1 0.00000
6785000 19 2.21053 3 279 100 0.52632 5 0.00000
6790000 21 2.09524 4 276 94 0.52381 2 0.00000
6795000 18 2.16667 4 283 103 0.38889 4 0.00000
6800000 29 2.06897 3 262 93 0.27586 4 0.03448
6805000 21 2.14286 3 264 101 0.52381 6 0.04762
6810000 15 2.20000 3 262 100 0.20000 1 0.00000
6815000 21 2.14286 3 268 99 0.57143 3 0.04762
6820000 17 2.17647 3 288 98 0.52941 3 0.00000
6825000 21 2.09524 3 264 101 0.38095 4 0.09524
6830000 24 2.08333 3 265 108 0.58333 4 0.00000
6835000 20 2.15000 3 259 93 0.40000 1 0.00000
6840000 23 2.04348 3 258 86 0.34783 1 0.00000
6845000 24 2.16667 4 245 80 0.29167 2 0.00000
6850000 22 2.04545 3 249 83 0.36364 4 0.04545
6855000 16 2.18750 3 264 97 0.62500 6 0.12500
6860000 23 2.13043 3 255 86 0.43478 2 0.00000
6865000 20 2.00000 2 258 100 0.30000 4 0.00000
6870000 17 2.00000 2 266 86 0.58824 3 0.00000
6875000 16 2.00000 2 261 80 0.37500 3 0.00000
6880000 13 2.00000 2 271 92 0.38462 7 0.00000
6885000 21 2.00000 2 257 92 0.23810 5 0.00000
6890000 19 2.05263 3 264 100 0.42105 1 0.00000
6895000 13 2.15385 3 283 99 0.53846 3 0.00000
6900000 22 2.22727 4 258 100 0.45455 2 0.00000
6905000 17 2.05882 3 274 94 0.47059 3 0.05882
6910000 29 2.17241 4 249 89 0.34483 4 0.00000
6915000 18 2.11111 4 270 90 0.61111 3 0.05556
6920000 20 2.10000 3 267 81 0.35000 2 0.00000
6925000 22 2.09091 3 268 100 0.31818 6 0.09091
6930000 19 2.26316 4 264 95 0.47368 5 0.05263
6935000 9 2.00000 2 288 90 0.77778 2 0.00000
6940000 11 2.09091 3 291 101 0.36364 4 0.00000
6945000 20 2.15000 4 257 99 0.40000 5 0.00000
6950000 17 2.17647 3 258 91 0.47059 5 0.05882
6955000 14 2.07143 3 279 97 0.28571 3 0.00000
6960000 22 2.00000 2 264 93 0.36364 5 0.04545
6965000 13 2.07692 3 272 95 0.53846 2 0.00000
6970000 22 2.13636 3 254 93 0.59091 4 0.09091
6975000 23 2.17391 3 244 82 0.56522 2 0.00000
6980000 18 2.11111 3 252 99 0.44444 3 0.00000
6985000 18 2.11111 3 267 107 0.55556 2 0.00000
6990000 20 2.05000 3 261 88 0.55000 5 0.10000
6995000 18 2.11111 3 274 93 0.55556 2 0.05556
7000000 18 2.00000 2 275 99 0.44444 6 0.00000
7005000 16 2.06250 3 272 106 0.50000 4 0.00000
7010000 23 2.17391 4 251 97 0.56522 9 0.04348
7015000 17 2.11765 3 261 102 0.35294 3 0.00000
7020000 22 2.22727 4 244 99 0.54545 0 0.00000
7025000 20 2.10000 3 244 89 0.40000 4 0.05000
7030000 12 2.16667 3 270 105 0.58333 3 0.00000
7035000 18 2.05556 3 260 101 0.22222 6 0.00000
7040000 22 2.13636 3 247 97 0.45455 6 0.00000
7045000 22 2.04545 3 254 91 0.59091 3 0.00000
7050000 20 2.05000 3 269 118 0.45000 8 0.05000
7055000 18 2.00000 2 253 102 0.50000 9 0.05556
7060000 16 2.00000 2 262 99 0.50000 2 0.06250
7065000 21 2.14286 4 257 99 0.38095 3 0.00000
7070000 21 2.09524 3 260 85 0.33333 1 0.00000
7075000 21 2.04762 3 253 88 0.52381 2 0.00000
7080000 24 2.12500 3 253 102 0.54167 3 0.04167
7085000 19 2.05263 3 261 107 0.47368 2 0.00000
7090000 15 2.13333 4 256 96 0.60000 2 0.00000
7095000 19 2.05263 3 268 94 0.21053 5 0.05263
7100000 22 2.18182 4 251 100 0.36364 6 0.09091
7105000 20 2.00000 2 255 86 0.55000 3 0.00000
7110000 22 2.13636 3 251 101 0.59091 4 0.04545
7115000 20 2.05000 3 255 108 0.45000 4 0.05000
7120000 17 2.29412 4 250 93 0.47059 2 0.00000
7125000 11 2.00000 2 261 97 0.36364 1 0.00000
7130000 15 2.06667 3 256 86 0.60000 4 0.06667
7135000 19 2.05263 3 247 83 0.31579 4 0.10526
7140000 18 2.00000 2 259 113 0.38889 4 0.05556
7145000 19 2.05263 3 255 101 0.36842 4 0.00000
7150000 33 2.12121 3 247 91 0.48485 2 0.03030
7155000 18 2.00000 2 277 112 0.33333 4 0.00000
7160000 23 2.13043 3 257 83 0.43478 1 0.00000
7165000 12 2.08333 3 280 96 0.58333 4 0.00000
7170000 20 2.00000 2 259 104 0.40000 2 0.00000
7175000 12 2.00000 2 269 90 0.41667 2 0.08333
7180000 18 2.11111 4 248 83 0.33333 3 0.00000
7185000 9 2.11111 3 260 98 0.44444 4 0.00000
7190000 13 2.15385 3 258 99 0.46154 7 0.00000
7195000 12 2.00000 2 250 81 0.50000 2 0.00000
7200000 15 2.06667 3 259 93 0.40000 3 0.00000
7205000 25 2.08000 3 250 97 0.48000 3 0.08000
7210000 19 2.00000 2 266 96 0.52632 3 0.00000
7215000 24 2.12500 3 274 98 0.54167 2 0.00000
7220000 27 2.11111 3 272 106 0.40741 7 0.03704
7225000 21 2.09524 3 280 99 0.28571 4 0.00000
7230000 18 2.16667 4 280 91 0.33333 3 0.00000
7235000 25 2.12000 3 277 112 0.36000 3 0.00000
7240000 16 2.00000 2 296 98 0.31250 2 0.00000
7245000 26 2.11538 3 269 111 0.50000 5 0.03846
7250000 21 2.04762 3 274 96 0.33333 2 0.00000
7255000 17 2.11765 3 284 88 0.35294 1 0.00000
7260000 10 2.00000 2 294 100 0.50000 4 0.00000
7265000 19 2.00000 2 281 97 0.31579 2 0.00000
7270000 15 2.20000 4 281 102 0.46667 2 0.00000
7275000 26 2.07692 3 251 79 0.53846 5 0.00000
7280000 15 2.06667 3 269 108 0.33333 1 0.00000
7285000 17 2.05882 3 262 86 0.41176 2 0.00000
7290000 18 2.11111 3 259 78 0.44444 4 0.00000
7295000 14 2.00000 2 257 90 0.71429 7 0.07143
7300000 18 2.05556 3 247 90 0.33333 5 0.00000
7305000 20 2.20000 3 256 91 0.25000 5 0.05000
7310000 17 2.05882 3 259 86 0.29412 3 0.00000
7315000 14 2.14286 3 267 88 0.42857 1 0.00000
7320000 26 2.07692 3 243 91 0.53846 2 0.00000
7325000 19 2.26316 4 256 95 0.36842 5 0.00000
7330000 24 2.12500 3 239 106 0.41667 6 0.00000
7335000 20 2.10000 3 248 85 0.15000 4 0.00000
7340000 18 2.00000 2 244 96 0.44444 2 0.00000
7345000 14 2.00000 2 257 93 0.35714 3 0.00000
7350000 13 2.15385 3 260 93 0.38462 5 0.07692
7355000 23 2.08696 3 246 93 0.65217 2 0.00000
7360000 18 2.22222 4 248 85 0.38889 1 0.00000
7365000 16 2.25000 3 246 100 0.31250 2 0.00000
7370000 14 2.21429 3 252 93 0.57143 3 0.00000
7375000 13 2.00000 2 259 84 0.30769 2 0.00000
7380000 20 2.05000 3 241 86 0.35000 3 0.00000
7385000 21 2.09524 3 233 84 0.23810 4 0.00000
7390000 19 2.10526 3 233 91 0.47368 1 0.00000
7395000 18 2.00000 2 241 96 0.50000 4 0.00000
7400000 15 2.00000 2 244 84 0.46667 5 0.06667
7405000 15 2.26667 3 245 86 0.53333 4 0.06667
7410000 18 2.11111 3 247 104 0.72222 6 0.05556
7415000 15 2.13333 3 267 92 0.26667 3 0.00000
7420000 16 2.12500 3 270 93 0.62500 3 0.00000
7425000 19 2.21053 3 261 90 0.36842 2 0.00000
7430000 17 2.00000 2 263 109 0.47059 8 0.05882
7435000 17 2.05882 3 255 101 0.52941 4 0.05882
7440000 20 2.20000 4 244 93 0.50000 4 0.00000
7445000 16 2.00000 2 256 81 0.31250 0 0.00000
7450000 17 2.23529 4 253 73 0.29412 3 0.00000
7455000 15 2.00000 2 246 81 0.33333 2 0.00000
7460000 18 2.00000 2 246 77 0.27778 1 0.00000
7465000 10 2.00000 2 267 90 0.40000 3 0.00000
7470000 15 2.06667 3 249 93 0.33333 2 0.00000
7475000 13 2.00000 2 254 89 0.23077 5 0.00000
7480000 17 2.05882 3 247 90 0.35294 4 0.11765
7485000 25 2.08000 3 229 96 0.48000 6 0.08000
7490000 20 2.20000 3 245 83 0.40000 1 0.00000
7495000 19 2.05263 3 254 97 0.52632 2 0.00000
7500000 17 2.11765 3 253 81 0.52941 1 0.00000
7505000 23 2.08696 3 242 90 0.47826 4 0.04348
7510000 10 2.30000 4 259 94 0.30000 2 0.00000
7515000 19 2.00000 2 249 90 0.47368 6 0.00000
7520000 25 2.04000 3 239 95 0.40000 2 0.00000
7525000 29 2.10345 3 231 96 0.55172 2 0.03448
7530000 12 2.16667 3 257 86 0.33333 5 0.00000
7535000 18 2.00000 2 249 98 0.38889 2 0.00000
7540000 18 2.16667 4 254 86 0.38889 4 0.00000
7545000 25 2.00000 2 251 89 0.40000 2 0.00000
7550000 17 2.00000 2 267 89 0.58824 2 0.00000
7555000 14 2.14286 4 263 97 0.28571 1 0.00000
7560000 22 2.18182 5 244 102 0.63636 8 0.04545
7565000 17 2.00000 2 255 85 0.47059 4 0.05882
7570000 22 2.00000 2 242 87 0.31818 4 0.04545
7575000 17 2.05882 3 256 95 0.70588 2 0.00000
7580000 19 2.05263 3 250 94 0.47368 5 0.00000
7585000 15 2.06667 3 252 86 0.53333 3 0.00000
7590000 22 2.09091 3 236 102 0.40909 5 0.00000
7595000 14 2.14286 3 249 101 0.50000 7 0.00000
7600000 14 2.07143 3 248 91 0.64286 4 0.00000
7605000 21 2.00000 2 240 94 0.42857 6 0.04762
7610000 19 2.26316 4 252 96 0.42105 2 0.00000
7615000 17 2.05882 3 259 84 0.23529 6 0.00000
7620000 11 2.09091 3 271 93 0.09091 3 0.00000
7625000 15 2.20000 3 258 87 0.26667 4 0.00000
7630000 14 2.07143 3 250 93 0.42857 0 0.00000
7635000 13 2.07692 3 247 91 0.38462 4 0.00000
7640000 22 2.00000 2 234 88 0.22727 2 0.00000
7645000 16 2.18750 4 246 83 0.31250 1 0.00000
7650000 12 2.16667 3 268 109 0.25000 2 0.00000
7655000 20 2.10000 3 261 95 0.25000 8 0.05000
7660000 14 2.07143 3 262 98 0.50000 6 0.07143
7665000 25 2.04000 3 228 83 0.48000 7 0.00000
7670000 18 2.11111 4 248 99 0.72222 2 0.00000
7675000 17 2.29412 4 253 96 0.52941 2 0.00000
7680000 15 2.13333 3 276 97 0.40000 1 0.00000
7685000 21 2.00000 2 264 110 0.28571 4 0.00000
7690000 25 2.04000 3 258 96 0.56000 3 0.00000
7695000 21 2.14286 3 268 113 0.57143 4 0.00000
7700000 16 2.12500 3 271 88 0.43750 2 0.00000
7705000 19 2.10526 3 262 88 0.52632 3 0.00000
7710000 17 2.23529 4 266 92 0.47059 3 0.00000
7715000 19 2.00000 2 266 87 0.36842 1 0.00000
7720000 14 2.42857 5 271 96 0.64286 5 0.00000
7725000 23 2.26087 5 256 104 0.39130 10 0.08696
7730000 27 2.07407 3 250 97 0.37037 6 0.03704
7735000 20 2.20000 4 256 100 0.40000 1 0.00000
7740000 27 2.03704 3 247 102 0.33333 5 0.00000
7745000 18 2.00000 2 247 109 0.44444 1 0.00000
7750000 19 2.00000 2 244 89 0.52632 7 0.05263
7755000 14 2.07143 3 251 88 0.28571 4 0.00000
7760000 14 2.14286 3 243 90 0.42857 6 0.00000
7765000 15 2.13333 3 234 86 0.40000 3 0.00000
7770000 14 2.07143 3 244 84 0.42857 4 0.07143
7775000 19 2.05263 3 239 89 0.52632 4 0.00000
7780000 13 2.07692 3 264 89 0.46154 0 0.00000
7785000 10 2.00000 2 269 90 0.20000 1 0.00000
7790000 23 2.08696 3 247 87 0.34783 2 0.04348
7795000 17 2.05882 3 262 84 0.52941 2 0.00000
7800000 13 2.07692 3 272 102 0.61538 2 0.00000
7805000 19 2.00000 2 251 78 0.21053 5 0.00000
7810000 13 2.07692 3 275 105 0.53846 6 0.00000
7815000 30 2.13333 4 243 97 0.36667 3 0.00000
7820000 12 2.00000 2 266 94 0.41667 4 0.00000
7825000 22 2.00000 2 234 81 0.36364 4 0.00000
7830000 14 2.00000 2 253 85 0.35714 2 0.00000
7835000 15 2.13333 3 248 81 0.33333 4 0.06667
7840000 19 2.05263 3 261 82 0.42105 3 0.00000
7845000 20 2.10000 3 263 92 0.45000 2 0.00000
7850000 20 2.05000 3 260 94 0.30000 3 0.00000
7855000 16 2.00000 2 267 89 0.68750 3 0.00000
7860000 19 2.00000 2 277 92 0.21053 5 0.00000
7865000 20 2.05000 3 267 95 0.40000 3 0.00000
7870000 13 2.07692 3 275 91 0.30769 5 0.07692
7875000 17 2.05882 3 266 88 0.35294 1 0.00000
7880000 17 2.05882 3 256 92 0.52941 3 0.00000
7885000 20 2.15000 3 252 96 0.25000 3 0.00000
7890000 14 2.28571 4 259 86 0.28571 5 0.00000
7895000 13 2.15385 3 268 89 0.30769 5 0.00000
7900000 20 2.30000 4 246 91 0.25000 4 0.00000
7905000 13 2.15385 3 266 102 0.38462 7 0.15385
7910000 15 2.06667 3 270 99 0.66667 2 0.00000
7915000 14 2.07143 3 276 96 0.50000 4 0.00000
7920000 18 2.16667 3 249 100 0.50000 4 0.00000
7925000 18 2.05556 3 250 87 0.50000 4 0.05556
7930000 16 2.00000 2 246 86 0.43750 0 0.00000
7935000 12 2.16667 3 257 77 0.25000 4 0.00000
7940000 24 2.16667 4 241 96 0.45833 4 0.00000
7945000 15 2.40000 4 256 97 0.40000 5 0.00000
7950000 20 2.05000 3 260 90 0.40000 3 0.00000
7955000 15 2.00000 2 253 76 0.33333 2 0.00000
7960000 21 2.04762 3 246 96 0.33333 4 0.04762
7965000 18 2.11111 3 240 90 0.50000 4 0.05556
7970000 15 2.20000 4 258 84 0.13333 4 0.00000
7975000 17 2.11765 3 249 91 0.47059 5 0.00000
7980000 16 2.25000 4 253 96 0.43750 3 0.00000
7985000 14 2.14286 3 263 103 0.57143 2 0.00000
7990000 19 2.10526 3 254 99 0.42105 4 0.00000
7995000 18 2.00000 2 262 90 0.50000 4 0.11111
8000000 16 2.00000 2 264 97 0.50000 2 0.06250
8005000 18 2.05556 3 256 99 0.66667 4 0.05556
8010000 21 2.04762 3 244 100 0.42857 3 0.00000
8015000 19 2.00000 2 251 88 0.42105 6 0.05263
8020000 17 2.17647 4 246 80 0.58824 3 0.00000
8025000 13 2.07692 3 262 94 0.69231 2 0.07692
8030000 16 2.18750 3 255 92 0.43750 3 0.00000
8035000 15 2.00000 2 254 101 0.46667 4 0.00000
8040000 14 2.07143 3 262 94 0.42857 6 0.00000
8045000 9 2.44444 4 267 77 0.66667 5 0.11111
8050000 13 2.07692 3 260 97 0.30769 1 0.00000
8055000 14 2.07143 3 260 92 0.28571 1 0.00000
8060000 14 2.07143 3 259 98 0.57143 2 0.07143
8065000 16 2.00000 2 259 93 0.43750 0 0.00000
8070000 18 2.16667 4 252 83 0.44444 4 0.00000
8075000 14 2.07143 3 254 97 0.42857 4 0.00000
8080000 17 2.05882 3 243 99 0.58824 2 0.00000
8085000 19 2.05263 3 232 85 0.36842 4 0.00000
8090000 24 2.12500 3 219 79 0.45833 2 0.08333
8095000 24 2.08333 3 231 102 0.41667 3 0.00000
8100000 14 2.00000 2 246 85 0.28571 5 0.00000
8105000 13 2.07692 3 263 97 0.53846 2 0.00000
8110000 22 2.18182 4 239 81 0.40909 0 0.00000
8115000 17 2.05882 3 246 111 0.47059 0 0.00000
8120000 15 2.13333 3 251 84 0.26667 4 0.00000
8125000 15 2.06667 3 253 88 0.40000 4 0.06667
8130000 20 2.10000 3 248 104 0.60000 7 0.05000
8135000 23 2.13043 3 248 93 0.60870 6 0.00000
8140000 16 2.37500 4 265 84 0.25000 6 0.06250
8145000 20 2.25000 4 258 109 0.45000 3 0.00000
8150000 19 2.00000 2 261 101 0.52632 1 0.00000
8155000 21 2.14286 4 245 97 0.23810 5 0.00000
8160000 16 2.06250 3 264 83 0.50000 3 0.06250
8165000 19 2.15789 3 267 103 0.47368 3 0.05263
8170000 19 2.15789 3 267 103 0.47368 4 0.00000
8175000 16 2.06250 3 267 91 0.37500 4 0.00000
8180000 17 2.11765 4 249 89 0.52941 1 0.00000
8185000 14 2.07143 3 254 80 0.28571 3 0.00000
8190000 16 2.25000 4 258 93 0.43750 4 0.06250
8195000 16 2.31250 6 249 84 0.31250 2 0.06250
8200000 16 2.12500 3 262 100 0.75000 1 0.00000
8205000 19 2.21053 3 260 84 0.42105 2 0.00000
8210000 18 2.05556 3 249 96 0.44444 5 0.00000
8215000 19 2.15789 3 245 74 0.36842 2 0.00000
8220000 9 2.22222 3 273 101 0.22222 4 0.00000
8225000 19 2.05263 3 254 96 0.31579 3 0.00000
8230000 22 2.13636 3 242 79 0.40909 2 0.00000
8235000 16 2.00000 2 252 95 0.25000 5 0.00000
8240000 17 2.11765 4 257 89 0.29412 5 0.00000
8245000 17 2.05882 3 268 94 0.41176 7 0.00000
8250000 20 2.10000 3 252 93 0.65000 3 0.00000
8255000 23 2.04348 3 256 108 0.47826 2 0.00000
8260000 16 2.12500 3 279 97 0.50000 6 0.00000
8265000 18 2.05556 3 268 94 0.55556 4 0.00000
8270000 14 2.07143 3 276 88 0.50000 2 0.07143
8275000 22 2.09091 3 256 95 0.36364 4 0.00000
8280000 20 2.15000 3 267 98 0.75000 4 0.05000
8285000 21 2.09524 3 275 93 0.57143 2 0.00000
8290000 23 2.00000 2 274 90 0.52174 0 0.00000
8295000 22 2.13636 5 263 94 0.45455 3 0.00000
8300000 19 2.10526 3 267 100 0.42105 5 0.05263
8305000 19 2.10526 4 266 92 0.42105 5 0.05263
8310000 21 2.09524 3 256 103 0.47619 7 0.00000
8315000 10 2.00000 2 274 85 0.50000 0 0.00000
8320000 12 2.08333 3 274 89 0.41667 5 0.16667
8325000 25 2.08000 3 250 88 0.20000 4 0.08000
8330000 13 2.00000 2 268 99 0.53846 3 0.15385
8335000 12 2.16667 3 271 91 0.16667 2 0.00000
8340000 14 2.00000 2 261 93 0.64286 3 0.07143
8345000 11 2.00000 2 268 100 0.72727 2 0.00000
8350000 20 2.15000 3 251 82 0.50000 6 0.00000
8355000 18 2.11111 3 268 104 0.44444 3 0.00000
8360000 21 2.09524 3 268 97 0.42857 2 0.04762
8365000 21 2.14286 4 265 97 0.42857 3 0.04762
8370000 21 2.04762 3 279 111 0.38095 8 0.04762
8375000 26 2.03846 3 249 88 0.26923 6 0.00000
8380000 18 2.11111 4 269 103 0.50000 5 0.00000
8385000 14 2.14286 3 290 104 0.50000 4 0.00000
8390000 20 2.05000 3 276 99 0.50000 3 0.00000
8395000 19 2.21053 4 268 95 0.63158 3 0.00000
8400000 14 2.07143 3 267 89 0.35714 5 0.00000
8405000 19 2.10526 3 258 94 0.36842 1 0.00000
8410000 12 2.00000 2 271 79 0.41667 3 0.00000
8415000 19 2.05263 3 258 105 0.73684 2 0.00000
8420000 15 2.13333 4 258 85 0.26667 6 0.06667
8425000 21 2.04762 3 244 86 0.47619 3 0.00000
8430000 17 2.17647 4 253 96 0.35294 7 0.00000
8435000 16 2.06250 3 250 81 0.31250 2 0.00000
8440000 8 2.12500 3 262 92 0.50000 4 0.00000
8445000 13 2.07692 3 265 81 0.38462 1 0.00000
8450000 13 2.15385 3 280 85 0.38462 5 0.00000
8455000 20 2.05000 3 260 82 0.40000 5 0.00000
8460000 18 2.11111 3 274 103 0.50000 4 0.00000
8465000 20 2.00000 2 276 100 0.40000 6 0.00000
8470000 26 2.11538 3 255 93 0.53846 3 0.00000
8475000 22 2.09091 3 259 99 0.54545 2 0.00000
8480000 21 2.09524 3 255 111 0.42857 4 0.00000
8485000 12 2.08333 3 273 91 0.33333 2 0.00000
8490000 22 2.13636 3 248 84 0.40909 4 0.00000
8495000 16 2.06250 3 271 90 0.37500 4 0.00000
8500000 24 2.08333 3 247 88 0.50000 2 0.00000
8505000 13 2.15385 3 268 101 0.61538 1 0.00000
8510000 22 2.00000 2 253 90 0.50000 4 0.04545
8515000 18 2.11111 3 262 88 0.50000 4 0.11111
8520000 21 2.14286 4 250 114 0.61905 8 0.09524
8525000 12 2.25000 4 241 87 0.66667 3 0.08333
8530000 18 2.27778 3 230 73 0.44444 2 0.11111
8535000 14 2.21429 4 245 88 0.21429 5 0.00000
8540000 14 2.00000 2 257 89 0.28571 7 0.00000
8545000 20 2.15000 4 258 88 0.40000 4 0.00000
8550000 20 2.10000 3 245 97 0.45000 1 0.00000
8555000 12 2.25000 3 265 86 0.50000 2 0.00000
8560000 17 2.11765 3 257 99 0.47059 7 0.05882
8565000 22 2.18182 4 254 100 0.40909 5 0.00000
8570000 13 2.00000 2 274 98 0.30769 1 0.00000
8575000 23 2.17391 4 246 102 0.39130 5 0.00000
8580000 16 2.18750 3 276 102 0.50000 3 0.00000
8585000 22 2.09091 3 262 97 0.40909 4 0.00000
8590000 18 2.33333 4 265 84 0.38889 4 0.05556
8595000 16 2.18750 3 275 97 0.43750 5 0.00000
8600000 15 2.26667 4 270 87 0.53333 2 0.00000
8605000 21 2.14286 3 253 99 0.71429 6 0.04762
8610000 18 2.11111 3 259 95 0.38889 5 0.05556
8615000 23 2.17391 3 259 94 0.39130 2 0.04348
8620000 20 2.05000 3 265 103 0.35000 6 0.00000
8625000 23 2.39130 5 248 94 0.43478 4 0.00000
8630000 20 2.10000 4 262 84 0.30000 5 0.05000
8635000 20 2.10000 3 269 93 0.35000 3 0.10000
8640000 23 2.04348 3 266 103 0.43478 0 0.00000
8645000 16 2.00000 2 286 96 0.50000 6 0.00000
8650000 25 2.04000 3 261 95 0.44000 7 0.00000
8655000 18 2.00000 2 268 103 0.50000 5 0.11111
8660000 16 2.00000 2 278 102 0.50000 4 0.00000
8665000 23 2.08696 3 259 95 0.43478 3 0.04348
8670000 17 2.11765 3 278 95 0.29412 8 0.05882
8675000 20 2.15000 3 265 88 0.45000 5 0.00000
8680000 22 2.13636 4 266 105 0.40909 2 0.00000
8685000 16 2.12500 3 282 87 0.43750 4 0.00000
8690000 19 2.10526 3 279 83 0.36842 3 0.00000
8695000 18 2.05556 3 277 92 0.33333 4 0.00000
8700000 24 2.12500 4 266 96 0.33333 7 0.00000
8705000 13 2.00000 2 279 101 0.23077 4 0.00000
8710000 14 2.35714 3 275 99 0.35714 6 0.07143
8715000 20 2.05000 3 264 101 0.50000 4 0.00000
8720000 26 2.23077 4 242 104 0.42308 5 0.00000
8725000 20 2.05000 3 253 99 0.55000 5 0.00000
8730000 13 2.00000 2 266 90 0.30769 4 0.07692
8735000 19 2.15789 4 251 101 0.52632 5 0.00000
8740000 13 2.30769 4 255 94 0.38462 6 0.00000
8745000 20 2.15000 3 253 98 0.30000 5 0.05000
8750000 16 2.06250 3 262 93 0.43750 1 0.00000
8755000 22 2.04545 3 253 103 0.45455 5 0.00000
8760000 14 2.14286 3 256 93 0.35714 5 0.00000
8765000 18 2.05556 3 243 87 0.38889 2 0.00000
8770000 14 2.14286 3 254 85 0.50000 2 0.00000
8775000 19 2.15789 3 246 95 0.36842 1 0.00000
8780000 14 2.21429 3 264 92 0.57143 3 0.07143
8785000 16 2.18750 4 264 96 0.37500 2 0.00000
8790000 17 2.05882 3 273 95 0.29412 2 0.05882
8795000 15 2.13333 4 273 91 0.60000 2 0.06667
8800000 16 2.18750 3 262 101 0.43750 5 0.00000
8805000 20 2.05000 3 259 88 0.60000 7 0.10000
8810000 22 2.18182 4 253 108 0.36364 2 0.00000
8815000 24 2.12500 4 237 96 0.45833 5 0.00000
8820000 18 2.11111 3 254 93 0.55556 5 0.00000
8825000 29 2.10345 4 228 88 0.55172 5 0.03448
8830000 15 2.00000 2 260 91 0.33333 1 0.00000
8835000 22 2.04545 3 253 86 0.31818 3 0.00000
8840000 22 2.18182 3 265 110 0.54545 4 0.00000
8845000 16 2.00000 2 271 96 0.50000 3 0.06250
8850000 18 2.33333 4 269 92 0.38889 9 0.05556
8855000 17 2.11765 3 269 106 0.64706 5 0.00000
8860000 17 2.29412 4 255 87 0.35294 7 0.05882
8865000 18 2.16667 3 265 120 0.50000 9 0.00000
8870000 19 2.05263 3 273 90 0.36842 5 0.00000
8875000 23 2.21739 4 269 94 0.30435 2 0.00000
8880000 18 2.11111 4 281 107 0.33333 2 0.05556
8885000 18 2.22222 4 276 110 0.44444 5 0.00000
8890000 24 2.20833 4 259 96 0.41667 1 0.00000
8895000 24 2.12500 4 268 95 0.41667 1 0.00000
8900000 17 2.11765 3 279 87 0.52941 1 0.00000
8905000 19 2.05263 3 274 97 0.21053 3 0.00000
8910000 22 2.13636 3 268 83 0.31818 1 0.00000
8915000 17 2.05882 3 282 89 0.35294 6 0.00000
8920000 24 2.04167 3 261 81 0.29167 3 0.00000
8925000 25 2.20000 4 250 105 0.56000 2 0.00000
8930000 23 2.08696 4 260 80 0.26087 1 0.00000
8935000 14 2.14286 3 275 90 0.28571 0 0.00000
8940000 17 2.05882 3 279 96 0.41176 9 0.00000
8945000 20 2.20000 4 276 108 0.35000 7 0.00000
8950000 22 2.13636 3 274 100 0.40909 8 0.00000
8955000 22 2.09091 3 265 98 0.45455 6 0.00000
8960000 19 2.05263 3 262 96 0.26316 4 0.05263
8965000 18 2.11111 4 262 91 0.44444 3 0.00000
8970000 23 2.30435 3 243 92 0.26087 7 0.00000
8975000 18 2.27778 4 251 84 0.38889 4 0.00000
8980000 20 2.00000 2 253 87 0.40000 1 0.00000
8985000 17 2.11765 3 248 89 0.52941 7 0.05882
8990000 17 2.11765 3 252 85 0.35294 4 0.00000
8995000 18 2.00000 2 245 83 0.44444 4 0.00000
9000000 10 2.20000 3 272 87 0.90000 4 0.10000
9005000 19 2.00000 2 259 100 0.57895 4 0.00000
9010000 16 2.12500 3 268 85 0.31250 4 0.12500
9015000 21 2.09524 4 262 98 0.52381 7 0.09524
9020000 21 2.04762 3 252 91 0.33333 3 0.00000
9025000 20 2.00000 2 248 100 0.70000 2 0.00000
9030000 21 2.19048 3 242 95 0.52381 5 0.04762
9035000 18 2.16667 3 256 93 0.38889 3 0.05556
9040000 20 2.10000 3 256 85 0.30000 4 0.00000
9045000 16 2.12500 3 262 90 0.37500 7 0.06250
9050000 17 2.00000 2 256 88 0.35294 6 0.00000
9055000 14 2.14286 3 270 100 0.50000 5 0.07143
9060000 16 2.06250 3 252 102 0.68750 2 0.00000
9065000 19 2.00000 2 251 96 0.47368 1 0.00000
9070000 13 2.23077 3 268 92 0.61538 3 0.07692
9075000 19 2.05263 3 254 93 0.42105 3 0.00000
9080000 14 2.00000 2 266 101 0.57143 2 0.00000
9085000 9 2.22222 3 255 88 0.44444 3 0.00000
9090000 17 2.00000 2 245 87 0.41176 3 0.00000
9095000 14 2.00000 2 254 74 0.28571 2 0.00000
9100000 13 2.30769 4 267 95 0.53846 9 0.07692
9105000 26 2.03846 3 248 88 0.34615 2 0.00000
9110000 20 2.15000 3 270 112 0.50000 3 0.00000
9115000 20 2.05000 3 265 101 0.45000 6 0.05000
9120000 22 2.13636 3 256 104 0.45455 3 0.00000
9125000 18 2.00000 2 271 95 0.50000 5 0.05556
9130000 20 2.20000 3 276 95 0.60000 2 0.00000
9135000 27 2.03704 3 266 98 0.37037 6 0.03704
9140000 22 2.18182 4 260 86 0.40909 7 0.00000
9145000 24 2.16667 3 246 97 0.50000 3 0.04167
9150000 17 2.11765 3 267 94 0.47059 3 0.00000
9155000 17 2.00000 2 273 105 0.29412 3 0.00000
9160000 21 2.04762 3 268 92 0.42857 1 0.00000
9165000 24 2.12500 3 263 96 0.50000 1 0.04167
9170000 22 2.00000 2 268 94 0.31818 6 0.04545
9175000 14 2.14286 4 284 93 0.42857 5 0.07143
9180000 24 2.16667 3 274 107 0.37500 5 0.00000
9185000 25 2.04000 3 277 100 0.48000 6 0.08000
9190000 29 2.06897 3 262 106 0.41379 3 0.00000
9195000 27 2.18519 4 252 95 0.48148 2 0.00000
9200000 18 2.05556 3 274 93 0.27778 1 0.00000
9205000 19 2.10526 3 266 97 0.47368 4 0.00000
9210000 17 2.11765 3 262 107 0.70588 5 0.05882
9215000 25 2.20000 4 253 101 0.56000 3 0.08000
9220000 20 2.05000 3 276 106 0.60000 5 0.05000
9225000 18 2.16667 3 284 104 0.50000 2 0.00000
9230000 22 2.00000 2 275 109 0.50000 3 0.00000
9235000 20 2.05000 3 276 102 0.50000 5 0.00000
9240000 23 2.04348 3 262 95 0.34783 3 0.00000
9245000 11 2.18182 3 281 99 0.45455 3 0.00000
9250000 22 2.09091 3 263 90 0.36364 6 0.09091
9255000 19 2.15789 3 270 92 0.47368 1 0.00000
9260000 18 2.00000 2 283 112 0.44444 4 0.00000
9265000 21 2.28571 4 270 86 0.19048 5 0.04762
9270000 21 2.09524 3 276 106 0.42857 5 0.00000
9275000 22 2.04545 3 270 93 0.50000 3 0.04545
9280000 17 2.17647 3 275 90 0.35294 6 0.05882
9285000 26 2.19231 3 265 109 0.50000 3 0.00000
9290000 23 2.04348 3 272 107 0.60870 6 0.00000
9295000 15 2.13333 3 266 93 0.20000 1 0.00000
9300000 19 2.05263 3 268 91 0.31579 5 0.00000
9305000 18 2.16667 3 262 105 0.50000 6 0.00000
9310000 24 2.08333 3 240 88 0.45833 3 0.00000
9315000 20 2.00000 2 258 93 0.40000 3 0.05000
9320000 17 2.17647 3 251 89 0.11765 0 0.00000
9325000 18 2.05556 3 245 99 0.50000 9 0.11111
9330000 9 2.00000 2 253 93 0.44444 4 0.00000
9335000 20 2.20000 3 231 86 0.45000 4 0.00000
9340000 22 2.04545 3 250 93 0.40909 2 0.04545
9345000 22 2.13636 3 239 89 0.54545 4 0.09091
9350000 18 2.05556 3 239 90 0.33333 6 0.00000
9355000 9 2.00000 2 254 82 0.33333 4 0.00000
9360000 16 2.00000 2 250 77 0.50000 0 0.00000
9365000 16 2.18750 3 248 90 0.31250 2 0.00000
9370000 18 2.05556 3 258 90 0.33333 6 0.00000
9375000 12 2.00000 2 277 99 0.25000 0 0.00000
9380000 20 2.05000 3 260 103 0.35000 6 0.00000
9385000 21 2.14286 3 259 86 0.23810 4 0.04762
9390000 21 2.19048 3 274 107 0.42857 2 0.00000
9395000 18 2.11111 3 277 103 0.72222 5 0.05556
9400000 17 2.11765 3 274 94 0.41176 2 0.00000
9405000 20 2.00000 2 265 101 0.30000 4 0.00000
9410000 18 2.00000 2 266 81 0.33333 0 0.00000
9415000 18 2.05556 3 273 106 0.50000 2 0.00000
9420000 16 2.31250 4 272 104 0.56250 1 0.00000
9425000 18 2.22222 4 258 96 0.66667 7 0.05556
9430000 14 2.07143 3 269 94 0.42857 4 0.07143
9435000 17 2.05882 3 257 105 0.47059 2 0.00000
9440000 20 2.05000 3 253 81 0.70000 2 0.00000
9445000 23 2.13043 3 237 84 0.47826 3 0.04348
9450000 20 2.20000 3 252 91 0.35000 3 0.05000
9455000 20 2.15000 4 251 92 0.45000 3 0.05000
9460000 18 2.05556 3 247 84 0.61111 2 0.00000
9465000 16 2.12500 3 253 81 0.37500 1 0.00000
9470000 17 2.00000 2 259 97 0.29412 1 0.00000
9475000 20 2.15000 3 259 107 0.40000 4 0.05000
9480000 14 2.21429 3 264 91 0.21429 4 0.07143
9485000 18 2.22222 3 260 108 0.38889 5 0.00000
9490000 15 2.13333 4 279 101 0.33333 3 0.00000
9495000 24 2.12500 3 263 90 0.41667 4 0.00000
9500000 15 2.13333 3 280 97 0.46667 1 0.06667
9505000 15 2.00000 2 279 101 0.40000 5 0.06667
9510000 26 2.11538 3 249 80 0.42308 1 0.00000
9515000 27 2.18519 3 247 96 0.29630 4 0.03704
9520000 22 2.13636 4 248 82 0.40909 6 0.00000
9525000 13 2.07692 3 258 105 0.46154 4 0.00000
9530000 21 2.04762 3 251 95 0.33333 4 0.00000
9535000 15 2.06667 3 263 83 0.40000 4 0.06667
9540000 19 2.10526 3 256 82 0.47368 3 0.05263
9545000 12 2.33333 3 257 92 0.58333 2 0.00000
9550000 19 2.10526 3 252 101 0.42105 3 0.00000
9555000 16 2.25000 4 261 93 0.50000 2 0.00000
9560000 17 2.11765 3 272 100 0.11765 4 0.00000
9565000 16 2.06250 3 281 104 0.68750 3 0.00000
9570000 15 2.13333 3 276 104 0.40000 5 0.06667
9575000 23 2.04348 3 272 107 0.26087 3 0.00000
9580000 15 2.06667 3 279 98 0.66667 2 0.00000
9585000 24 2.12500 4 254 95 0.50000 3 0.04167
9590000 20 2.15000 3 264 97 0.35000 6 0.05000
9595000 18 2.16667 3 271 94 0.38889 2 0.00000
9600000 17 2.05882 3 261 101 0.29412 2 0.00000
9605000 22 2.09091 3 246 78 0.54545 1 0.00000
9610000 14 2.21429 4 261 88 0.35714 2 0.07143
9615000 19 2.26316 3 243 101 0.47368 6 0.00000
9620000 20 2.05000 3 243 106 0.50000 5 0.05000
9625000 14 2.14286 4 255 100 0.28571 3 0.07143
9630000 13 2.00000 2 255 79 0.61538 6 0.00000
9635000 17 2.11765 3 242 93 0.41176 4 0.00000
9640000 17 2.05882 3 257 95 0.41176 2 0.00000
9645000 16 2.12500 4 259 99 0.62500 6 0.00000
9650000 22 2.09091 3 247 84 0.40909 1 0.00000
9655000 18 2.22222 4 266 90 0.44444 3 0.05556
9660000 11 2.09091 3 280 93 0.45455 4 0.00000
9665000 19 2.00000 2 256 91 0.31579 3 0.05263
9670000 21 2.09524 4 254 96 0.52381 2 0.04762
9675000 23 2.08696 3 255 102 0.34783 6 0.04348
9680000 19 2.00000 2 274 103 0.57895 5 0.05263
9685000 25 2.08000 4 256 86 0.36000 1 0.00000
9690000 24 2.12500 3 247 88 0.25000 1 0.00000
9695000 27 2.03704 3 233 84 0.37037 3 0.00000
9700000 21 2.09524 3 255 105 0.42857 3 0.00000
9705000 23 2.08696 4 259 89 0.34783 3 0.00000
9710000 15 2.06667 3 269 102 0.40000 3 0.00000
9715000 19 2.21053 3 256 88 0.36842 1 0.00000
9720000 22 2.27273 4 247 92 0.59091 2 0.00000
9725000 18 2.00000 2 259 90 0.33333 3 0.00000
9730000 16 2.06250 3 267 103 0.50000 3 0.00000
9735000 13 2.15385 3 267 97 0.30769 5 0.07692
9740000 9 2.22222 3 265 86 0.66667 5 0.00000
9745000 20 2.10000 4 248 89 0.55000 0 0.00000
9750000 18 2.11111 3 250 101 0.38889 0 0.00000
9755000 12 2.16667 3 259 88 0.50000 5 0.00000
9760000 20 2.10000 3 234 87 0.50000 3 0.00000
9765000 12 2.00000 2 251 89 0.33333 2 0.00000
9770000 22 2.18182 4 241 84 0.27273 2 0.04545
9775000 19 2.10526 3 256 94 0.47368 1 0.00000
9780000 16 2.06250 3 265 97 0.37500 1 0.00000
9785000 20 2.20000 3 247 90 0.45000 4 0.00000
9790000 15 2.20000 4 264 91 0.46667 5 0.00000
9795000 16 2.00000 2 261 102 0.37500 2 0.00000
9800000 16 2.12500 4 256 96 0.31250 2 0.00000
9805000 17 2.00000 2 253 90 0.23529 2 0.00000
9810000 21 2.14286 3 251 99 0.57143 5 0.00000
9815000 24 2.08333 3 245 95 0.54167 6 0.04167
9820000 13 2.00000 2 248 85 0.61538 1 0.00000
9825000 16 2.06250 3 244 91 0.62500 3 0.00000
9830000 21 2.09524 3 241 106 0.47619 4 0.04762
9835000 15 2.06667 3 247 83 0.46667 3 0.00000
9840000 18 2.05556 3 239 83 0.27778 4 0.00000
9845000 12 2.08333 3 262 91 0.50000 3 0.00000
9850000 12 2.16667 3 257 84 0.41667 2 0.00000
9855000 15 2.00000 2 257 88 0.13333 4 0.00000
9860000 14 2.07143 3 251 91 0.21429 2 0.14286
9865000 16 2.06250 3 254 93 0.56250 3 0.06250
9870000 17 2.00000 2 262 98 0.52941 5 0.00000
9875000 9 2.11111 3 271 84 0.44444 2 0.00000
9880000 22 2.00000 2 248 92 0.50000 3 0.09091
9885000 23 2.17391 3 243 76 0.13043 2 0.00000
9890000 21 2.04762 3 250 104 0.52381 6 0.00000
9895000 19 2.05263 3 258 85 0.36842 5 0.00000
9900000 18 2.00000 2 262 93 0.38889 3 0.05556
9905000 14 2.21429 3 264 107 0.50000 5 0.07143
9910000 16 2.31250 3 261 93 0.43750 4 0.00000
9915000 13 2.23077 4 274 98 0.23077 4 0.00000
9920000 11 2.36364 3 266 102 0.18182 4 0.00000
9925000 18 2.05556 3 274 109 0.61111 3 0.00000
9930000 13 2.00000 2 288 97 0.53846 5 0.00000
9935000 27 2.03704 3 255 91 0.25926 7 0.00000
9940000 16 2.00000 2 275 94 0.31250 5 0.00000
9945000 15 2.00000 2 273 95 0.33333 4 0.06667
9950000 21 2.04762 3 245 75 0.33333 4 0.04762
9955000 20 2.05000 3 243 81 0.45000 2 0.00000
9960000 17 2.05882 3 261 93 0.41176 5 0.05882
9965000 20 2.15000 3 265 86 0.45000 3 0.00000
9970000 13 2.07692 3 266 86 0.30769 6 0.00000
9975000 7 2.00000 2 271 89 0.71429 1 0.00000
9980000 13 2.07692 3 255 78 0.46154 3 0.00000
9985000 17 2.11765 3 243 95 0.35294 6 0.00000
9990000 10 2.10000 3 248 90 0.30000 3 0.00000
9995000 19 2.00000 2 227 82 0.26316 0 0.00000
10000000 15 2.06667 3 236 82 0.46667 7 0.06667
