# V2 - Timesteps, No of clusters, Mean cluster size, Size largest cluster, No clusters size 1, No prot bound to poly, Fraction clusters bound to poly, No type 2 poly bound to prot, Mean no type 2 in prot cluster
3000000 22 8.50000 35 118 216 0.86364 75 3.27273
3005000 26 7.57692 35 114 226 0.88462 78 2.88462
3010000 21 8.85714 35 115 216 1.00000 80 3.61905
3015000 25 8.08000 35 94 220 0.88000 80 3.08000
3020000 23 8.73913 41 101 220 0.86957 80 3.30435
3025000 23 8.78261 39 103 229 0.91304 80 3.30435
3030000 25 8.04000 43 110 222 0.88000 79 3.12000
3035000 20 10.10000 46 106 217 0.70000 74 3.65000
3040000 20 10.25000 45 110 226 0.85000 75 3.70000
3045000 27 7.55556 40 118 222 0.70370 77 2.77778
3050000 25 8.24000 41 112 229 0.76000 78 3.00000
3055000 25 8.20000 39 100 213 0.72000 75 3.00000
3060000 20 9.55000 39 103 220 0.85000 76 3.65000
3065000 17 11.00000 43 118 220 0.88235 76 4.29412
3070000 19 10.10526 42 114 221 0.78947 76 3.84211
3075000 20 9.00000 41 111 197 0.80000 76 3.60000
3080000 23 8.13043 39 114 203 0.73913 75 3.13043
3085000 21 8.66667 40 137 210 0.85714 77 3.52381
3090000 20 9.30000 40 130 220 0.85000 76 3.60000
3095000 22 9.00000 44 121 222 0.77273 80 3.50000
3100000 24 8.33333 45 126 224 0.75000 76 3.12500
3105000 22 9.04545 45 128 223 0.77273 78 3.36364
3110000 21 9.33333 42 128 226 0.90476 81 3.61905
3115000 23 8.56522 42 125 233 0.91304 81 3.43478
3120000 23 8.73913 44 116 231 0.91304 79 3.43478
3125000 23 8.65217 41 113 223 0.82609 80 3.39130
3130000 24 8.37500 39 96 216 0.91667 78 3.20833
3135000 22 8.36364 33 114 217 0.81818 79 3.50000
3140000 21 8.80952 31 113 218 0.80952 76 3.47619
3145000 26 7.65385 33 97 219 0.80769 77 2.96154
3150000 30 6.70000 33 99 216 0.80000 78 2.56667
3155000 24 8.20833 35 105 233 0.87500 77 3.08333
3160000 25 8.20000 35 108 235 0.92000 78 2.96000
3165000 23 9.47826 37 96 239 0.91304 77 3.21739
3170000 23 9.04348 40 102 238 0.95652 78 3.26087
3175000 20 9.95000 39 106 223 0.90000 77 3.75000
3180000 25 8.24000 42 110 232 0.80000 78 2.96000
3185000 22 9.31818 46 112 227 0.86364 79 3.40909
3190000 25 8.48000 42 113 242 0.84000 78 3.08000
3195000 21 10.14286 38 118 244 0.85714 77 3.47619
3200000 23 9.08696 35 101 231 0.95652 78 3.30435
3205000 25 8.80000 43 98 240 0.92000 79 3.12000
3210000 21 10.09524 45 104 242 0.95238 78 3.66667
3215000 22 9.00000 42 114 237 0.95455 77 3.40909
3220000 24 8.79167 45 109 227 0.79167 77 3.12500
3225000 22 9.18182 45 121 234 0.81818 77 3.36364
3230000 25 7.88000 42 108 209 0.80000 73 2.88000
3235000 24 8.16667 42 101 226 0.95833 75 3.08333
3240000 21 9.09524 39 108 209 0.95238 75 3.52381
3245000 22 9.09091 40 112 222 0.81818 80 3.40909
3250000 25 7.44000 37 118 199 0.76000 77 2.96000
3255000 23 8.21739 38 119 218 0.82609 77 3.26087
3260000 25 7.88000 39 111 218 0.80000 77 3.00000
3265000 25 7.60000 40 101 209 0.84000 77 2.96000
3270000 22 8.36364 37 107 206 0.90909 78 3.50000
3275000 18 9.55556 34 110 204 1.00000 78 4.05556
3280000 24 7.87500 37 99 211 0.87500 77 3.12500
3285000 26 7.23077 37 101 211 0.92308 75 2.84615
3290000 29 6.65517 37 109 218 0.89655 75 2.51724
3295000 24 7.54167 44 113 214 0.83333 75 3.08333
3300000 25 7.32000 45 109 200 0.76000 74 2.88000
3305000 17 10.23529 50 116 210 1.00000 75 4.23529
3310000 20 9.05000 47 105 208 0.85000 77 3.75000
3315000 22 8.40909 48 103 202 0.86364 78 3.40909
3320000 23 8.08696 46 104 208 0.78261 78 3.21739
3325000 20 9.30000 45 110 219 0.95000 80 3.80000
3330000 22 8.40909 43 113 208 0.77273 78 3.36364
3335000 17 11.52941 45 109 229 0.94118 76 4.29412
3340000 22 9.90909 48 94 233 0.86364 77 3.40909
3345000 19 10.57895 43 104 219 0.89474 79 4.00000
3350000 22 9.50000 42 95 229 0.86364 77 3.45455
3355000 20 10.10000 44 103 228 0.90000 77 3.85000
3360000 24 8.62500 45 92 220 0.83333 77 3.20833
3365000 20 9.85000 44 102 222 0.80000 76 3.70000
3370000 21 8.95238 42 104 214 0.90476 77 3.61905
3375000 24 8.00000 42 102 209 0.70833 75 3.08333
3380000 23 8.60870 45 112 224 0.82609 75 3.17391
3385000 21 9.47619 43 108 220 0.85714 75 3.47619
3390000 20 9.95000 39 105 222 0.90000 76 3.70000
3395000 27 7.96296 40 96 227 0.74074 77 2.77778
3400000 23 8.69565 42 106 223 0.86957 79 3.39130
3405000 22 9.04545 45 104 214 0.81818 78 3.50000
3410000 17 11.29412 45 125 231 1.00000 77 4.35294
3415000 19 10.52632 48 103 223 0.94737 78 4.00000
3420000 19 10.42105 49 114 222 0.89474 79 4.05263
3425000 22 9.04545 52 110 211 0.81818 77 3.50000
3430000 20 9.75000 52 113 225 0.90000 78 3.85000
3435000 27 8.11111 51 95 240 0.81481 79 2.92593
3440000 20 10.45000 55 109 235 0.95000 80 3.95000
3445000 21 9.47619 53 105 212 0.90476 79 3.76190
3450000 21 9.33333 53 98 217 0.90476 80 3.76190
3455000 20 9.75000 53 106 226 0.95000 79 3.90000
3460000 20 9.35000 51 100 213 0.85000 80 3.85000
3465000 24 7.87500 50 100 205 0.79167 81 3.33333
3470000 20 9.55000 49 103 214 0.90000 81 4.00000
3475000 20 9.75000 44 98 212 0.95000 79 3.95000
3480000 22 8.95455 43 94 222 0.81818 79 3.50000
3485000 22 8.18182 40 106 202 0.77273 77 3.45455
3490000 18 10.05556 41 105 211 1.00000 76 4.16667
3495000 18 9.61111 40 109 207 0.94444 76 4.22222
3500000 19 9.57895 42 107 209 0.94737 77 4.00000
3505000 23 8.26087 39 109 216 0.86957 75 3.26087
3510000 24 8.33333 38 102 221 0.91667 77 3.16667
3515000 24 8.33333 39 109 222 0.79167 78 3.20833
3520000 20 9.55000 38 102 216 0.85000 77 3.80000
3525000 22 8.59091 38 107 222 0.86364 77 3.36364
3530000 21 9.23810 43 103 221 0.95238 77 3.57143
3535000 23 8.47826 43 94 210 0.82609 73 3.17391
3540000 19 10.31579 46 99 218 0.94737 75 3.94737
3545000 19 10.05263 41 108 220 0.94737 77 3.94737
3550000 23 9.30435 42 104 233 0.82609 77 3.30435
3555000 24 8.95833 38 96 239 0.87500 78 3.20833
3560000 22 9.18182 37 107 227 0.86364 78 3.40909
3565000 21 10.14286 44 113 232 0.90476 79 3.66667
3570000 25 8.92000 43 100 240 0.80000 78 3.04000
3575000 28 8.14286 45 104 229 0.71429 77 2.71429
3580000 20 10.40000 43 116 234 0.90000 78 3.80000
3585000 23 9.39130 42 96 247 0.91304 78 3.34783
3590000 21 9.90476 42 102 227 0.85714 78 3.71429
3595000 18 11.33333 39 108 228 0.94444 78 4.27778
3600000 16 12.12500 38 106 217 0.87500 76 4.68750
3605000 17 11.35294 39 109 228 0.88235 78 4.52941
3610000 23 8.95652 38 101 229 0.86957 79 3.39130
3615000 17 10.82353 33 122 210 0.94118 79 4.47059
3620000 19 9.63158 31 107 204 0.84211 78 4.05263
3625000 19 9.94737 33 107 215 0.94737 78 4.05263
3630000 22 8.68182 33 96 212 0.86364 78 3.50000
3635000 19 10.84211 37 90 223 0.78947 78 4.00000
3640000 25 8.36000 34 91 224 0.72000 76 3.04000
3645000 22 9.59091 34 95 221 0.77273 75 3.40909
3650000 18 10.88889 33 101 217 0.88889 77 4.22222
3655000 16 12.25000 31 102 222 0.93750 76 4.62500
3660000 18 11.16667 35 99 222 0.83333 74 4.05556
3665000 19 11.26316 36 106 238 0.89474 75 3.89474
3670000 17 12.41176 40 110 251 0.94118 78 4.41176
3675000 16 12.81250 44 102 232 0.87500 78 4.62500
3680000 19 11.05263 43 100 234 0.89474 80 4.10526
3685000 23 9.21739 41 87 223 0.73913 79 3.39130
3690000 22 8.95455 35 91 209 0.77273 80 3.54545
3695000 21 8.90476 28 111 205 0.76190 77 3.66667
3700000 20 9.40000 32 113 212 0.85000 78 3.85000
3705000 19 9.57895 39 115 215 0.89474 77 3.94737
3710000 26 7.53846 40 95 206 0.73077 76 2.92308
3715000 21 8.38095 34 101 207 0.85714 77 3.52381
3720000 26 7.19231 33 94 198 0.76923 76 2.88462
3725000 25 7.00000 31 100 188 0.76000 75 3.00000
3730000 29 6.37931 32 103 189 0.75862 76 2.58621
3735000 26 6.84615 32 107 200 0.76923 79 2.88462
3740000 23 8.17391 35 106 214 0.86957 78 3.21739
3745000 23 8.17391 32 107 213 0.91304 80 3.26087
3750000 19 9.78947 37 118 219 1.00000 77 3.84211
3755000 26 8.23077 38 109 246 0.88462 79 2.80769
3760000 23 9.13043 39 117 243 0.82609 74 3.17391
3765000 25 8.40000 38 110 241 0.84000 76 3.00000
3770000 26 7.92308 36 115 239 0.92308 77 2.96154
3775000 25 8.24000 36 114 229 0.80000 77 3.04000
3780000 28 7.53571 36 102 229 0.78571 78 2.71429
3785000 22 9.00000 34 117 227 0.90909 78 3.50000
3790000 23 9.00000 35 116 220 0.82609 77 3.30435
3795000 25 8.16000 36 113 220 0.72000 74 2.92000
3800000 22 9.63636 40 113 236 0.77273 76 3.27273
3805000 27 7.70370 38 121 224 0.81481 77 2.74074
3810000 23 8.43478 40 118 228 0.86957 76 3.17391
3815000 20 10.15000 45 104 227 0.90000 75 3.70000
3820000 22 9.54545 41 100 227 0.86364 77 3.36364
3825000 21 9.85714 44 107 228 0.95238 76 3.52381
3830000 27 8.07407 44 101 231 0.74074 75 2.70370
3835000 23 9.04348 43 110 228 0.82609 77 3.21739
3840000 24 8.66667 47 114 239 0.91667 77 3.12500
3845000 24 8.70833 49 109 244 0.87500 78 3.08333
3850000 26 8.42308 46 100 238 0.88462 78 2.92308
3855000 26 7.96154 40 102 226 0.84615 78 2.88462
3860000 20 9.65000 40 108 215 0.95000 77 3.80000
3865000 20 9.60000 38 108 223 1.00000 77 3.75000
3870000 23 8.13043 36 102 214 0.91304 78 3.30435
3875000 25 7.80000 37 102 216 0.84000 78 3.04000
3880000 26 7.26923 35 103 216 0.80769 77 2.88462
3885000 27 7.25926 37 101 207 0.81481 76 2.74074
3890000 22 8.68182 43 105 213 0.90909 75 3.36364
3895000 24 8.29167 43 102 228 0.87500 78 3.20833
3900000 22 8.90909 42 107 219 0.86364 77 3.45455
3905000 24 8.12500 42 108 219 0.87500 79 3.20833
3910000 23 8.04348 43 95 201 0.91304 79 3.43478
3915000 26 7.30769 42 99 215 0.92308 80 3.03846
3920000 23 8.39130 46 98 217 0.95652 80 3.34783
3925000 20 9.15000 46 96 208 0.85000 80 3.85000
3930000 20 8.95000 48 107 211 0.95000 80 3.90000
3935000 23 8.26087 50 104 215 0.95652 81 3.43478
3940000 25 7.80000 45 97 207 0.88000 80 3.20000
3945000 32 6.31250 47 97 219 0.87500 81 2.53125
3950000 25 7.64000 50 104 215 0.92000 78 3.12000
3955000 21 9.04762 51 108 218 0.95238 78 3.61905
3960000 24 8.16667 50 101 220 0.83333 79 3.20833
3965000 21 8.57143 47 99 205 0.90476 79 3.71429
3970000 21 7.66667 48 111 188 0.90476 78 3.71429
3975000 24 7.12500 45 108 193 0.87500 79 3.20833
3980000 21 8.61905 50 108 212 0.95238 77 3.61905
3985000 27 7.40741 51 92 212 0.81481 77 2.85185
3990000 26 7.19231 41 113 206 0.80769 78 3.00000
3995000 24 7.29167 37 107 204 0.95833 78 3.25000
4000000 25 7.28000 35 112 208 0.88000 78 3.08000
4005000 26 7.23077 41 106 204 0.80769 79 2.96154
4010000 24 7.66667 39 98 201 0.91667 79 3.20833
4015000 23 8.52174 47 97 226 0.91304 80 3.39130
4020000 23 8.78261 49 105 228 0.86957 78 3.39130
4025000 23 9.21739 55 94 241 0.95652 79 3.34783
4030000 21 10.00000 55 93 234 1.00000 80 3.76190
4035000 21 9.80952 49 90 228 0.95238 80 3.71429
4040000 22 8.90909 43 105 229 0.81818 77 3.36364
4045000 24 8.45833 42 106 227 0.79167 77 3.12500
4050000 22 9.18182 44 103 225 0.90909 78 3.45455
4055000 23 8.52174 36 103 217 0.86957 77 3.26087
4060000 24 8.00000 36 96 219 0.95833 77 3.12500
4065000 23 8.78261 40 94 222 0.86957 76 3.26087
4070000 22 9.09091 39 93 228 0.95455 76 3.40909
4075000 23 8.73913 39 89 218 0.91304 77 3.17391
4080000 23 8.65217 34 102 220 0.82609 78 3.21739
4085000 22 9.13636 34 97 230 0.90909 80 3.50000
4090000 23 9.08696 45 102 231 0.86957 80 3.34783
4095000 23 8.91304 43 97 224 0.78261 77 3.26087
4100000 23 8.47826 40 107 217 0.73913 78 3.34783
4105000 20 9.90000 42 108 215 0.90000 77 3.85000
4110000 22 8.77273 41 118 215 0.86364 79 3.59091
4115000 24 8.37500 38 112 218 0.83333 78 3.20833
4120000 23 8.73913 35 124 234 0.82609 78 3.26087
4125000 26 7.88462 34 105 227 0.88462 76 2.88462
4130000 22 8.95455 35 114 221 0.86364 78 3.50000
4135000 22 8.81818 36 119 221 0.81818 78 3.45455
4140000 21 9.33333 32 113 221 0.90476 78 3.61905
4145000 21 9.57143 37 110 220 0.90476 81 3.76190
4150000 23 8.65217 38 110 221 0.73913 80 3.43478
4155000 20 9.95000 37 114 226 0.90000 80 3.90000
4160000 21 9.33333 33 130 228 0.85714 79 3.76190
4165000 20 10.20000 39 124 229 0.85000 79 3.90000
4170000 25 8.64000 41 119 229 0.76000 79 3.16000
4175000 23 9.47826 43 113 244 0.73913 80 3.43478
4180000 21 10.28571 45 115 245 0.90476 80 3.80952
4185000 19 11.63158 47 107 256 0.89474 80 4.15789
4190000 18 12.16667 49 112 247 0.94444 80 4.38889
4195000 17 12.05882 49 117 236 0.88235 80 4.58824
4200000 18 11.55556 52 119 236 0.88889 79 4.33333
4205000 24 9.29167 53 107 237 0.70833 79 3.29167
4210000 20 10.05000 52 121 224 0.75000 80 3.90000
4215000 20 10.00000 45 119 228 0.85000 80 3.90000
4220000 20 10.50000 48 107 239 0.80000 81 4.00000
4225000 17 11.76471 50 111 228 1.00000 79 4.64706
4230000 21 9.66667 52 108 223 0.80952 79 3.76190
4235000 21 9.52381 54 111 221 0.80952 80 3.76190
4240000 22 9.18182 55 125 230 0.81818 78 3.50000
4245000 22 9.27273 52 112 228 0.77273 80 3.54545
4250000 19 10.15789 48 120 226 0.89474 80 4.10526
4255000 26 8.19231 46 111 226 0.84615 80 3.03846
4260000 27 8.07407 46 103 235 0.70370 80 2.88889
4265000 20 9.95000 44 109 222 0.85000 79 3.90000
4270000 20 9.55000 42 108 203 0.85000 78 3.80000
4275000 19 9.84211 40 107 211 0.94737 80 4.15789
4280000 24 8.37500 43 93 222 0.91667 80 3.33333
4285000 18 10.11111 38 115 209 0.77778 79 4.27778
4290000 20 9.15000 41 101 205 0.90000 78 3.90000
4295000 18 9.66667 43 107 205 0.88889 78 4.27778
4300000 19 9.31579 38 103 191 0.84211 80 4.00000
4305000 22 8.13636 38 107 201 0.77273 80 3.59091
4310000 24 7.79167 44 88 207 0.83333 78 3.25000
4315000 20 9.15000 44 100 206 0.80000 77 3.75000
4320000 18 9.94444 43 119 210 0.88889 77 4.16667
4325000 20 9.30000 53 115 217 0.75000 75 3.70000
4330000 20 9.75000 54 103 218 0.80000 78 3.80000
4335000 20 9.70000 51 106 216 0.80000 76 3.75000
4340000 17 11.11765 51 116 217 0.88235 76 4.41176
4345000 20 9.70000 49 111 214 0.80000 78 3.75000
4350000 19 10.00000 45 106 214 0.84211 77 4.00000
4355000 16 11.56250 44 115 206 0.87500 78 4.68750
4360000 15 12.46667 43 108 214 1.00000 77 5.00000
4365000 18 11.16667 49 109 223 0.77778 80 4.22222
4370000 17 11.76471 47 108 233 0.88235 79 4.47059
4375000 20 10.55000 48 99 240 0.85000 78 3.75000
4380000 21 9.85714 48 106 226 0.80952 78 3.66667
4385000 20 10.20000 44 107 236 0.90000 81 3.90000
4390000 21 10.23810 47 93 232 0.85714 79 3.71429
4395000 20 11.05000 51 98 238 0.85000 78 3.90000
4400000 19 11.73684 54 105 247 0.89474 80 4.15789
4405000 18 12.11111 51 109 250 0.88889 78 4.16667
4410000 21 10.57143 52 102 242 0.80952 78 3.71429
4415000 17 12.47059 44 100 246 1.00000 79 4.58824
4420000 17 11.94118 40 102 220 0.82353 77 4.47059
4425000 21 9.00000 34 106 212 0.85714 77 3.66667
4430000 24 8.29167 34 100 208 0.75000 75 3.12500
4435000 26 7.42308 32 92 197 0.73077 75 2.88462
4440000 20 9.00000 29 114 197 0.90000 77 3.75000
4445000 22 7.81818 30 126 198 0.81818 77 3.50000
4450000 25 7.04000 29 114 189 0.84000 78 3.08000
4455000 27 6.48148 33 117 193 0.77778 76 2.77778
4460000 23 7.69565 39 124 203 0.86957 78 3.34783
4465000 24 7.58333 36 116 197 0.75000 77 3.20833
4470000 19 8.94737 28 121 205 0.94737 79 4.00000
4475000 22 8.40909 36 116 214 0.86364 78 3.50000
4480000 27 7.11111 32 111 208 0.81481 78 2.88889
4485000 23 8.26087 36 118 218 0.86957 77 3.34783
4490000 22 8.22727 35 107 201 0.81818 76 3.45455
4495000 20 8.85000 38 121 209 0.95000 76 3.80000
4500000 22 8.54545 38 120 211 0.86364 78 3.54545
4505000 24 8.83333 37 98 227 0.79167 79 3.20833
4510000 22 9.04545 35 104 219 0.86364 78 3.54545
4515000 21 9.52381 40 104 226 0.80952 77 3.61905
4520000 21 9.57143 40 104 221 0.71429 79 3.66667
4525000 23 8.69565 39 99 208 0.82609 79 3.34783
4530000 21 8.71429 35 116 207 0.80952 78 3.61905
4535000 25 8.12000 34 93 227 0.84000 78 3.04000
4540000 23 8.69565 33 102 228 0.73913 76 3.17391
4545000 22 8.72727 33 99 220 0.86364 76 3.36364
4550000 23 8.17391 30 103 208 0.78261 76 3.21739
4555000 24 8.16667 29 109 223 0.83333 77 3.12500
4560000 20 9.35000 31 110 212 0.95000 76 3.80000
4565000 22 8.81818 33 107 216 0.86364 75 3.40909
4570000 22 8.90909 37 108 223 0.90909 78 3.40909
4575000 20 9.60000 34 114 223 0.90000 78 3.75000
4580000 23 8.21739 33 108 201 0.78261 79 3.39130
4585000 26 7.57692 36 113 222 0.76923 78 3.00000
4590000 27 7.14815 37 115 216 0.85185 78 2.88889
4595000 22 8.00000 31 130 208 0.90909 77 3.40909
4600000 24 7.54167 34 122 215 1.00000 79 3.08333
4605000 22 8.31818 39 121 204 0.81818 79 3.40909
4610000 26 7.30769 39 111 204 0.80769 78 2.96154
4615000 19 9.42105 39 118 211 0.84211 79 4.10526
4620000 19 9.94737 42 110 212 0.89474 79 4.10526
4625000 21 9.00000 39 114 210 0.80952 78 3.71429
4630000 25 8.00000 38 100 224 0.88000 78 3.12000
4635000 23 8.39130 35 95 206 0.82609 77 3.34783
4640000 20 9.35000 34 98 211 0.95000 77 3.85000
4645000 21 8.71429 30 99 209 0.90476 77 3.61905
4650000 23 7.91304 33 93 192 0.82609 78 3.34783
4655000 21 8.71429 34 99 208 0.95238 77 3.66667
4660000 22 8.36364 34 109 206 0.81818 77 3.40909
4665000 22 8.45455 33 99 202 0.86364 78 3.54545
4670000 21 8.71429 27 102 211 0.90476 78 3.66667
4675000 21 8.57143 30 101 211 0.85714 79 3.71429
4680000 20 9.15000 33 99 206 0.90000 80 3.90000
4685000 22 8.68182 34 99 214 0.72727 80 3.59091
4690000 20 9.55000 34 105 225 0.85000 80 3.95000
4695000 23 8.17391 30 101 206 0.78261 80 3.43478
4700000 25 7.96000 35 88 210 0.68000 80 3.20000
4705000 21 8.47619 34 105 204 0.90476 79 3.71429
4710000 16 11.00000 36 114 204 1.00000 79 4.93750
4715000 18 10.38889 36 108 209 0.88889 78 4.27778
4720000 20 9.50000 33 108 211 0.85000 77 3.85000
4725000 21 9.52381 34 105 218 0.85714 77 3.66667
4730000 19 10.52632 32 109 224 0.89474 77 4.00000
4735000 23 8.91304 33 107 222 0.73913 78 3.39130
4740000 22 9.04545 32 115 220 0.77273 81 3.63636
4745000 21 8.95238 31 117 216 0.80952 80 3.80952
4750000 21 9.14286 35 121 223 0.90476 80 3.80952
4755000 19 9.89474 39 124 216 0.89474 80 4.05263
4760000 25 7.88000 33 112 214 0.80000 79 3.08000
4765000 20 9.35000 34 125 221 0.90000 78 3.85000
4770000 25 7.92000 32 120 215 0.72000 78 3.08000
4775000 24 8.20833 34 116 217 0.70833 77 3.16667
4780000 25 8.24000 33 102 228 0.88000 78 3.08000
4785000 24 8.25000 37 102 218 0.83333 79 3.25000
4790000 19 10.36842 43 111 217 0.89474 80 4.15789
4795000 23 8.82609 43 109 225 0.78261 77 3.34783
4800000 21 8.95238 38 107 209 0.85714 78 3.66667
4805000 18 10.61111 36 103 213 0.88889 77 4.27778
4810000 21 9.28571 36 102 213 0.76190 78 3.66667
4815000 18 10.50000 36 113 212 0.77778 79 4.33333
4820000 19 10.00000 32 108 209 0.89474 78 4.10526
4825000 15 12.73333 40 115 226 1.00000 79 5.20000
4830000 18 11.16667 41 113 233 0.88889 79 4.33333
4835000 22 9.18182 35 102 225 0.81818 79 3.54545
4840000 25 8.08000 33 102 223 0.84000 78 3.12000
4845000 24 8.87500 36 103 230 0.79167 78 3.25000
4850000 21 9.42857 37 107 220 0.85714 78 3.66667
4855000 21 9.61905 35 106 221 0.95238 79 3.71429
4860000 22 9.22727 34 94 230 0.86364 79 3.59091
4865000 18 10.38889 32 100 210 0.94444 78 4.33333
4870000 23 8.69565 36 95 211 0.73913 77 3.30435
4875000 19 9.73684 37 97 206 0.89474 76 4.00000
4880000 21 8.90476 39 97 204 0.90476 78 3.61905
4885000 22 8.18182 38 98 205 0.86364 79 3.45455
4890000 23 8.04348 38 106 199 0.69565 78 3.30435
4895000 20 9.15000 36 112 207 0.85000 77 3.80000
4900000 21 8.61905 36 115 209 0.85714 79 3.61905
4905000 20 9.30000 45 108 216 0.80000 79 3.85000
4910000 20 8.45000 39 103 195 0.85000 79 3.80000
4915000 22 8.22727 35 93 201 0.86364 76 3.36364
4920000 21 8.57143 32 102 197 0.80952 77 3.52381
4925000 19 9.05263 31 105 202 0.78947 75 3.84211
4930000 21 8.28571 32 108 192 0.76190 76 3.47619
4935000 26 7.38462 31 97 212 0.88462 76 2.92308
4940000 26 7.50000 30 100 213 0.80769 78 2.96154
4945000 22 9.00000 36 105 218 0.95455 77 3.50000
4950000 16 11.12500 34 116 216 1.00000 79 4.62500
4955000 20 9.35000 34 98 221 0.95000 77 3.70000
4960000 17 10.11765 33 108 198 0.88235 75 4.35294
4965000 20 8.55000 32 102 191 0.85000 74 3.65000
4970000 23 7.73913 35 95 201 0.73913 78 3.30435
4975000 19 9.00000 33 95 192 0.89474 77 3.94737
4980000 17 10.11765 31 105 199 0.94118 76 4.35294
4985000 18 9.83333 32 105 207 0.94444 77 4.05556
4990000 18 9.11111 28 119 198 1.00000 79 4.16667
4995000 24 7.62500 30 105 194 0.70833 77 3.12500
5000000 21 7.90476 28 110 190 0.80952 76 3.42857
5005000 24 6.66667 26 122 195 0.87500 77 3.08333
5010000 25 7.00000 30 110 195 0.80000 78 2.96000
5015000 20 8.35000 33 107 207 1.00000 80 3.75000
5020000 22 7.45455 33 103 197 0.95455 78 3.45455
5025000 25 7.12000 36 88 187 0.80000 77 3.04000
5030000 21 7.95238 39 101 190 0.90476 78 3.66667
5035000 26 7.19231 39 89 207 0.80769 78 2.96154
5040000 23 7.73913 43 94 200 0.86957 80 3.39130
5045000 18 9.44444 38 104 205 0.94444 77 4.22222
5050000 22 8.45455 40 99 207 0.86364 80 3.63636
5055000 22 8.36364 40 109 199 0.81818 79 3.54545
5060000 25 7.60000 38 108 205 0.76000 79 3.12000
5065000 19 10.31579 39 111 219 0.94737 79 4.15789
5070000 19 10.05263 38 102 219 0.89474 79 4.10526
5075000 19 9.94737 38 101 213 0.94737 78 4.05263
5080000 21 9.33333 35 94 215 0.76190 78 3.57143
5085000 21 9.47619 36 95 219 0.85714 76 3.57143
5090000 19 10.31579 37 99 221 0.89474 77 4.05263
5095000 18 10.50000 35 103 219 0.94444 77 4.22222
5100000 21 9.66667 31 94 224 0.95238 79 3.66667
5105000 21 9.19048 30 100 213 0.90476 77 3.66667
5110000 22 8.95455 28 101 234 0.95455 78 3.54545
5115000 19 10.26316 34 108 228 0.94737 77 4.00000
5120000 22 8.81818 34 108 217 0.95455 78 3.45455
5125000 21 9.61905 35 101 238 0.95238 78 3.66667
5130000 23 9.08696 33 103 233 0.82609 76 3.30435
5135000 24 8.58333 34 97 229 0.83333 77 3.20833
5140000 23 8.65217 36 88 223 0.86957 79 3.43478
5145000 20 9.70000 41 102 222 0.90000 80 3.95000
5150000 17 10.88235 37 104 214 0.88235 79 4.52941
5155000 18 10.55556 35 100 214 0.94444 79 4.27778
5160000 19 10.05263 35 106 217 0.78947 79 4.05263
5165000 25 8.24000 35 97 219 0.72000 77 3.04000
5170000 23 8.17391 29 108 214 0.78261 79 3.34783
5175000 18 10.22222 35 90 212 0.88889 76 4.16667
5180000 19 9.42105 31 84 203 0.84211 75 3.94737
5185000 16 10.93750 28 107 210 0.93750 76 4.68750
5190000 22 8.63636 28 103 218 0.86364 77 3.45455
5195000 19 9.89474 27 105 214 0.94737 78 4.05263
5200000 17 10.82353 30 112 209 0.88235 80 4.47059
5205000 20 9.50000 30 101 215 0.90000 77 3.80000
5210000 23 8.34783 31 97 221 0.91304 78 3.30435
5215000 22 8.90909 31 101 219 0.86364 79 3.45455
5220000 23 8.21739 25 96 213 0.82609 80 3.34783
5225000 18 10.33333 25 95 212 0.94444 78 4.27778
5230000 20 9.80000 24 90 220 0.95000 79 3.90000
5235000 20 9.70000 27 102 217 0.90000 77 3.85000
5240000 22 9.22727 32 102 221 0.86364 79 3.54545
5245000 20 10.25000 37 100 234 0.95000 80 3.95000
5250000 19 10.84211 43 95 230 0.94737 79 4.10526
5255000 20 9.95000 42 97 219 0.90000 78 3.90000
5260000 20 9.60000 41 92 215 0.90000 78 3.90000
5265000 19 9.47368 38 106 202 0.94737 78 4.10526
5270000 18 9.44444 34 111 200 0.88889 79 4.38889
5275000 18 9.61111 38 107 201 0.88889 81 4.33333
5280000 19 9.21053 40 99 195 0.89474 79 4.05263
5285000 21 8.42857 40 105 214 0.85714 80 3.76190
5290000 22 8.45455 39 102 208 0.81818 80 3.54545
5295000 23 7.52174 38 118 192 0.82609 78 3.39130
5300000 25 7.40000 35 109 201 0.80000 78 3.12000
5305000 18 9.50000 35 116 198 1.00000 78 4.27778
5310000 17 10.35294 38 105 213 1.00000 79 4.58824
5315000 18 10.44444 41 100 213 0.94444 78 4.22222
5320000 24 8.62500 45 87 219 0.75000 76 3.16667
5325000 17 11.47059 42 104 226 0.88235 78 4.52941
5330000 19 10.36842 39 114 221 0.78947 77 4.00000
5335000 22 9.31818 41 105 217 0.72727 78 3.45455
5340000 26 7.96154 39 113 222 0.69231 78 2.96154
5345000 20 9.55000 41 122 218 0.85000 77 3.85000
5350000 22 8.54545 36 112 201 0.68182 78 3.50000
5355000 21 8.71429 36 115 211 0.95238 78 3.66667
5360000 22 8.72727 36 114 213 0.81818 77 3.50000
5365000 17 10.82353 37 126 218 0.94118 78 4.47059
5370000 20 9.90000 39 113 215 0.80000 78 3.85000
5375000 20 9.55000 38 112 211 0.95000 78 3.85000
5380000 22 8.95455 41 109 217 0.68182 79 3.45455
5385000 21 9.04762 40 115 213 0.80952 78 3.61905
5390000 17 10.64706 41 110 207 0.94118 79 4.58824
5395000 21 9.52381 48 109 213 0.80952 78 3.66667
5400000 18 10.77778 45 103 218 0.94444 80 4.38889
5405000 21 9.71429 46 96 222 0.90476 80 3.71429
5410000 20 10.30000 47 93 229 0.95000 81 4.00000
5415000 24 8.70833 47 93 232 0.75000 80 3.29167
5420000 17 11.17647 47 101 217 0.94118 81 4.70588
5425000 22 9.04545 45 79 215 0.81818 79 3.59091
5430000 20 9.70000 41 94 214 0.85000 79 3.95000
5435000 21 9.47619 41 84 214 0.80952 78 3.71429
5440000 16 11.25000 38 116 205 0.93750 77 4.75000
5445000 21 9.28571 39 112 217 0.90476 78 3.66667
5450000 19 9.57895 38 117 206 0.84211 79 4.05263
5455000 23 8.21739 35 117 222 0.86957 79 3.43478
5460000 21 8.76190 33 119 210 0.80952 75 3.52381
5465000 20 9.45000 36 111 218 0.85000 74 3.65000
5470000 21 8.90476 36 115 208 0.80952 77 3.57143
5475000 22 8.31818 33 116 212 0.86364 77 3.45455
5480000 23 8.26087 33 115 220 0.86957 77 3.30435
5485000 22 8.68182 31 98 215 0.90909 77 3.45455
5490000 20 9.70000 33 105 216 0.90000 75 3.70000
5495000 19 10.05263 35 101 210 0.84211 78 3.84211
5500000 18 10.61111 34 95 219 0.88889 77 4.22222
5505000 21 9.23810 33 103 219 0.80952 75 3.57143
5510000 20 9.45000 32 105 219 0.85000 77 3.80000
5515000 20 9.10000 30 103 210 0.90000 76 3.75000
5520000 20 9.45000 27 102 214 0.85000 76 3.70000
5525000 19 9.89474 29 102 205 0.78947 76 4.00000
5530000 20 9.85000 28 101 213 0.80000 79 3.85000
5535000 17 11.17647 29 102 218 0.88235 78 4.35294
5540000 20 9.75000 32 94 216 0.80000 77 3.85000
5545000 19 10.05263 33 102 213 0.89474 79 4.00000
5550000 20 9.10000 33 110 207 0.85000 79 3.80000
5555000 18 10.38889 29 98 211 0.94444 79 4.27778
5560000 19 9.68421 29 106 207 0.89474 79 4.10526
5565000 18 10.22222 34 113 203 0.83333 79 4.16667
5570000 22 9.18182 37 109 224 0.77273 79 3.54545
5575000 21 9.66667 38 119 223 0.90476 80 3.71429
5580000 21 10.19048 42 110 232 0.95238 80 3.76190
5585000 21 9.95238 41 112 233 0.85714 79 3.76190
5590000 24 8.91667 39 100 234 0.79167 80 3.29167
5595000 25 8.32000 36 102 227 0.80000 80 3.12000
5600000 20 9.75000 35 119 221 0.85000 80 3.95000
5605000 25 8.20000 34 107 225 0.84000 77 3.04000
5610000 21 9.33333 30 120 223 0.71429 78 3.66667
5615000 23 8.52174 28 120 218 0.82609 79 3.34783
5620000 20 9.15000 29 122 207 0.80000 78 3.90000
5625000 26 7.61538 25 103 215 0.92308 78 3.00000
5630000 17 10.88235 23 117 218 0.94118 78 4.52941
5635000 18 10.05556 24 127 215 1.00000 78 4.33333
5640000 20 9.15000 23 120 213 0.80000 76 3.70000
5645000 22 8.86364 23 111 223 0.81818 77 3.45455
5650000 19 9.89474 23 116 214 0.89474 78 4.05263
5655000 20 9.30000 23 108 208 0.85000 77 3.80000
5660000 26 7.03846 21 104 206 0.80769 78 3.00000
5665000 17 9.88235 24 115 199 0.94118 77 4.52941
5670000 24 7.62500 24 107 205 0.75000 75 3.08333
5675000 18 9.72222 29 103 205 0.94444 75 4.00000
5680000 20 9.20000 31 92 203 0.80000 75 3.75000
5685000 20 9.25000 32 94 208 0.85000 76 3.75000
5690000 22 8.36364 28 105 203 0.81818 76 3.36364
5695000 21 8.80952 26 109 212 0.80952 79 3.57143
5700000 19 10.10526 26 103 217 0.84211 77 3.94737
5705000 22 8.50000 25 105 207 0.86364 78 3.45455
5710000 23 8.43478 31 102 218 0.82609 78 3.34783
5715000 20 9.35000 28 101 211 0.90000 79 3.85000
5720000 22 8.40909 29 103 211 0.86364 78 3.45455
5725000 20 9.25000 29 116 217 0.85000 78 3.85000
5730000 22 8.95455 31 107 223 0.86364 78 3.54545
5735000 19 9.84211 32 107 212 0.89474 77 4.05263
5740000 24 8.00000 30 107 207 0.75000 77 3.20833
5745000 22 8.22727 28 121 211 0.86364 78 3.50000
5750000 24 8.12500 32 102 220 0.83333 79 3.16667
5755000 25 7.84000 36 104 209 0.76000 77 3.08000
5760000 24 8.20833 36 114 214 0.83333 77 3.20833
5765000 22 8.77273 35 120 219 0.81818 78 3.45455
5770000 23 8.52174 32 114 220 0.82609 78 3.30435
5775000 25 8.32000 34 114 230 0.84000 79 3.12000
5780000 21 9.71429 38 115 231 0.90476 79 3.66667
5785000 21 9.28571 42 117 234 0.95238 80 3.66667
5790000 21 9.57143 43 109 241 0.90476 78 3.61905
5795000 24 8.95833 43 100 232 0.87500 79 3.25000
5800000 22 9.68182 44 98 237 0.90909 80 3.63636
5805000 23 9.43478 44 92 228 0.86957 79 3.43478
5810000 20 10.55000 43 96 238 0.90000 80 3.95000
5815000 20 10.30000 42 99 222 0.95000 79 3.90000
5820000 20 9.60000 37 96 213 0.90000 79 3.90000
5825000 22 9.04545 36 87 210 0.81818 79 3.54545
5830000 18 10.50000 32 97 211 0.88889 81 4.27778
5835000 18 9.94444 40 103 208 0.88889 79 4.22222
5840000 16 10.68750 40 113 206 0.93750 76 4.62500
5845000 21 8.66667 42 110 207 0.90476 77 3.52381
5850000 17 10.17647 40 118 208 0.94118 78 4.35294
5855000 20 8.95000 44 106 201 0.80000 77 3.75000
5860000 20 9.05000 48 105 203 0.85000 77 3.80000
5865000 20 9.15000 46 101 207 0.90000 78 3.85000
5870000 21 8.80952 46 111 207 0.80952 79 3.71429
5875000 19 9.47368 42 123 204 0.73684 79 3.94737
5880000 23 8.39130 41 116 211 0.82609 79 3.39130
5885000 19 10.42105 43 112 231 0.94737 79 4.10526
5890000 21 9.80952 46 106 233 0.90476 79 3.71429
5895000 18 11.16667 44 112 229 0.88889 80 4.38889
5900000 23 9.13043 49 105 232 0.82609 79 3.43478
5905000 23 8.73913 47 118 224 0.78261 79 3.39130
5910000 23 8.69565 46 129 230 0.73913 79 3.39130
5915000 25 8.36000 46 125 219 0.64000 79 3.12000
5920000 26 8.57692 47 119 243 0.69231 79 2.96154
5925000 24 8.91667 49 118 226 0.79167 79 3.25000
5930000 19 10.94737 52 122 241 0.84211 78 4.05263
5935000 18 10.50000 45 120 223 0.94444 80 4.33333
5940000 16 11.75000 42 114 227 1.00000 78 4.81250
5945000 25 8.32000 39 101 222 0.80000 77 3.08000
5950000 22 9.09091 42 113 223 0.90909 77 3.50000
5955000 22 9.09091 44 112 233 1.00000 79 3.50000
5960000 22 9.13636 48 118 228 0.81818 80 3.59091
5965000 23 8.47826 47 118 232 0.95652 80 3.39130
5970000 25 7.96000 43 103 213 0.72000 79 3.04000
5975000 23 8.30435 37 115 209 0.78261 79 3.34783
5980000 20 9.60000 43 122 215 0.80000 76 3.80000
5985000 17 10.76471 42 120 216 1.00000 75 4.35294
5990000 21 9.47619 47 105 208 0.85714 75 3.57143
5995000 18 10.11111 41 122 220 1.00000 76 4.16667
6000000 24 8.16667 42 104 225 0.83333 80 3.16667
6005000 21 8.90476 37 107 198 0.80952 77 3.61905
6010000 20 9.10000 40 123 206 0.80000 76 3.75000
6015000 17 10.64706 41 116 227 0.94118 77 4.41176
6020000 20 9.85000 43 112 228 0.85000 78 3.85000
6025000 21 9.19048 36 106 217 0.80952 76 3.52381
6030000 20 9.05000 35 115 207 0.75000 75 3.60000
6035000 23 7.69565 30 106 195 0.82609 76 3.17391
6040000 22 7.81818 29 115 196 0.90909 77 3.40909
6045000 18 9.77778 34 119 209 0.88889 77 4.11111
6050000 19 10.00000 34 110 223 0.78947 77 3.89474
6055000 24 8.50000 38 117 230 0.87500 79 3.25000
6060000 24 8.25000 38 123 234 0.79167 79 3.25000
6065000 21 9.42857 43 117 225 0.85714 80 3.71429
6070000 23 8.65217 44 107 223 0.95652 77 3.34783
6075000 21 9.00000 41 112 214 0.76190 78 3.66667
6080000 25 7.92000 41 109 210 0.68000 77 3.08000
6085000 23 8.56522 43 118 226 0.82609 79 3.30435
6090000 25 7.52000 41 113 213 0.84000 80 3.16000
6095000 25 7.40000 39 113 215 0.92000 78 3.12000
6100000 26 7.38462 38 104 206 0.76923 77 2.92308
6105000 24 8.20833 40 108 212 0.83333 77 3.16667
6110000 21 9.19048 34 108 213 0.85714 77 3.61905
6115000 20 9.80000 33 108 222 0.95000 79 3.85000
6120000 22 8.77273 35 101 207 0.81818 80 3.59091
6125000 23 8.52174 34 94 213 0.78261 79 3.39130
6130000 24 8.12500 33 103 208 0.79167 80 3.29167
6135000 23 8.34783 31 102 211 0.73913 78 3.30435
6140000 24 8.00000 31 103 209 0.75000 79 3.16667
6145000 20 9.30000 33 108 212 0.85000 78 3.85000
6150000 22 8.63636 33 107 215 0.86364 77 3.50000
6155000 22 8.45455 29 101 207 0.81818 78 3.54545
6160000 20 8.85000 27 109 207 0.85000 78 3.85000
6165000 22 7.95455 25 123 200 0.77273 77 3.45455
6170000 22 8.72727 28 114 219 0.81818 78 3.54545
6175000 15 12.13333 33 116 218 1.00000 77 5.06667
6180000 18 10.61111 27 109 212 0.83333 77 4.16667
6185000 19 10.21053 27 114 221 0.89474 77 4.05263
6190000 19 10.42105 25 111 234 0.89474 77 3.84211
6195000 20 9.90000 24 110 238 1.00000 80 3.95000
6200000 20 10.20000 34 107 230 0.90000 80 4.00000
6205000 21 9.19048 34 114 223 0.85714 80 3.80952
6210000 19 10.31579 37 116 230 0.94737 80 4.15789
6215000 17 11.52941 36 119 226 0.82353 78 4.47059
6220000 20 10.55000 35 108 236 0.90000 79 3.85000
6225000 16 12.56250 37 102 237 0.87500 79 4.81250
6230000 17 11.76471 31 89 227 0.88235 79 4.58824
6235000 16 12.12500 33 104 218 0.87500 77 4.75000
6240000 15 13.46667 33 96 217 0.80000 75 5.00000
6245000 18 11.11111 32 106 222 0.83333 76 4.16667
6250000 15 12.46667 45 114 216 0.66667 77 4.93333
6255000 16 12.18750 46 97 212 0.81250 77 4.62500
6260000 17 11.00000 42 95 205 0.94118 77 4.52941
6265000 18 10.50000 42 100 214 0.83333 79 4.22222
6270000 21 9.09524 42 102 213 0.80952 80 3.66667
6275000 18 10.72222 42 111 216 0.83333 77 4.22222
6280000 21 9.57143 46 110 223 0.85714 79 3.66667
6285000 27 7.59259 42 102 213 0.66667 79 2.81481
6290000 18 10.55556 46 121 230 0.88889 79 4.38889
6295000 21 9.28571 47 107 221 0.71429 80 3.76190
6300000 19 10.10526 46 114 222 0.89474 79 4.05263
6305000 15 12.13333 50 114 216 0.80000 79 5.13333
6310000 17 10.88235 47 105 206 0.82353 79 4.47059
6315000 20 9.50000 45 96 213 0.80000 78 3.75000
6320000 18 9.72222 39 112 198 0.77778 78 4.22222
6325000 15 11.66667 40 113 211 1.00000 77 5.00000
6330000 22 8.59091 41 97 201 0.59091 75 3.36364
6335000 15 11.46667 38 113 198 0.86667 77 4.93333
6340000 16 10.81250 34 108 203 0.93750 78 4.75000
6345000 19 9.10526 35 111 193 0.84211 77 3.94737
6350000 19 9.00000 33 108 196 0.78947 78 3.94737
6355000 23 7.56522 33 112 210 0.82609 79 3.34783
6360000 23 8.30435 42 111 208 0.78261 80 3.39130
6365000 18 10.11111 40 126 221 0.88889 81 4.38889
6370000 21 9.23810 39 120 222 0.85714 79 3.76190
6375000 22 9.00000 43 118 214 0.77273 79 3.59091
6380000 20 9.80000 41 121 219 0.80000 78 3.90000
6385000 21 9.23810 42 120 217 0.95238 78 3.57143
6390000 20 9.80000 44 111 227 0.85000 79 3.80000
6395000 20 10.00000 48 107 229 0.85000 78 3.75000
6400000 21 9.23810 48 112 221 0.90476 79 3.71429
6405000 21 8.85714 45 120 213 0.71429 78 3.57143
6410000 21 8.66667 44 119 211 0.76190 79 3.66667
6415000 20 9.30000 48 112 210 0.85000 78 3.75000
6420000 21 9.23810 52 111 215 0.90476 79 3.61905
6425000 19 9.94737 50 114 212 0.84211 78 3.94737
6430000 22 8.59091 44 103 207 0.81818 77 3.50000
6435000 26 7.03846 37 105 205 0.73077 77 2.88462
6440000 22 8.13636 43 113 198 0.77273 80 3.59091
6445000 19 9.26316 45 123 209 0.84211 80 4.15789
6450000 23 8.08696 42 108 199 0.73913 80 3.47826
6455000 22 8.18182 41 116 206 0.81818 79 3.54545
6460000 21 8.57143 39 125 204 0.80952 80 3.80952
6465000 19 8.94737 40 126 203 0.78947 79 4.10526
6470000 21 8.28571 37 126 203 0.85714 79 3.76190
6475000 21 8.38095 40 119 209 0.80952 79 3.71429
6480000 24 7.87500 42 103 207 0.75000 79 3.25000
6485000 18 10.00000 40 111 207 0.88889 79 4.27778
6490000 21 8.80952 41 104 205 0.85714 78 3.71429
6495000 24 7.58333 40 118 210 0.79167 79 3.25000
6500000 17 10.23529 41 132 202 0.88235 77 4.41176
6505000 22 8.77273 41 114 220 0.90909 78 3.50000
6510000 19 9.57895 39 121 211 0.78947 77 3.94737
6515000 22 8.36364 40 123 212 0.77273 77 3.40909
6520000 24 8.37500 45 112 215 0.66667 77 3.12500
6525000 20 9.45000 46 122 224 0.85000 77 3.80000
6530000 24 8.37500 48 112 224 0.79167 78 3.16667
6535000 23 9.13043 47 110 236 0.91304 79 3.34783
6540000 21 9.28571 46 124 220 0.85714 80 3.61905
6545000 22 8.95455 44 114 223 0.77273 79 3.45455
6550000 23 8.39130 40 123 221 0.78261 79 3.43478
6555000 24 8.45833 40 111 219 0.75000 79 3.16667
6560000 17 10.64706 37 120 217 1.00000 81 4.52941
6565000 19 9.89474 41 100 209 0.89474 79 4.10526
6570000 19 9.36842 36 110 206 0.84211 78 4.10526
6575000 22 8.18182 32 102 198 0.86364 80 3.54545
6580000 19 9.10526 26 109 203 0.89474 80 4.05263
6585000 19 8.68421 24 118 201 0.84211 78 4.00000
6590000 19 8.57895 28 115 189 0.78947 76 3.94737
6595000 20 8.00000 27 111 178 0.80000 77 3.70000
6600000 17 9.47059 30 106 185 0.88235 78 4.52941
6605000 21 8.09524 30 106 192 1.00000 78 3.66667
6610000 22 7.72727 36 102 192 0.86364 79 3.59091
6615000 21 8.28571 41 116 190 0.80952 81 3.80952
6620000 19 8.89474 42 117 203 0.94737 80 4.10526
6625000 19 8.73684 41 126 191 0.84211 78 4.00000
6630000 19 9.47368 44 118 207 0.73684 78 4.00000
6635000 24 7.70833 42 108 206 0.75000 78 3.16667
6640000 17 9.88235 39 119 198 0.88235 78 4.52941
6645000 22 8.09091 40 115 191 0.72727 78 3.54545
6650000 20 8.70000 39 112 199 0.75000 77 3.80000
6655000 22 7.77273 42 109 196 0.95455 80 3.45455
6660000 18 8.38889 42 118 176 1.00000 77 4.16667
6665000 18 8.11111 42 111 179 0.88889 77 4.11111
6670000 19 7.94737 42 112 173 0.89474 76 3.94737
6675000 21 7.57143 45 117 187 0.76190 77 3.57143
6680000 21 8.33333 45 102 200 0.85714 76 3.57143
6685000 22 7.72727 47 106 189 0.77273 75 3.36364
6690000 21 8.33333 44 116 195 0.71429 75 3.52381
6695000 22 8.18182 42 113 196 0.77273 77 3.45455
6700000 31 6.48387 44 94 211 0.77419 78 2.48387
6705000 18 9.88889 40 113 213 0.94444 77 4.22222
6710000 23 7.91304 36 105 204 0.82609 78 3.34783
6715000 19 8.84211 35 106 190 0.84211 78 4.00000
6720000 22 7.77273 33 104 185 0.77273 79 3.40909
6725000 22 7.68182 32 113 198 0.90909 77 3.45455
6730000 26 7.30769 35 117 220 0.88462 78 2.96154
6735000 27 6.85185 32 118 223 0.96296 77 2.85185
6740000 25 7.04000 27 123 209 0.92000 78 3.12000
6745000 25 6.80000 30 120 195 0.80000 76 3.04000
6750000 23 7.52174 33 113 201 0.95652 76 3.30435
6755000 19 8.89474 32 117 212 0.94737 78 4.10526
6760000 20 8.95000 33 118 208 0.90000 77 3.85000
6765000 26 7.38462 34 110 205 0.69231 79 3.00000
6770000 21 8.95238 34 115 214 0.85714 79 3.76190
6775000 20 9.60000 38 106 214 0.95000 79 3.95000
6780000 26 7.88462 36 106 216 0.73077 78 2.92308
6785000 19 9.73684 34 119 214 0.84211 79 4.10526
6790000 18 10.22222 36 117 220 0.83333 81 4.33333
6795000 17 10.82353 37 127 221 0.94118 79 4.58824
6800000 16 11.75000 37 119 219 0.87500 79 4.87500
6805000 22 8.72727 33 110 209 0.77273 80 3.63636
6810000 19 9.84211 35 110 215 0.89474 79 4.15789
6815000 18 10.77778 35 104 215 0.94444 81 4.44444
6820000 24 8.62500 38 84 224 0.83333 81 3.37500
6825000 23 9.30435 42 82 232 0.82609 80 3.47826
6830000 17 11.47059 43 100 219 1.00000 80 4.70588
6835000 21 9.80952 39 93 231 0.90476 80 3.80952
6840000 20 9.65000 38 107 222 1.00000 81 4.00000
6845000 23 8.13043 34 102 204 0.82609 80 3.47826
6850000 19 9.47368 30 101 199 0.89474 80 4.21053
6855000 19 9.57895 33 105 197 0.89474 79 4.15789
6860000 19 9.78947 36 112 213 0.84211 77 4.05263
6865000 21 8.76190 36 116 211 0.80952 78 3.71429
6870000 17 10.52941 36 124 214 0.82353 78 4.47059
6875000 25 7.80000 34 111 219 0.76000 77 2.96000
6880000 19 9.15789 32 131 211 0.89474 78 3.89474
6885000 23 8.13043 35 119 212 0.78261 79 3.30435
6890000 26 7.53846 42 110 212 0.84615 80 2.96154
6895000 22 8.68182 40 110 221 0.86364 78 3.54545
6900000 16 11.81250 43 114 218 0.93750 78 4.87500
6905000 17 10.76471 41 113 213 0.82353 76 4.41176
6910000 18 9.66667 40 117 203 0.83333 77 4.27778
6915000 20 9.15000 42 106 197 0.85000 78 3.90000
6920000 20 9.35000 41 104 212 0.85000 79 3.95000
6925000 22 8.50000 40 113 210 0.72727 78 3.50000
6930000 17 10.64706 43 123 204 0.88235 80 4.64706
6935000 19 9.26316 41 130 198 0.84211 80 4.05263
6940000 22 8.50000 41 129 217 0.81818 76 3.45455
6945000 24 8.00000 41 119 211 0.70833 78 3.20833
6950000 22 8.40909 41 127 213 0.81818 78 3.50000
6955000 25 8.32000 46 114 227 0.76000 78 2.96000
6960000 24 8.25000 42 116 215 0.79167 78 3.16667
6965000 20 9.80000 42 110 217 0.85000 74 3.70000
6970000 22 8.90909 39 114 219 0.90909 76 3.40909
6975000 25 8.08000 39 114 229 0.84000 77 3.04000
6980000 21 9.09524 41 107 213 0.80952 75 3.57143
6985000 19 10.00000 46 104 207 0.84211 75 3.89474
6990000 20 9.85000 44 108 218 0.95000 77 3.85000
6995000 18 10.44444 39 109 220 0.94444 77 4.16667
7000000 23 8.39130 41 102 215 0.82609 78 3.39130
7005000 20 9.10000 36 117 207 0.85000 76 3.80000
7010000 25 7.32000 30 109 198 0.84000 77 3.00000
7015000 24 7.08333 28 121 192 0.83333 76 3.12500
7020000 28 6.53571 29 124 201 0.82143 78 2.78571
7025000 27 6.85185 28 115 201 0.74074 78 2.85185
7030000 20 8.40000 27 132 203 0.95000 79 3.80000
7035000 25 7.88000 30 112 214 0.92000 80 3.08000
7040000 27 7.25926 29 113 211 0.85185 78 2.81481
7045000 25 7.84000 29 123 217 0.80000 75 3.00000
7050000 25 7.68000 28 125 220 0.80000 78 3.00000
7055000 19 9.47368 28 130 217 0.89474 79 4.05263
7060000 24 7.87500 29 116 221 0.79167 80 3.20833
7065000 21 8.76190 27 115 216 0.95238 79 3.71429
7070000 22 8.59091 27 109 208 0.86364 80 3.45455
7075000 16 11.50000 30 118 220 1.00000 78 4.75000
7080000 21 9.09524 34 102 217 0.90476 79 3.66667
7085000 21 9.09524 39 105 209 0.95238 78 3.71429
7090000 22 8.86364 39 91 219 0.95455 78 3.50000
7095000 22 8.68182 36 91 209 0.90909 80 3.54545
7100000 22 8.09091 36 109 201 0.86364 78 3.45455
7105000 18 9.50000 33 106 196 0.94444 79 4.27778
7110000 23 8.08696 36 107 211 0.82609 80 3.47826
7115000 25 7.52000 33 109 200 0.80000 79 3.16000
7120000 19 9.42105 43 117 202 0.84211 79 4.10526
7125000 21 8.42857 39 119 200 0.85714 78 3.61905
7130000 23 7.82609 36 123 211 0.95652 78 3.30435
7135000 26 7.65385 37 111 223 0.80769 79 3.03846
7140000 25 7.80000 37 113 225 0.76000 80 3.04000
7145000 21 8.66667 37 123 217 0.95238 79 3.66667
7150000 20 9.20000 37 120 212 0.90000 76 3.80000
7155000 26 7.57692 34 116 214 0.88462 77 2.96154
7160000 26 7.96154 38 105 217 0.76923 78 2.96154
7165000 25 7.68000 35 107 206 0.76000 76 3.04000
7170000 22 8.45455 37 125 221 0.90909 79 3.45455
7175000 24 8.12500 40 125 228 0.87500 80 3.25000
7180000 24 8.08333 41 123 217 0.79167 80 3.25000
7185000 22 8.86364 44 120 220 0.81818 77 3.45455
7190000 25 8.04000 43 118 226 0.84000 79 3.04000
7195000 26 7.88462 44 116 234 0.76923 77 2.88462
7200000 23 9.00000 44 121 243 0.86957 79 3.34783
7205000 20 10.50000 43 113 235 0.95000 78 3.85000
7210000 25 8.40000 39 110 232 0.88000 79 3.12000
7215000 26 8.34615 39 109 231 0.80769 78 3.00000
7220000 27 8.33333 42 111 251 0.85185 78 2.85185
7225000 24 8.91667 42 119 232 0.83333 78 3.12500
7230000 23 8.82609 37 123 229 0.86957 78 3.34783
7235000 23 9.13043 37 116 243 0.95652 78 3.39130
7240000 27 8.03704 36 116 235 0.81481 78 2.85185
7245000 21 9.71429 37 129 236 0.90476 79 3.66667
7250000 23 9.47826 39 107 242 0.91304 80 3.39130
7255000 21 9.38095 40 125 229 0.80952 79 3.66667
7260000 20 10.05000 38 127 226 0.85000 78 3.90000
7265000 20 10.20000 36 115 226 0.95000 78 3.85000
7270000 22 9.18182 35 113 219 0.86364 79 3.45455
7275000 16 11.87500 39 142 227 1.00000 79 4.81250
7280000 24 8.75000 39 116 233 0.75000 79 3.29167
7285000 23 8.86957 54 117 222 0.69565 79 3.34783
7290000 27 7.74074 51 105 214 0.55556 80 2.85185
7295000 18 10.22222 47 114 210 0.94444 79 4.33333
7300000 19 9.42105 48 115 201 0.89474 78 3.94737
7305000 18 10.00000 51 112 196 0.77778 78 4.22222
7310000 16 10.81250 47 121 205 0.93750 79 4.56250
7315000 15 11.93333 52 117 216 0.93333 79 5.00000
7320000 22 8.86364 51 92 207 0.77273 78 3.50000
7325000 18 10.05556 48 111 198 0.77778 80 4.22222
7330000 25 8.00000 50 106 210 0.72000 81 3.04000
7335000 22 9.04545 45 109 220 0.81818 79 3.54545
7340000 17 10.76471 44 119 222 0.94118 80 4.52941
7345000 18 10.05556 40 124 215 0.94444 76 4.05556
7350000 20 9.15000 40 116 213 0.90000 75 3.70000
7355000 21 9.23810 44 103 229 0.90476 78 3.61905
7360000 20 9.85000 49 105 233 0.90000 77 3.85000
7365000 19 10.31579 48 113 225 0.94737 78 4.05263
7370000 25 8.20000 46 100 210 0.72000 77 3.08000
7375000 20 9.55000 44 118 225 0.95000 76 3.80000
7380000 21 9.04762 48 120 219 0.85714 77 3.66667
7385000 21 9.14286 43 109 219 0.76190 77 3.57143
7390000 22 9.09091 43 100 222 0.86364 78 3.45455
7395000 22 8.50000 39 101 208 0.81818 80 3.50000
7400000 21 8.04762 30 105 190 0.85714 78 3.61905
7405000 25 7.20000 32 102 199 0.80000 78 3.12000
7410000 26 6.88462 33 101 203 0.88462 78 2.96154
7415000 24 7.37500 46 111 206 0.83333 80 3.20833
7420000 21 8.09524 41 114 190 0.90476 79 3.66667
7425000 22 7.40909 33 123 189 0.90909 77 3.40909
7430000 23 6.95652 37 126 187 0.73913 78 3.21739
7435000 20 7.85000 44 137 190 0.90000 75 3.75000
7440000 20 7.90000 42 133 194 0.90000 75 3.70000
7445000 29 5.89655 44 123 176 0.72414 76 2.62069
7450000 23 6.43478 37 133 184 0.78261 77 3.26087
7455000 25 6.48000 35 129 178 0.84000 76 2.84000
7460000 27 6.37037 35 124 198 0.74074 77 2.74074
7465000 23 7.13043 38 138 205 0.82609 78 3.17391
7470000 22 8.18182 43 125 209 0.86364 78 3.36364
7475000 26 7.11538 39 120 209 0.84615 75 2.88462
7480000 23 8.21739 52 119 219 0.82609 75 3.26087
7485000 21 8.76190 54 121 216 1.00000 78 3.61905
7490000 25 7.44000 54 112 212 0.84000 78 3.08000
7495000 20 8.60000 53 120 198 0.85000 79 3.85000
7500000 24 7.50000 54 114 212 0.87500 79 3.12500
7505000 21 8.23810 57 104 198 0.85714 78 3.61905
7510000 17 9.17647 54 122 194 0.94118 79 4.41176
7515000 25 6.56000 51 97 184 0.88000 79 3.08000
7520000 20 7.45000 55 114 186 0.85000 80 3.90000
7525000 22 6.86364 56 127 191 0.90909 79 3.45455
7530000 19 8.47368 57 107 180 0.78947 78 4.05263
7535000 19 8.52632 49 100 180 0.84211 76 3.94737
7540000 19 8.68421 43 108 196 0.94737 77 3.94737
7545000 19 8.63158 45 110 193 0.89474 78 3.94737
7550000 24 7.00000 39 105 201 0.87500 80 3.16667
7555000 20 8.50000 43 106 200 0.95000 79 3.80000
7560000 20 8.60000 45 115 202 0.90000 80 3.85000
7565000 24 7.20833 41 116 193 0.79167 77 3.08333
7570000 25 7.04000 37 122 206 0.88000 75 2.96000
7575000 26 6.65385 37 123 201 0.84615 74 2.80769
7580000 28 6.28571 37 111 190 0.78571 73 2.57143
7585000 27 6.59259 39 110 202 0.85185 79 2.81481
7590000 25 6.88000 36 115 204 0.80000 78 3.00000
7595000 23 7.60870 35 109 205 0.91304 77 3.26087
7600000 25 7.64000 38 101 213 0.92000 75 2.96000
7605000 24 7.58333 35 110 194 0.83333 76 3.12500
7610000 22 8.13636 35 117 214 0.90909 75 3.31818
7615000 22 8.68182 37 113 216 0.86364 79 3.50000
7620000 25 7.80000 34 101 222 0.88000 79 3.12000
7625000 27 7.37037 33 103 221 0.88889 80 2.96296
7630000 20 8.95000 36 113 215 0.90000 79 3.85000
7635000 28 6.92857 33 109 212 0.85714 80 2.82143
7640000 24 7.79167 32 109 202 0.79167 79 3.20833
7645000 26 7.23077 29 120 197 0.69231 78 3.00000
7650000 21 8.14286 26 136 203 0.76190 76 3.61905
7655000 24 7.62500 31 136 204 0.75000 78 3.20833
7660000 20 9.40000 33 129 214 0.85000 78 3.80000
7665000 21 8.66667 32 117 202 0.80952 77 3.61905
7670000 18 9.50000 38 117 203 0.88889 74 4.05556
7675000 18 9.55556 47 126 198 0.77778 78 4.11111
7680000 20 8.30000 44 135 201 0.80000 76 3.65000
7685000 20 8.35000 41 141 203 0.85000 78 3.65000
7690000 23 7.26087 42 130 190 0.69565 80 3.30435
7695000 22 7.45455 38 130 204 0.86364 79 3.40909
7700000 26 6.84615 39 129 207 0.84615 79 2.96154
7705000 21 8.28571 39 127 208 0.85714 78 3.66667
7710000 24 7.50000 36 117 201 0.79167 77 3.12500
7715000 24 7.95833 39 103 214 0.87500 79 3.16667
7720000 20 8.90000 45 102 201 0.95000 79 3.85000
7725000 23 8.34783 47 99 210 0.82609 79 3.39130
7730000 21 8.04762 47 121 186 0.76190 78 3.61905
7735000 20 8.60000 51 117 200 0.90000 79 3.85000
7740000 19 8.42105 48 127 199 0.89474 81 4.00000
7745000 24 7.45833 45 101 202 0.83333 80 3.25000
7750000 19 9.00000 45 109 199 0.89474 80 4.05263
7755000 18 9.05556 50 123 195 0.94444 79 4.22222
7760000 21 7.52381 42 117 196 0.90476 77 3.57143
7765000 19 8.31579 42 116 186 0.94737 77 3.89474
7770000 26 6.46154 42 113 189 0.76923 77 2.84615
7775000 25 6.88000 41 102 186 0.76000 77 2.96000
7780000 24 7.33333 46 98 192 0.83333 78 3.12500
7785000 24 7.04167 44 109 199 0.87500 80 3.04167
7790000 25 6.96000 54 97 192 0.80000 79 2.96000
7795000 23 7.39130 47 102 193 0.86957 79 3.39130
7800000 26 6.96154 48 95 193 0.84615 80 3.03846
7805000 20 8.85000 43 103 203 0.95000 81 4.00000
7810000 23 7.86957 37 111 210 0.82609 78 3.39130
7815000 25 7.40000 35 111 204 0.84000 79 3.04000
7820000 28 6.57143 33 115 201 0.82143 79 2.78571
7825000 21 8.23810 33 120 191 0.85714 77 3.61905
7830000 24 7.12500 32 124 184 0.70833 77 3.12500
7835000 18 9.50000 33 127 205 0.88889 76 4.22222
7840000 20 9.15000 37 113 201 0.85000 77 3.85000
7845000 16 10.68750 37 127 205 0.93750 79 4.87500
7850000 19 9.57895 40 123 208 0.78947 77 4.00000
7855000 22 8.72727 40 116 223 0.81818 78 3.50000
7860000 16 11.31250 40 132 221 1.00000 78 4.81250
7865000 20 10.00000 46 115 222 0.80000 78 3.80000
7870000 17 12.05882 49 118 233 0.88235 80 4.64706
7875000 21 10.33333 50 112 238 0.76190 79 3.76190
7880000 18 11.44444 48 125 233 0.83333 79 4.33333
7885000 22 9.68182 48 115 242 0.77273 80 3.59091
7890000 18 10.83333 46 133 229 0.83333 79 4.27778
7895000 23 8.91304 50 111 241 0.86957 81 3.34783
7900000 18 10.83333 53 119 228 0.94444 79 4.33333
7905000 18 10.55556 50 121 223 0.94444 80 4.38889
7910000 23 8.34783 53 107 227 0.91304 80 3.47826
7915000 18 10.66667 51 118 222 0.83333 81 4.33333
7920000 18 10.94444 46 105 223 0.94444 80 4.33333
7925000 15 12.73333 41 107 233 0.93333 79 5.06667
7930000 18 10.55556 40 106 223 0.94444 79 4.33333
7935000 17 10.58824 40 116 212 0.88235 78 4.58824
7940000 23 8.65217 44 109 214 0.69565 78 3.30435
7945000 22 8.86364 39 109 218 0.81818 80 3.50000
7950000 22 8.81818 37 109 213 0.77273 81 3.59091
7955000 20 9.45000 37 118 209 0.85000 79 3.90000
7960000 21 9.04762 33 119 225 0.95238 79 3.71429
7965000 27 7.22222 33 110 203 0.70370 79 2.88889
7970000 21 8.95238 42 119 211 0.90476 80 3.71429
7975000 22 8.36364 42 123 205 0.81818 80 3.59091
7980000 19 9.36842 41 120 206 0.89474 79 4.05263
7985000 22 8.77273 42 110 229 0.95455 78 3.50000
7990000 24 8.29167 40 97 223 0.87500 79 3.20833
7995000 20 10.05000 40 95 220 0.95000 77 3.80000
8000000 22 9.13636 43 106 227 0.86364 79 3.59091
8005000 27 7.70370 42 100 218 0.74074 78 2.85185
8010000 25 8.36000 43 111 220 0.80000 80 3.12000
8015000 24 8.41667 44 100 226 0.83333 80 3.33333
8020000 23 8.73913 44 99 226 0.82609 79 3.34783
8025000 22 8.77273 49 98 221 0.95455 80 3.59091
8030000 24 8.70833 47 89 223 0.83333 80 3.29167
8035000 16 11.75000 50 103 220 1.00000 78 4.75000
8040000 20 9.80000 47 111 219 0.70000 81 3.85000
8045000 20 9.55000 51 114 214 0.80000 80 3.85000
8050000 19 9.21053 43 121 201 0.68421 77 3.94737
8055000 19 9.52632 45 121 196 0.73684 77 3.89474
8060000 18 9.50000 43 133 195 0.72222 76 4.05556
8065000 22 8.27273 43 126 211 0.68182 75 3.22727
8070000 23 8.00000 43 132 207 0.73913 76 3.17391
8075000 23 8.21739 48 136 219 0.78261 79 3.30435
8080000 17 10.64706 53 137 208 0.94118 76 4.41176
8085000 24 8.25000 50 112 221 0.79167 78 3.12500
8090000 20 9.00000 50 122 211 0.85000 74 3.65000
8095000 21 9.28571 49 119 225 0.90476 77 3.52381
8100000 25 8.04000 45 106 216 0.72000 80 3.08000
8105000 21 9.04762 43 121 222 0.90476 78 3.57143
8110000 22 7.72727 36 122 197 0.86364 80 3.45455
8115000 24 7.29167 37 120 197 0.83333 79 3.16667
8120000 28 6.42857 40 117 190 0.75000 79 2.75000
8125000 26 6.92308 43 118 206 0.84615 79 2.92308
8130000 21 7.90476 35 137 194 0.90476 76 3.47619
8135000 23 7.26087 31 131 193 0.86957 77 3.26087
8140000 25 6.80000 28 123 192 0.84000 77 2.96000
8145000 28 6.53571 29 123 205 0.82143 78 2.67857
8150000 25 7.12000 25 126 208 0.88000 78 3.00000
8155000 32 5.78125 27 116 199 0.65625 77 2.34375
8160000 24 7.16667 26 114 202 0.87500 77 3.12500
8165000 26 6.80769 25 116 198 0.80769 74 2.76923
8170000 22 7.77273 24 126 206 1.00000 74 3.27273
8175000 25 7.08000 28 116 201 0.84000 74 2.88000
8180000 33 5.54545 29 109 204 0.81818 77 2.27273
8185000 30 6.10000 30 121 208 0.86667 77 2.46667
8190000 25 7.28000 31 122 218 0.96000 79 3.04000
8195000 29 6.34483 32 118 212 0.86207 77 2.62069
8200000 31 6.58065 33 98 215 0.80645 76 2.38710
8205000 22 8.54545 35 124 221 0.90909 76 3.31818
8210000 26 7.57692 36 123 228 0.88462 77 2.92308
8215000 23 8.21739 35 125 218 0.86957 78 3.21739
8220000 21 9.09524 36 125 227 1.00000 77 3.61905
8225000 25 7.84000 33 106 215 0.76000 76 2.92000
8230000 26 7.53846 33 106 213 0.88462 76 2.92308
8235000 24 7.66667 34 119 213 0.87500 78 3.20833
8240000 28 6.85714 36 109 208 0.78571 76 2.71429
8245000 22 8.31818 37 122 217 0.95455 76 3.45455
8250000 26 7.38462 35 107 212 0.92308 77 2.88462
8255000 23 8.47826 44 97 209 0.78261 80 3.30435
8260000 26 7.26923 38 102 202 0.84615 78 2.92308
8265000 22 8.04545 37 113 194 0.81818 76 3.40909
8270000 20 9.40000 44 101 218 0.90000 76 3.70000
8275000 20 9.30000 42 111 219 0.95000 74 3.60000
8280000 20 9.20000 41 110 216 0.95000 77 3.55000
8285000 24 8.04167 45 104 217 0.95833 75 3.08333
8290000 20 9.10000 49 115 215 0.85000 75 3.60000
8295000 22 8.09091 44 106 203 0.86364 75 3.22727
8300000 21 8.66667 46 108 206 0.90476 74 3.47619
8305000 23 8.13043 44 111 216 0.91304 76 3.26087
8310000 26 7.61538 50 103 223 0.84615 75 2.88462
8315000 27 7.00000 47 113 207 0.81481 74 2.70370
8320000 26 7.11538 46 113 205 0.80769 76 2.88462
8325000 20 8.85000 43 123 207 0.95000 77 3.70000
8330000 25 7.32000 40 104 198 0.84000 78 3.12000
8335000 21 8.85714 42 115 217 0.90476 75 3.52381
8340000 24 8.25000 38 119 215 0.79167 77 3.08333
8345000 24 8.33333 37 112 223 0.91667 78 3.08333
8350000 24 7.75000 33 111 213 0.87500 78 3.20833
8355000 28 6.89286 33 107 213 0.82143 76 2.71429
8360000 28 6.82143 34 114 215 0.78571 77 2.67857
8365000 27 7.22222 35 119 225 0.85185 77 2.77778
8370000 23 8.34783 42 115 222 0.86957 75 3.17391
8375000 21 8.85714 43 118 210 0.90476 76 3.47619
8380000 21 8.80952 40 109 221 0.95238 75 3.47619
8385000 25 8.16000 43 111 228 0.84000 77 2.96000
8390000 24 8.70833 46 110 238 0.87500 78 3.12500
8395000 23 8.82609 41 109 229 1.00000 76 3.26087
8400000 23 9.00000 40 102 227 0.91304 76 3.26087
8405000 24 8.79167 43 101 223 0.83333 78 3.20833
8410000 24 8.75000 41 100 236 0.91667 80 3.20833
8415000 29 7.55172 44 87 228 0.86207 81 2.75862
8420000 24 8.62500 50 94 226 0.87500 81 3.29167
8425000 27 7.81481 45 92 225 0.70370 80 2.92593
8430000 30 7.23333 40 85 225 0.76667 80 2.66667
8435000 27 7.85185 42 105 229 0.81481 79 2.92593
8440000 21 9.09524 45 111 213 0.85714 74 3.47619
8445000 25 8.32000 40 109 231 0.84000 75 2.92000
8450000 22 9.31818 36 106 226 0.90909 77 3.40909
8455000 19 10.05263 32 111 224 1.00000 77 3.89474
8460000 27 7.74074 33 93 222 0.77778 79 2.77778
8465000 26 8.03846 36 92 230 0.88462 80 3.00000
8470000 22 9.00000 35 97 222 0.95455 80 3.54545
8475000 27 7.14815 37 101 219 0.85185 80 2.92593
8480000 24 8.04167 37 104 221 0.95833 78 3.25000
8485000 26 7.46154 32 103 219 0.88462 78 3.00000
8490000 25 7.56000 33 119 227 0.88000 80 3.08000
8495000 25 7.76000 32 108 213 0.84000 80 3.12000
8500000 22 8.31818 32 103 217 0.95455 79 3.45455
8505000 22 8.36364 37 106 215 0.86364 78 3.40909
8510000 19 9.78947 38 102 215 1.00000 78 4.00000
8515000 28 7.28571 38 90 214 0.75000 80 2.78571
8520000 24 8.62500 43 93 228 0.95833 80 3.29167
8525000 27 8.18519 40 68 228 0.88889 80 2.96296
8530000 20 9.75000 40 80 212 0.90000 78 3.85000
8535000 21 9.66667 38 79 226 0.90476 78 3.66667
8540000 20 10.25000 40 76 221 0.95000 78 3.90000
8545000 21 10.19048 39 71 225 0.80952 78 3.66667
8550000 19 10.57895 38 75 225 0.94737 77 4.05263
8555000 21 9.80952 41 76 224 0.80952 78 3.71429
8560000 20 9.80000 38 93 221 0.90000 76 3.80000
8565000 23 8.82609 39 77 220 0.91304 78 3.26087
8570000 20 9.55000 38 80 214 0.95000 77 3.80000
8575000 22 8.72727 37 87 205 0.90909 77 3.40909
8580000 22 9.00000 39 84 222 1.00000 78 3.50000
8585000 21 8.33333 38 94 203 0.90476 80 3.71429
8590000 24 7.29167 33 102 198 0.95833 79 3.29167
8595000 21 8.14286 34 106 201 0.90476 79 3.61905
8600000 23 7.78261 34 104 202 0.91304 78 3.30435
8605000 24 7.83333 32 106 210 0.79167 77 3.16667
8610000 23 8.69565 37 96 217 0.91304 78 3.34783
8615000 19 10.00000 41 102 216 1.00000 78 4.00000
8620000 22 8.68182 39 97 214 0.90909 78 3.50000
8625000 23 8.78261 35 92 230 0.91304 80 3.43478
8630000 22 9.09091 36 99 236 0.95455 80 3.54545
8635000 22 8.63636 32 94 217 0.90909 77 3.50000
8640000 22 8.40909 27 101 209 0.81818 78 3.40909
8645000 21 8.90476 32 101 211 0.90476 78 3.66667
8650000 24 8.20833 32 98 213 0.83333 78 3.20833
8655000 21 8.95238 32 99 209 0.95238 76 3.57143
8660000 22 8.86364 30 90 220 0.90909 76 3.45455
8665000 22 8.54545 27 90 210 0.95455 77 3.40909
8670000 18 9.83333 24 97 208 1.00000 74 4.05556
8675000 20 9.00000 27 102 204 0.85000 76 3.75000
8680000 21 8.76190 28 102 204 0.90476 78 3.71429
8685000 23 8.21739 30 107 206 0.78261 77 3.34783
8690000 24 8.08333 31 95 204 0.75000 79 3.25000
8695000 24 7.79167 29 108 209 0.75000 79 3.20833
8700000 23 8.04348 29 118 207 0.86957 78 3.30435
8705000 22 8.68182 28 123 215 0.86364 77 3.50000
8710000 24 8.62500 33 110 227 0.75000 78 3.25000
8715000 21 9.85714 31 102 226 0.76190 79 3.71429
8720000 18 11.83333 40 97 237 0.88889 81 4.44444
8725000 23 9.30435 39 97 233 0.78261 81 3.39130
8730000 19 11.47368 41 96 231 0.89474 77 4.05263
8735000 21 10.57143 40 86 232 0.85714 79 3.71429
8740000 17 12.35294 39 101 234 1.00000 79 4.58824
8745000 19 10.57895 38 105 232 0.89474 80 4.15789
8750000 16 12.50000 43 99 228 1.00000 79 4.81250
8755000 19 10.68421 43 87 216 0.84211 78 4.05263
8760000 17 11.64706 42 86 219 0.94118 76 4.47059
8765000 21 9.57143 44 82 211 0.80952 77 3.61905
8770000 18 10.66667 40 92 215 0.88889 79 4.22222
8775000 20 9.70000 39 94 210 0.80000 78 3.90000
8780000 18 10.88889 34 96 213 0.94444 78 4.33333
8785000 24 8.33333 33 93 214 0.79167 80 3.33333
8790000 20 9.80000 34 92 221 0.90000 81 4.00000
8795000 19 10.52632 35 90 223 0.89474 81 4.21053
8800000 21 9.52381 35 90 212 0.80952 80 3.76190
8805000 20 10.00000 37 98 213 0.85000 81 3.95000
8810000 21 9.66667 36 94 230 0.85714 79 3.76190
8815000 20 10.50000 38 96 234 0.80000 79 3.95000
8820000 19 10.10526 35 108 217 0.94737 80 4.15789
8825000 22 8.86364 34 88 216 0.81818 78 3.54545
8830000 21 9.28571 35 82 199 0.80952 78 3.71429
8835000 19 10.26316 38 99 218 0.84211 79 4.15789
8840000 23 8.82609 36 88 219 0.86957 80 3.43478
8845000 17 11.47059 38 95 225 1.00000 80 4.70588
8850000 17 11.00000 37 98 216 0.94118 79 4.64706
8855000 19 9.63158 32 94 209 0.89474 80 4.21053
8860000 18 9.83333 28 99 194 0.94444 78 4.33333
8865000 19 9.47368 29 100 200 0.94737 78 4.05263
8870000 20 9.40000 31 97 210 0.85000 78 3.90000
8875000 24 8.50000 33 88 215 0.79167 78 3.25000
8880000 21 10.28571 35 83 234 0.85714 78 3.71429
8885000 19 11.00000 31 88 227 0.94737 80 4.10526
8890000 20 10.70000 36 90 236 0.90000 78 3.90000
8895000 21 10.47619 40 96 247 0.85714 78 3.71429
8900000 21 10.47619 40 102 248 0.80952 79 3.71429
8905000 19 11.26316 41 110 230 0.84211 78 4.05263
8910000 20 10.20000 37 102 223 0.85000 78 3.85000
8915000 20 10.25000 37 114 233 0.90000 77 3.85000
8920000 26 8.30769 37 97 226 0.73077 78 2.96154
8925000 22 9.77273 35 107 236 0.77273 78 3.50000
8930000 20 10.45000 36 102 232 0.90000 81 3.90000
8935000 19 10.94737 35 98 238 0.94737 80 4.10526
8940000 20 10.40000 36 95 225 0.90000 80 3.95000
8945000 21 10.33333 33 91 238 0.90476 80 3.76190
8950000 23 9.43478 30 95 236 0.86957 78 3.39130
8955000 21 9.85714 31 104 224 0.85714 78 3.71429
8960000 24 8.83333 32 104 227 0.70833 80 3.33333
8965000 23 8.78261 31 109 216 0.82609 81 3.47826
8970000 21 9.09524 31 117 214 0.95238 79 3.76190
8975000 23 8.26087 29 121 217 0.86957 78 3.39130
8980000 23 8.43478 30 106 215 0.91304 79 3.43478
8985000 22 9.00000 33 104 213 0.90909 79 3.54545
8990000 23 9.00000 34 100 231 0.82609 80 3.47826
8995000 21 9.42857 42 110 223 0.95238 81 3.80952
9000000 23 8.82609 39 100 219 0.82609 80 3.43478
9005000 19 10.31579 40 111 223 0.89474 79 4.15789
9010000 20 9.75000 40 111 225 0.85000 78 3.90000
9015000 22 9.36364 45 100 225 0.95455 79 3.59091
9020000 21 9.57143 40 95 212 0.85714 79 3.76190
9025000 20 9.70000 38 101 218 0.95000 78 3.90000
9030000 18 10.83333 48 113 219 0.88889 79 4.33333
9035000 22 9.40909 48 105 230 0.90909 79 3.59091
9040000 18 11.33333 47 103 231 1.00000 79 4.38889
9045000 24 9.04167 44 95 233 0.79167 79 3.29167
9050000 22 10.00000 47 96 240 0.90909 80 3.59091
9055000 21 10.52381 45 85 236 0.85714 78 3.71429
9060000 21 10.00000 42 99 229 0.76190 78 3.71429
9065000 21 9.76190 39 101 227 0.85714 79 3.76190
9070000 19 10.15789 37 110 223 0.84211 80 4.15789
9075000 19 10.26316 37 103 221 0.84211 81 4.15789
9080000 17 11.17647 36 115 225 1.00000 79 4.52941
9085000 21 9.47619 34 101 223 0.90476 80 3.71429
9090000 21 9.80952 33 99 231 0.90476 79 3.71429
9095000 20 10.05000 36 100 219 0.90000 79 3.90000
9100000 20 10.20000 35 96 225 0.95000 79 3.95000
9105000 18 10.55556 39 106 210 0.83333 77 4.22222
9110000 23 8.69565 37 94 224 0.86957 79 3.34783
9115000 20 9.65000 35 102 211 0.75000 78 3.80000
9120000 20 9.40000 33 99 215 0.90000 75 3.70000
9125000 17 10.88235 35 105 218 0.94118 78 4.41176
9130000 20 9.90000 34 99 225 0.85000 77 3.80000
9135000 21 9.33333 29 95 210 0.85714 77 3.57143
9140000 17 11.35294 37 96 212 1.00000 79 4.52941
9145000 18 11.16667 38 95 222 0.83333 78 4.22222
9150000 17 11.70588 43 105 230 0.88235 78 4.47059
9155000 21 9.95238 42 108 227 0.80952 77 3.57143
9160000 17 11.94118 41 105 222 0.88235 76 4.41176
9165000 23 8.69565 40 101 210 0.69565 75 3.21739
9170000 23 8.78261 38 116 223 0.82609 77 3.30435
9175000 22 9.09091 38 115 213 0.81818 77 3.50000
9180000 22 9.40909 44 111 227 0.81818 79 3.54545
9185000 20 10.20000 43 102 215 0.85000 80 3.95000
9190000 21 9.61905 43 103 221 0.76190 79 3.71429
9195000 19 10.52632 56 102 220 0.84211 80 4.05263
9200000 17 10.88235 42 110 209 0.88235 79 4.64706
9205000 25 7.88000 42 105 202 0.72000 79 3.12000
9210000 21 9.19048 39 105 203 0.76190 78 3.71429
9215000 21 9.04762 36 108 209 0.76190 77 3.61905
9220000 20 9.60000 36 106 216 0.95000 79 3.90000
9225000 20 9.85000 35 102 228 0.90000 77 3.75000
9230000 18 10.33333 34 109 211 0.83333 77 4.11111
9235000 19 9.94737 30 103 208 0.84211 75 3.94737
9240000 17 11.00000 29 118 208 0.88235 74 4.35294
9245000 21 9.38095 30 104 213 0.90476 76 3.57143
9250000 24 8.66667 29 96 223 0.87500 74 3.08333
9255000 22 9.22727 26 98 226 0.90909 75 3.31818
9260000 22 9.31818 28 100 224 0.86364 75 3.40909
9265000 18 11.27778 30 108 226 0.83333 77 4.11111
9270000 18 11.22222 30 104 219 0.88889 75 4.11111
9275000 18 11.44444 29 95 219 0.88889 74 4.11111
9280000 21 9.80952 29 102 237 0.95238 77 3.61905
9285000 24 8.54167 25 102 230 0.75000 77 3.20833
9290000 21 9.42857 30 97 220 0.80952 79 3.71429
9295000 17 11.11765 35 102 217 0.94118 76 4.47059
9300000 17 11.11765 34 97 215 0.94118 78 4.52941
9305000 18 10.50000 33 107 214 0.88889 79 4.33333
9310000 23 8.69565 35 89 212 0.82609 79 3.39130
9315000 22 9.13636 33 95 219 0.81818 79 3.50000
9320000 21 9.23810 32 110 211 0.85714 78 3.66667
9325000 20 8.85000 29 127 201 0.90000 78 3.90000
9330000 23 7.69565 27 129 203 0.82609 77 3.30435
9335000 21 8.38095 38 122 192 0.80952 80 3.76190
9340000 21 8.61905 38 119 217 0.95238 79 3.66667
9345000 26 7.30769 38 110 209 0.76923 79 3.03846
9350000 23 8.26087 41 117 209 0.73913 77 3.34783
9355000 23 8.13043 36 122 213 0.82609 78 3.34783
9360000 24 7.87500 43 111 212 0.83333 77 3.20833
9365000 21 9.09524 42 103 207 0.80952 76 3.61905
9370000 22 8.81818 41 97 220 1.00000 78 3.50000
9375000 22 8.86364 41 104 217 0.86364 80 3.54545
9380000 22 9.09091 42 100 227 0.90909 78 3.50000
9385000 21 9.23810 41 112 221 0.90476 77 3.57143
9390000 23 8.26087 41 121 219 0.86957 76 3.30435
9395000 21 8.85714 38 120 214 0.80952 78 3.66667
9400000 25 8.08000 42 105 216 0.80000 75 3.00000
9405000 23 8.43478 41 116 227 0.78261 79 3.39130
9410000 22 8.95455 42 124 223 0.90909 81 3.54545
9415000 28 7.35714 43 109 224 0.71429 81 2.82143
9420000 27 7.88889 44 121 236 0.74074 81 2.96296
9425000 23 9.04348 43 118 234 0.82609 80 3.39130
9430000 22 9.27273 48 116 222 0.90909 80 3.59091
9435000 26 7.73077 48 110 214 0.80769 80 3.07692
9440000 23 8.34783 44 116 206 0.82609 79 3.39130
9445000 24 8.25000 50 111 216 0.83333 79 3.25000
9450000 23 9.04348 53 111 228 0.78261 80 3.39130
9455000 25 8.88000 52 97 240 0.72000 78 3.08000
9460000 24 8.91667 51 109 234 0.79167 80 3.29167
9465000 23 9.17391 49 113 232 0.82609 80 3.47826
9470000 21 9.23810 41 125 221 0.85714 76 3.61905
9475000 23 8.65217 38 121 213 0.82609 77 3.30435
9480000 22 8.95455 34 116 216 0.81818 75 3.40909
9485000 19 10.10526 32 115 217 0.78947 75 3.94737
9490000 22 8.77273 34 102 204 0.68182 77 3.50000
9495000 23 8.26087 32 98 204 0.86957 80 3.47826
9500000 21 9.00000 29 104 210 0.95238 78 3.66667
9505000 21 9.23810 33 101 212 0.90476 75 3.52381
9510000 18 10.55556 32 114 217 0.94444 73 4.00000
9515000 22 9.50000 36 100 235 0.86364 76 3.36364
9520000 24 8.41667 39 90 219 0.87500 79 3.29167
9525000 18 10.55556 35 112 218 0.88889 79 4.27778
9530000 22 8.95455 32 112 215 0.81818 76 3.45455
9535000 22 8.68182 31 123 207 0.72727 79 3.40909
9540000 24 8.16667 35 116 215 0.83333 79 3.25000
9545000 22 8.68182 37 108 208 0.77273 78 3.54545
9550000 20 9.35000 39 113 210 0.85000 78 3.85000
9555000 21 8.90476 37 118 200 0.80952 77 3.66667
9560000 17 10.23529 39 115 206 1.00000 78 4.52941
9565000 20 9.05000 42 112 208 0.95000 78 3.90000
9570000 18 9.83333 45 111 202 0.88889 79 4.27778
9575000 19 9.78947 47 105 199 0.73684 78 4.10526
9580000 20 9.30000 50 102 215 0.80000 79 3.90000
9585000 19 10.00000 50 97 208 0.78947 77 4.05263
9590000 19 9.84211 55 107 211 0.84211 78 4.05263
9595000 19 9.52632 47 116 202 0.84211 77 4.05263
9600000 28 7.14286 44 93 203 0.64286 80 2.78571
9605000 23 8.26087 43 105 207 0.73913 78 3.34783
9610000 21 8.90476 43 105 206 0.76190 77 3.66667
9615000 22 8.72727 41 89 209 0.77273 78 3.50000
9620000 20 9.35000 43 105 216 0.95000 78 3.90000
9625000 21 8.95238 41 95 211 0.85714 80 3.66667
9630000 20 9.20000 40 96 198 0.80000 80 3.85000
9635000 19 9.42105 38 106 209 0.89474 78 4.10526
9640000 20 8.75000 37 122 209 0.85000 79 3.80000
9645000 22 8.45455 36 101 199 0.77273 80 3.50000
9650000 23 7.95652 33 105 202 0.91304 78 3.34783
9655000 22 8.45455 32 103 203 0.90909 76 3.45455
9660000 19 9.52632 33 107 216 0.94737 77 4.00000
9665000 23 8.13043 36 106 213 0.86957 76 3.30435
9670000 20 9.10000 34 101 203 0.85000 77 3.70000
9675000 26 7.53846 34 99 216 0.84615 78 2.92308
9680000 24 8.04167 33 106 220 0.91667 78 3.20833
9685000 24 8.16667 30 106 217 0.83333 77 3.16667
9690000 22 8.18182 30 116 208 0.81818 77 3.40909
9695000 26 7.46154 28 101 217 0.84615 77 2.92308
9700000 22 8.72727 31 104 216 0.95455 78 3.54545
9705000 23 8.17391 34 106 201 0.91304 77 3.30435
9710000 23 8.08696 34 115 209 0.86957 77 3.34783
9715000 21 9.04762 43 111 213 0.90476 78 3.61905
9720000 22 9.13636 46 108 225 0.86364 80 3.54545
9725000 24 8.66667 49 110 229 0.79167 79 3.12500
9730000 25 8.56000 51 113 234 0.84000 80 3.08000
9735000 26 8.00000 49 113 229 0.84615 80 3.03846
9740000 21 9.61905 49 109 226 0.85714 80 3.71429
9745000 28 7.32143 47 103 216 0.67857 80 2.82143
9750000 22 8.77273 44 110 220 0.86364 80 3.59091
9755000 21 9.57143 45 110 228 0.90476 79 3.71429
9760000 19 10.63158 50 108 241 1.00000 79 4.10526
9765000 22 10.00000 50 104 242 0.81818 79 3.54545
9770000 24 9.12500 47 91 235 0.83333 81 3.25000
9775000 19 10.52632 44 105 231 1.00000 78 4.05263
9780000 19 10.31579 40 110 224 0.94737 77 4.00000
9785000 18 10.55556 37 98 214 0.88889 76 4.16667
9790000 16 11.62500 40 98 215 0.93750 79 4.75000
9795000 21 9.33333 38 91 214 0.85714 78 3.61905
9800000 15 12.93333 39 110 236 1.00000 80 5.13333
9805000 18 10.88889 44 101 218 0.88889 79 4.38889
9810000 18 10.50000 39 101 213 0.88889 79 4.33333
9815000 19 10.05263 42 104 211 0.89474 79 4.10526
9820000 21 9.19048 44 101 200 0.76190 77 3.61905
9825000 22 8.86364 45 106 217 0.86364 76 3.40909
9830000 22 9.54545 44 93 224 0.72727 78 3.45455
9835000 17 11.00000 40 106 213 0.94118 76 4.29412
9840000 17 10.58824 38 114 216 1.00000 76 4.29412
9845000 16 11.62500 37 109 217 0.93750 76 4.50000
9850000 19 10.47368 37 91 217 0.78947 74 3.84211
9855000 19 10.47368 35 90 218 0.84211 75 3.78947
9860000 19 10.00000 33 94 212 0.84211 77 3.94737
9865000 22 9.13636 36 104 211 0.72727 79 3.45455
9870000 21 9.71429 35 106 223 0.85714 78 3.61905
9875000 19 10.00000 35 112 213 0.89474 76 3.94737
9880000 23 8.39130 31 107 215 0.82609 76 3.26087
9885000 20 9.05000 34 110 205 0.75000 79 3.80000
9890000 21 8.38095 32 106 196 0.71429 76 3.57143
9895000 18 9.44444 27 105 188 0.83333 77 4.11111
9900000 22 8.00000 28 99 190 0.77273 75 3.31818
9905000 17 10.05882 27 100 202 0.94118 76 4.23529
9910000 17 9.76471 28 107 191 0.82353 76 4.29412
9915000 13 12.38462 33 112 183 1.00000 73 5.46154
9920000 18 8.83333 29 111 183 0.72222 73 3.94444
9925000 19 8.15789 27 118 181 0.73684 73 3.73684
9930000 20 8.20000 29 118 182 0.75000 71 3.45000
9935000 22 7.31818 24 121 196 0.86364 73 3.09091
9940000 20 7.80000 28 121 189 0.85000 76 3.60000
9945000 23 7.17391 29 128 196 0.86957 75 3.00000
9950000 23 7.34783 30 123 193 0.86957 75 3.00000
9955000 21 8.04762 35 125 204 0.95238 76 3.47619
9960000 23 7.82609 35 113 209 0.95652 76 3.21739
9965000 20 8.20000 33 127 200 0.85000 77 3.60000
9970000 24 7.37500 36 125 204 0.83333 77 3.00000
9975000 18 9.50000 35 127 201 0.83333 76 4.00000
9980000 23 8.13043 35 111 203 0.82609 72 3.08696
9985000 24 7.29167 32 118 202 0.75000 75 3.00000
9990000 22 8.09091 33 123 206 0.86364 77 3.31818
9995000 24 7.87500 32 116 214 0.79167 77 3.04167
10000000 21 8.38095 29 124 207 0.85714 76 3.38095
