# V2 - Timesteps, No of clusters, Mean cluster size, Size largest cluster, No clusters size 1, No prot bound to poly, Fraction clusters bound to poly, No type 2 poly bound to prot, Mean no type 2 in prot cluster
3000000 18 4.27778 9 84 103 0.94444 70 3.38889
3005000 18 4.33333 8 81 101 0.94444 70 3.27778
3010000 17 4.52941 10 85 109 1.00000 69 3.64706
3015000 20 3.90000 11 77 99 0.95000 70 3.25000
3020000 19 3.84211 11 79 101 0.94737 70 3.31579
3025000 20 3.75000 8 77 104 1.00000 72 3.05000
3030000 19 3.78947 9 86 103 0.89474 70 3.00000
3035000 21 3.47619 8 78 101 0.95238 67 2.61905
3040000 15 4.00000 6 90 94 1.00000 70 3.60000
3045000 18 4.00000 8 83 107 1.00000 73 3.38889
3050000 22 3.72727 8 76 101 0.81818 70 2.81818
3055000 23 3.69565 8 74 108 0.86957 71 2.82609
3060000 21 3.71429 7 81 108 0.90476 73 3.04762
3065000 18 3.77778 6 84 97 0.88889 75 3.44444
3070000 17 4.23529 6 86 98 1.00000 70 3.52941
3075000 20 3.85000 7 74 99 0.90000 69 3.05000
3080000 18 4.11111 7 74 102 0.94444 70 3.27778
3085000 17 4.29412 7 81 97 0.94118 68 3.35294
3090000 19 3.94737 8 74 98 1.00000 70 3.21053
3095000 18 4.05556 8 72 102 1.00000 70 3.38889
3100000 15 3.93333 8 82 98 0.93333 71 3.60000
3105000 18 4.05556 8 69 97 0.94444 69 3.27778
3110000 21 3.61905 8 71 92 0.95238 69 2.90476
3115000 17 4.35294 9 74 107 0.94118 68 3.47059
3120000 15 4.26667 7 84 102 0.93333 71 3.60000
3125000 19 3.84211 8 84 106 1.00000 71 3.21053
3130000 17 4.17647 9 83 105 1.00000 73 3.52941
3135000 20 3.80000 9 79 102 0.95000 71 3.10000
3140000 19 4.05263 8 81 108 0.89474 73 3.21053
3145000 16 4.56250 7 79 99 0.93750 71 3.62500
3150000 15 4.66667 7 85 98 1.00000 66 3.80000
3155000 15 4.66667 10 79 103 1.00000 67 3.93333
3160000 15 4.60000 10 77 99 1.00000 70 4.00000
3165000 17 4.17647 9 73 104 1.00000 71 3.58824
3170000 15 4.73333 9 83 101 0.93333 71 3.86667
3175000 16 4.68750 9 73 96 0.87500 67 3.56250
3180000 14 4.50000 9 80 93 1.00000 71 4.14286
3185000 16 4.12500 8 87 91 0.93750 67 3.62500
3190000 18 3.61111 8 91 97 0.94444 68 3.22222
3195000 17 3.52941 8 97 89 1.00000 68 3.41176
3200000 16 3.81250 9 90 96 1.00000 65 3.37500
3205000 17 3.76471 11 84 102 1.00000 68 3.23529
3210000 17 3.47059 8 93 93 0.88235 67 3.00000
3215000 16 3.75000 8 92 91 0.81250 70 3.50000
3220000 15 3.93333 8 98 102 0.93333 69 3.60000
3225000 18 3.66667 8 90 99 1.00000 74 3.27778
3230000 18 3.94444 8 86 100 0.94444 72 3.11111
3235000 16 3.93750 9 88 91 0.93750 71 3.50000
3240000 16 4.00000 8 89 92 0.93750 69 3.62500
3245000 19 3.73684 8 78 102 1.00000 67 3.10526
3250000 18 3.72222 8 74 93 0.88889 69 3.00000
3255000 22 3.45455 8 74 94 0.86364 65 2.63636
3260000 18 3.77778 8 86 98 0.94444 69 3.22222
3265000 13 4.69231 8 92 97 1.00000 67 4.00000
3270000 17 4.05882 7 77 98 0.88235 69 3.29412
3275000 13 4.61538 8 93 91 0.92308 66 4.15385
3280000 14 4.50000 8 99 103 0.92857 69 4.07143
3285000 16 4.43750 9 85 99 0.81250 67 3.62500
3290000 17 4.11765 9 89 104 0.94118 73 3.47059
3295000 24 3.66667 11 71 110 0.95833 72 2.70833
3300000 17 4.00000 10 81 89 1.00000 69 3.47059
3305000 14 4.28571 9 85 92 1.00000 66 3.92857
3310000 14 4.07143 10 86 89 1.00000 65 4.00000
3315000 14 3.85714 7 92 81 0.92857 69 3.85714
3320000 13 4.07692 7 95 86 1.00000 65 3.92308
3325000 13 4.15385 7 92 89 0.92308 63 3.76923
3330000 14 4.21429 8 84 84 1.00000 63 3.57143
3335000 18 3.88889 11 74 95 0.94444 63 3.05556
3340000 17 4.11765 10 79 86 1.00000 64 3.52941
3345000 16 4.62500 10 80 100 1.00000 63 3.56250
3350000 14 4.78571 9 78 98 1.00000 65 3.85714
3355000 17 4.76471 10 69 113 0.94118 65 3.35294
3360000 19 4.31579 10 75 104 0.89474 71 3.10526
3365000 18 4.05556 9 76 106 1.00000 73 3.44444
3370000 19 4.10526 9 76 110 1.00000 72 3.36842
3375000 15 4.40000 8 87 97 1.00000 69 3.80000
3380000 16 4.18750 7 81 96 0.93750 69 3.75000
3385000 15 4.33333 9 80 92 1.00000 70 4.00000
3390000 13 4.84615 9 85 101 1.00000 70 4.38462
3395000 16 4.62500 8 77 102 1.00000 73 3.68750
3400000 18 4.38889 9 72 103 0.94444 71 3.38889
3405000 14 5.07143 9 83 99 1.00000 71 4.21429
3410000 18 4.33333 10 78 101 0.83333 72 3.44444
3415000 16 4.18750 8 89 93 1.00000 73 4.00000
3420000 18 3.94444 10 82 95 0.88889 71 3.33333
3425000 15 4.80000 10 91 110 0.93333 73 4.20000
3430000 16 4.87500 9 89 109 0.93750 70 3.93750
3435000 16 4.87500 10 86 106 0.87500 70 3.93750
3440000 17 4.88235 11 85 103 0.88235 69 3.94118
3445000 13 5.53846 11 93 103 0.92308 70 4.69231
3450000 13 5.53846 10 81 98 1.00000 69 4.53846
3455000 16 5.25000 10 81 113 1.00000 71 4.06250
3460000 17 5.17647 11 74 107 0.94118 75 3.94118
3465000 15 5.86667 13 76 111 0.93333 70 4.33333
3470000 15 5.33333 12 77 106 1.00000 68 4.26667
3475000 17 4.76471 12 78 106 0.94118 71 3.82353
3480000 16 5.18750 13 79 118 1.00000 68 3.93750
3485000 17 4.94118 12 77 112 1.00000 72 3.70588
3490000 16 5.00000 11 81 111 0.93750 71 3.93750
3495000 18 4.44444 11 76 103 0.94444 70 3.55556
3500000 17 4.00000 9 80 98 1.00000 72 3.70588
3505000 16 4.25000 10 70 90 1.00000 67 3.37500
3510000 18 4.16667 11 69 100 1.00000 65 3.11111
3515000 17 4.11765 11 72 96 0.94118 69 3.11765
3520000 15 4.00000 11 70 82 0.93333 66 3.40000
3525000 18 3.77778 13 67 87 0.94444 63 3.11111
3530000 14 4.14286 10 77 86 1.00000 59 3.71429
3535000 14 4.14286 10 84 90 0.92857 67 3.78571
3540000 15 4.26667 10 92 92 1.00000 71 3.66667
3545000 14 4.35714 8 88 91 1.00000 68 3.78571
3550000 18 3.88889 8 86 98 0.94444 69 3.11111
3555000 20 3.50000 7 83 93 0.95000 66 2.95000
3560000 17 3.64706 8 83 88 0.88235 64 3.11765
3565000 17 3.64706 7 84 93 1.00000 65 3.05882
3570000 16 3.68750 8 85 96 1.00000 61 3.18750
3575000 14 3.78571 7 96 88 0.85714 61 3.42857
3580000 16 3.75000 7 85 98 0.87500 68 3.06250
3585000 17 4.17647 9 82 100 0.88235 67 2.94118
3590000 19 3.73684 9 88 90 0.89474 64 2.84211
3595000 17 4.11765 9 88 104 0.94118 68 2.94118
3600000 15 4.20000 9 94 99 0.86667 70 3.33333
3605000 23 3.43478 7 80 107 0.95652 72 2.52174
3610000 18 3.88889 7 86 105 0.88889 69 3.00000
3615000 15 4.33333 8 85 94 1.00000 67 3.53333
3620000 12 4.75000 8 81 92 1.00000 68 4.00000
3625000 11 4.81818 8 82 96 1.00000 65 4.09091
3630000 13 4.53846 9 84 91 1.00000 66 3.76923
3635000 15 4.40000 9 85 95 1.00000 64 3.46667
3640000 18 3.94444 12 76 94 0.94444 64 2.88889
3645000 20 3.85000 12 67 103 0.95000 68 2.80000
3650000 18 4.16667 10 72 102 1.00000 64 3.00000
3655000 16 4.00000 8 92 94 0.93750 64 3.25000
3660000 17 4.23529 8 86 102 0.88235 65 3.05882
3665000 18 3.72222 8 85 97 0.88889 67 3.05556
3670000 19 3.57895 8 82 94 0.89474 66 2.84211
3675000 16 3.93750 7 89 95 0.93750 70 3.50000
3680000 17 3.41176 6 87 83 0.94118 66 3.17647
3685000 18 3.66667 6 95 102 1.00000 65 3.05556
3690000 17 3.76471 8 83 87 0.94118 63 3.11765
3695000 15 4.40000 11 84 104 1.00000 65 3.60000
3700000 19 3.57895 10 78 91 0.94737 65 3.00000
3705000 17 3.70588 10 84 94 0.94118 61 3.05882
3710000 14 4.28571 11 92 96 0.92857 67 3.50000
3715000 19 3.63158 12 85 101 0.73684 72 2.73684
3720000 12 5.00000 11 86 97 1.00000 63 3.83333
3725000 15 4.06667 11 75 85 0.93333 68 3.20000
3730000 15 4.13333 11 70 96 1.00000 67 3.20000
3735000 17 3.82353 9 69 89 1.00000 63 3.11765
3740000 18 3.72222 9 69 93 0.94444 66 2.94444
3745000 19 3.52632 10 70 93 0.89474 64 2.73684
3750000 17 3.41176 9 75 82 0.88235 64 3.00000
3755000 16 3.56250 8 86 98 0.93750 69 3.37500
3760000 17 3.47059 7 80 88 0.94118 65 2.94118
3765000 18 3.66667 7 75 92 0.94444 64 3.00000
3770000 17 3.35294 7 93 94 1.00000 69 3.17647
3775000 16 3.75000 8 85 93 1.00000 68 3.12500
3780000 16 3.31250 9 94 91 0.93750 63 3.00000
3785000 19 3.52632 8 85 96 1.00000 64 2.68421
3790000 19 3.21053 7 92 93 0.94737 64 2.78947
3795000 16 3.18750 7 91 84 1.00000 64 2.87500
3800000 18 3.11111 7 88 88 0.94444 62 2.55556
3805000 15 3.60000 8 96 89 1.00000 62 2.93333
3810000 19 3.21053 8 80 88 0.89474 62 2.68421
3815000 15 3.33333 6 90 81 0.93333 63 3.13333
3820000 17 3.29412 7 87 84 0.94118 58 2.82353
3825000 15 3.60000 7 88 89 0.93333 62 3.06667
3830000 18 3.16667 8 86 88 1.00000 66 2.66667
3835000 17 3.58824 9 85 95 0.94118 65 2.94118
3840000 14 3.92857 9 88 91 1.00000 64 2.92857
3845000 17 3.29412 9 91 87 0.94118 68 2.76471
3850000 17 3.29412 9 90 103 1.00000 67 2.82353
3855000 20 3.55000 10 76 94 0.95000 62 2.65000
3860000 19 3.47368 8 84 92 1.00000 67 2.84211
3865000 21 3.23810 8 74 96 0.90476 66 2.57143
3870000 17 3.35294 7 84 80 0.94118 63 3.00000
3875000 20 3.20000 7 78 100 1.00000 68 2.75000
3880000 19 3.21053 9 83 96 1.00000 69 2.84211
3885000 20 3.30000 8 87 101 1.00000 70 2.70000
3890000 19 3.42105 8 88 103 1.00000 71 2.84211
3895000 21 3.42857 9 81 103 0.90476 72 2.71429
3900000 23 3.43478 9 77 105 1.00000 68 2.65217
3905000 20 3.50000 8 79 105 1.00000 69 2.90000
3910000 20 3.65000 8 75 92 0.95000 67 2.90000
3915000 15 3.86667 10 88 92 1.00000 67 3.33333
3920000 19 3.31579 8 88 94 0.94737 66 2.68421
3925000 23 3.30435 8 86 106 0.95652 69 2.47826
3930000 18 3.66667 9 87 103 1.00000 68 2.88889
3935000 18 3.55556 9 94 93 0.94444 70 2.94444
3940000 25 3.08000 7 87 105 0.92000 70 2.32000
3945000 18 4.00000 8 91 101 0.94444 68 3.05556
3950000 18 3.66667 8 93 102 1.00000 65 2.83333
3955000 17 3.70588 9 93 104 0.94118 70 2.94118
3960000 21 3.66667 8 88 105 0.85714 67 2.66667
3965000 19 4.05263 11 78 112 1.00000 69 3.05263
3970000 19 4.05263 10 76 105 1.00000 65 3.10526
3975000 18 3.83333 7 74 89 0.83333 66 3.11111
3980000 16 3.87500 8 72 92 0.93750 69 3.37500
3985000 18 3.38889 7 74 89 0.94444 66 3.00000
3990000 16 3.75000 7 78 94 0.93750 68 3.00000
3995000 17 3.76471 8 79 86 1.00000 65 3.05882
4000000 19 3.21053 7 77 91 0.94737 64 2.78947
4005000 20 3.50000 9 69 96 1.00000 69 2.90000
4010000 17 3.76471 10 85 101 1.00000 65 3.05882
4015000 20 3.65000 11 81 100 0.90000 67 2.55000
4020000 15 4.13333 11 88 103 1.00000 69 3.26667
4025000 17 4.23529 10 79 105 1.00000 66 3.17647
4030000 21 3.52381 10 73 94 0.90476 71 2.90476
4035000 20 3.60000 9 82 104 0.90000 67 2.70000
4040000 18 3.88889 9 103 101 0.88889 66 2.94444
4045000 19 3.89474 9 96 105 0.94737 67 2.84211
4050000 17 4.00000 11 107 119 1.00000 68 3.05882
4055000 17 4.41176 16 96 100 1.00000 68 3.41176
4060000 20 4.15000 16 94 117 0.95000 69 3.05000
4065000 20 3.95000 15 102 107 0.95000 71 3.15000
4070000 22 3.77273 17 84 115 1.00000 70 2.72727
4075000 16 4.81250 16 94 116 1.00000 71 3.56250
4080000 22 4.09091 12 81 107 0.86364 72 2.77273
4085000 17 4.76471 12 83 111 1.00000 71 3.58824
4090000 17 4.23529 12 89 98 0.94118 67 3.47059
4095000 22 3.54545 11 85 92 0.81818 66 2.72727
4100000 25 3.16000 11 82 98 0.84000 69 2.44000
4105000 17 3.76471 12 88 98 0.94118 68 3.29412
4110000 17 3.88235 11 84 99 0.94118 66 3.23529
4115000 14 4.28571 10 95 102 0.92857 68 3.35714
4120000 20 3.75000 9 91 108 0.95000 68 2.80000
4125000 21 3.66667 10 85 106 0.90476 70 2.52381
4130000 19 4.00000 10 90 111 1.00000 69 2.84211
4135000 16 3.93750 9 107 105 1.00000 69 3.12500
4140000 19 3.78947 9 85 102 0.94737 66 2.63158
4145000 21 3.38095 9 84 103 0.95238 69 2.61905
4150000 18 3.61111 10 86 99 0.94444 62 2.66667
4155000 15 4.46667 9 86 96 1.00000 61 3.40000
4160000 17 4.23529 10 80 99 0.94118 66 3.11765
4165000 23 3.52174 10 73 96 0.91304 66 2.34783
4170000 18 3.94444 9 86 103 1.00000 66 3.05556
4175000 19 4.00000 9 89 108 0.89474 69 2.94737
4180000 23 3.82609 10 81 113 0.95652 73 2.73913
4185000 22 3.86364 10 83 113 0.95455 74 2.90909
4190000 21 4.42857 10 74 118 0.95238 72 3.04762
4195000 18 4.72222 8 77 115 1.00000 70 3.50000
4200000 19 4.36842 9 74 107 0.94737 72 3.21053
4205000 17 4.52941 9 80 109 0.94118 70 3.58824
4210000 16 4.50000 8 85 107 0.93750 72 3.75000
4215000 20 4.05000 9 77 98 0.95000 70 3.05000
4220000 15 4.60000 8 84 93 0.93333 65 3.73333
4225000 15 4.73333 8 77 96 1.00000 62 3.73333
4230000 15 4.80000 9 78 96 0.86667 63 3.53333
4235000 13 4.84615 9 91 97 1.00000 67 4.15385
4240000 16 4.56250 9 88 96 0.93750 66 3.50000
4245000 16 4.75000 9 86 109 0.93750 72 3.50000
4250000 19 3.94737 9 78 103 0.94737 71 3.05263
4255000 17 4.17647 10 93 103 0.94118 69 3.35294
4260000 21 3.76190 10 81 105 0.90476 69 2.95238
4265000 19 3.84211 10 92 107 0.94737 69 3.15789
4270000 20 3.85000 10 92 108 0.90000 72 3.15000
4275000 21 3.76190 9 89 116 0.95238 74 3.04762
4280000 21 3.66667 9 85 104 0.95238 73 3.04762
4285000 23 3.26087 8 89 107 0.95652 75 2.86957
4290000 18 4.11111 9 90 114 1.00000 76 3.50000
4295000 19 4.52632 9 69 110 1.00000 71 3.31579
4300000 16 4.81250 10 84 115 1.00000 74 3.68750
4305000 15 4.80000 11 83 105 0.93333 71 3.86667
4310000 17 4.29412 11 81 95 0.94118 70 3.52941
4315000 17 4.11765 10 79 99 1.00000 73 3.70588
4320000 19 4.00000 10 77 100 0.94737 71 3.36842
4325000 20 3.75000 10 82 97 0.85000 69 3.05000
4330000 16 4.18750 9 86 101 0.93750 68 3.25000
4335000 19 3.63158 9 74 90 0.84211 68 2.94737
4340000 18 3.38889 8 73 84 0.88889 65 2.88889
4345000 15 3.80000 9 83 95 1.00000 68 3.40000
4350000 19 3.10526 9 83 92 0.89474 66 2.63158
4355000 17 3.41176 8 86 89 1.00000 67 3.11765
4360000 15 4.20000 9 93 101 1.00000 68 3.46667
4365000 19 3.68421 9 88 91 0.89474 66 2.84211
4370000 12 5.16667 11 94 99 1.00000 62 3.91667
4375000 14 4.35714 9 89 97 1.00000 67 3.57143
4380000 18 3.66667 8 86 95 1.00000 68 3.05556
4385000 17 4.17647 9 80 99 1.00000 63 3.35294
4390000 16 4.37500 9 89 101 1.00000 68 3.68750
4395000 20 3.70000 9 80 103 0.90000 71 3.00000
4400000 18 3.55556 8 82 93 0.88889 68 3.16667
4405000 15 3.60000 6 93 89 0.93333 64 3.13333
4410000 14 3.71429 6 91 79 0.92857 60 3.21429
4415000 18 3.66667 7 84 96 0.94444 67 2.94444
4420000 17 3.76471 6 87 93 0.94118 62 3.11765
4425000 18 3.55556 8 90 98 0.94444 71 3.00000
4430000 18 3.61111 8 89 102 1.00000 66 3.00000
4435000 19 3.73684 8 79 113 1.00000 68 2.94737
4440000 20 3.95000 9 80 107 0.90000 68 2.75000
4445000 20 3.75000 7 85 107 1.00000 70 2.85000
4450000 23 3.34783 7 83 101 0.95652 67 2.60870
4455000 19 3.57895 8 87 99 1.00000 70 3.15789
4460000 20 3.35000 7 80 91 0.95000 63 2.90000
4465000 17 3.70588 8 93 96 1.00000 66 3.17647
4470000 19 3.78947 8 82 97 0.94737 59 2.94737
4475000 14 4.14286 6 96 86 1.00000 63 3.57143
4480000 19 3.63158 7 84 98 0.89474 63 2.73684
4485000 17 3.82353 8 83 107 1.00000 67 3.00000
4490000 17 3.64706 9 86 96 1.00000 62 2.88235
4495000 13 4.07692 9 94 102 1.00000 67 3.38462
4500000 17 3.76471 9 83 102 1.00000 65 2.76471
4505000 16 3.75000 8 87 95 0.93750 63 2.87500
4510000 18 4.05556 9 77 97 0.94444 64 2.72222
4515000 18 3.83333 9 87 105 1.00000 69 2.83333
4520000 21 3.57143 9 82 104 1.00000 68 2.66667
4525000 20 4.10000 11 75 108 1.00000 69 2.90000
4530000 21 3.90476 10 73 105 0.95238 69 2.66667
4535000 20 3.45000 9 81 103 1.00000 72 2.90000
4540000 21 3.23810 7 77 88 0.80952 64 2.47619
4545000 19 3.47368 7 83 86 1.00000 60 2.78947
4550000 19 3.52632 6 81 97 0.89474 66 2.84211
4555000 20 3.75000 7 77 99 0.95000 68 2.90000
4560000 19 4.15789 9 74 111 1.00000 66 3.15789
4565000 20 4.15000 13 67 109 1.00000 71 2.90000
4570000 19 4.21053 14 69 112 1.00000 73 3.15789
4575000 18 4.27778 13 75 106 1.00000 73 3.44444
4580000 22 3.81818 10 62 100 0.95455 71 2.95455
4585000 18 3.88889 10 78 90 1.00000 68 3.33333
4590000 17 4.00000 8 74 99 1.00000 70 3.29412
4595000 19 3.52632 8 72 88 1.00000 67 3.05263
4600000 22 3.31818 9 70 94 0.90909 73 2.72727
4605000 23 3.34783 7 73 99 0.91304 72 2.73913
4610000 19 3.73684 8 84 99 0.94737 71 3.15789
4615000 21 3.47619 8 82 103 0.95238 70 2.71429
4620000 20 3.05000 8 89 99 1.00000 67 2.70000
4625000 21 3.42857 9 80 99 0.95238 64 2.61905
4630000 17 3.88235 8 84 98 1.00000 68 3.05882
4635000 20 3.35000 7 75 86 0.90000 64 2.75000
4640000 22 3.18182 6 74 96 0.90909 63 2.36364
4645000 18 3.44444 6 89 85 0.88889 63 2.94444
4650000 13 3.53846 7 103 88 0.92308 62 3.53846
4655000 20 3.05000 7 93 86 0.90000 63 2.65000
4660000 17 3.35294 8 91 94 1.00000 68 2.94118
4665000 16 3.68750 6 83 93 1.00000 63 2.93750
4670000 14 3.85714 6 98 97 1.00000 62 3.42857
4675000 18 3.38889 7 97 98 0.94444 66 2.66667
4680000 15 3.66667 6 98 90 0.93333 61 2.66667
4685000 14 3.71429 6 101 85 0.85714 57 2.71429
4690000 19 3.15789 5 90 95 1.00000 66 2.63158
4695000 17 3.17647 6 96 96 1.00000 61 2.76471
4700000 15 3.73333 7 95 97 0.93333 56 3.00000
4705000 24 3.08333 8 82 97 0.95833 62 2.16667
4710000 23 3.13043 7 86 96 0.82609 63 2.26087
4715000 19 3.26316 7 92 92 0.94737 65 2.63158
4720000 19 3.42105 7 94 96 1.00000 68 2.73684
4725000 24 3.20833 8 80 104 0.95833 69 2.29167
4730000 24 3.20833 6 76 104 0.95833 69 2.45833
4735000 24 3.37500 6 83 107 0.87500 65 2.29167
4740000 19 3.52632 8 88 101 0.89474 68 2.63158
4745000 20 3.55000 7 92 101 0.95000 69 2.80000
4750000 23 3.17391 6 85 99 0.91304 68 2.39130
4755000 20 3.40000 6 88 104 1.00000 66 2.80000
4760000 19 3.42105 7 87 99 1.00000 71 3.21053
4765000 20 3.30000 7 78 97 1.00000 73 3.05000
4770000 23 3.17391 8 68 97 1.00000 72 2.82609
4775000 16 3.75000 11 81 90 1.00000 69 3.75000
4780000 19 3.47368 11 74 89 0.94737 68 2.84211
4785000 14 4.35714 11 82 95 1.00000 66 3.64286
4790000 20 3.65000 12 78 100 0.95000 66 2.85000
4795000 14 4.50000 11 97 94 0.92857 65 3.64286
4800000 14 4.92857 9 85 95 0.92857 63 3.78571
4805000 16 4.93750 11 81 109 1.00000 69 3.56250
4810000 19 4.00000 8 82 101 0.94737 67 3.10526
4815000 18 4.11111 9 79 102 0.94444 74 3.44444
4820000 21 3.71429 8 88 100 0.80952 72 2.90476
4825000 20 3.90000 8 86 110 0.95000 70 3.00000
4830000 18 4.05556 11 88 101 0.88889 72 3.22222
4835000 19 3.73684 11 97 107 0.89474 71 3.10526
4840000 15 4.40000 11 96 98 1.00000 67 3.73333
4845000 14 4.21429 11 96 97 0.92857 68 3.64286
4850000 17 4.11765 11 88 101 0.88235 69 3.17647
4855000 19 3.63158 11 82 95 0.84211 70 3.05263
4860000 18 3.83333 11 78 89 0.83333 65 2.88889
4865000 15 4.26667 9 86 93 1.00000 64 3.60000
4870000 15 4.26667 10 92 95 0.93333 68 3.53333
4875000 17 4.00000 10 86 94 0.88235 68 3.41176
4880000 16 4.06250 10 91 98 1.00000 65 3.56250
4885000 17 3.94118 8 94 99 0.94118 65 3.35294
4890000 20 3.80000 8 83 103 0.90000 65 2.85000
4895000 19 3.84211 8 82 101 1.00000 68 3.05263
4900000 17 4.00000 8 80 104 1.00000 69 3.35294
4905000 17 3.88235 7 78 96 0.94118 64 3.17647
4910000 15 3.80000 8 79 92 1.00000 63 3.46667
4915000 19 3.47368 8 71 88 0.94737 66 3.05263
4920000 17 4.11765 9 82 102 1.00000 68 3.41176
4925000 19 3.94737 9 73 97 0.94737 68 3.15789
4930000 20 3.75000 8 72 96 0.95000 69 3.05000
4935000 15 4.06667 8 83 90 1.00000 66 3.53333
4940000 17 3.52941 7 81 89 0.88235 66 3.00000
4945000 15 4.13333 7 94 95 0.93333 66 3.46667
4950000 19 3.84211 8 88 101 0.89474 70 2.94737
4955000 19 3.63158 7 86 100 1.00000 69 2.94737
4960000 20 3.40000 8 90 101 0.90000 71 2.70000
4965000 20 3.50000 8 91 104 0.95000 67 2.65000
4970000 18 4.33333 9 86 110 1.00000 67 3.11111
4975000 20 3.85000 12 79 103 1.00000 68 2.85000
4980000 15 4.66667 11 87 104 0.93333 68 3.53333
4985000 16 4.25000 12 91 97 0.93750 70 3.50000
4990000 15 4.26667 12 85 100 1.00000 68 3.73333
4995000 16 4.12500 13 82 93 1.00000 70 3.50000
5000000 15 4.06667 12 89 92 0.93333 69 3.66667
5005000 16 4.18750 11 84 95 1.00000 69 3.31250
5010000 19 3.94737 12 75 106 0.89474 68 2.89474
5015000 14 4.78571 11 82 102 1.00000 68 3.78571
5020000 14 4.71429 12 81 95 0.92857 66 3.78571
5025000 16 4.37500 13 81 97 1.00000 68 3.50000
5030000 19 3.89474 13 76 96 0.89474 66 3.00000
5035000 17 4.17647 11 79 101 1.00000 68 3.47059
5040000 18 3.72222 10 86 100 1.00000 71 3.16667
5045000 17 4.11765 11 88 102 0.88235 67 3.29412
5050000 19 4.15789 12 77 104 0.94737 66 3.00000
5055000 15 4.66667 11 83 96 0.86667 67 3.40000
5060000 13 5.07692 12 91 105 0.92308 63 3.84615
5065000 13 4.84615 9 96 94 1.00000 66 3.76923
5070000 16 4.25000 9 93 106 0.93750 63 3.25000
5075000 19 3.84211 10 81 98 0.89474 65 2.94737
5080000 14 4.50000 11 85 105 1.00000 62 3.71429
5085000 14 4.57143 10 86 99 1.00000 66 3.92857
5090000 16 4.50000 10 85 113 1.00000 68 3.50000
5095000 19 4.00000 7 76 102 1.00000 68 3.05263
5100000 15 4.20000 7 86 92 1.00000 66 3.53333
5105000 19 3.84211 7 84 107 1.00000 68 3.00000
5110000 18 3.66667 7 87 95 0.94444 70 3.22222
5115000 17 3.94118 7 91 105 1.00000 71 3.35294
5120000 18 3.77778 8 93 99 1.00000 71 3.05556
5125000 17 3.76471 8 97 103 1.00000 67 3.17647
5130000 12 4.25000 8 104 86 1.00000 66 4.25000
5135000 15 3.86667 7 92 84 0.93333 66 3.53333
5140000 13 4.00000 7 94 85 0.84615 66 3.76923
5145000 12 4.58333 8 98 89 0.91667 60 4.08333
5150000 14 4.35714 7 97 97 1.00000 67 3.78571
5155000 17 3.88235 8 87 101 0.94118 68 3.29412
5160000 19 3.57895 8 86 99 1.00000 66 2.89474
5165000 14 3.85714 8 89 90 1.00000 65 3.78571
5170000 14 3.85714 10 84 84 0.92857 62 3.64286
5175000 15 3.86667 9 90 86 1.00000 67 3.66667
5180000 14 4.07143 8 91 94 1.00000 67 3.78571
5185000 13 4.30769 7 99 85 0.84615 64 3.92308
5190000 20 3.60000 7 89 92 0.85000 64 2.85000
5195000 17 4.05882 7 88 98 0.94118 65 3.23529
5200000 19 3.63158 7 79 96 0.89474 70 3.10526
5205000 15 4.20000 7 87 102 1.00000 68 3.80000
5210000 19 3.78947 8 78 102 0.94737 70 3.10526
5215000 19 3.84211 8 75 101 1.00000 72 3.10526
5220000 15 4.80000 11 64 95 0.86667 65 3.33333
5225000 15 4.80000 9 72 100 1.00000 66 3.53333
5230000 13 4.84615 9 80 87 1.00000 66 3.76923
5235000 16 4.50000 9 77 100 0.93750 63 3.18750
5240000 15 4.53333 9 80 96 1.00000 60 3.46667
5245000 17 4.35294 10 85 97 0.88235 61 3.23529
5250000 16 4.37500 10 78 104 1.00000 65 3.25000
5255000 16 4.75000 11 82 104 1.00000 65 3.43750
5260000 21 3.95238 11 82 106 0.85714 66 2.71429
5265000 16 4.43750 11 92 103 1.00000 67 3.37500
5270000 14 4.92857 10 97 105 1.00000 65 3.85714
5275000 21 3.71429 9 84 104 0.90476 69 2.95238
5280000 18 4.11111 8 86 99 0.94444 69 3.44444
5285000 21 3.90476 8 80 103 0.95238 72 3.09524
5290000 18 4.66667 9 72 110 1.00000 72 3.61111
5295000 17 4.70588 9 76 109 1.00000 69 3.70588
5300000 18 4.27778 8 79 113 1.00000 72 3.50000
5305000 16 4.37500 8 79 95 0.87500 70 3.56250
5310000 17 4.23529 10 78 100 0.94118 70 3.52941
5315000 17 4.11765 10 81 97 1.00000 70 3.82353
5320000 17 4.52941 11 79 100 0.94118 68 3.76471
5325000 19 4.31579 11 81 103 1.00000 70 3.42105
5330000 17 4.35294 11 84 99 1.00000 70 3.76471
5335000 19 3.94737 10 89 101 0.84211 70 3.31579
5340000 20 4.25000 11 76 97 0.90000 71 3.30000
5345000 15 5.00000 10 85 106 0.93333 74 4.13333
5350000 17 5.35294 11 75 109 0.94118 74 3.82353
5355000 18 5.16667 11 68 118 1.00000 73 3.72222
5360000 19 4.78947 11 63 113 1.00000 71 3.63158
5365000 16 4.87500 9 72 105 1.00000 71 3.93750
5370000 20 4.45000 9 65 105 1.00000 72 3.40000
5375000 16 5.31250 9 70 107 1.00000 72 4.25000
5380000 16 5.06250 8 77 105 1.00000 71 4.12500
5385000 18 4.55556 8 81 110 0.88889 72 3.61111
5390000 16 5.00000 8 91 114 1.00000 72 3.93750
5395000 22 4.81818 9 66 119 0.95455 74 3.27273
5400000 20 4.60000 9 76 113 0.95000 76 3.65000
5405000 20 4.55000 10 83 111 0.95000 74 3.60000
5410000 21 4.42857 10 76 110 0.85714 76 3.47619
5415000 18 4.38889 11 88 103 1.00000 74 3.83333
5420000 20 4.30000 11 82 109 0.95000 72 3.40000
5425000 21 4.19048 10 85 113 0.90476 74 3.14286
5430000 21 4.19048 11 80 113 0.90476 72 3.09524
5435000 19 4.78947 10 74 118 1.00000 73 3.42105
5440000 22 4.18182 10 72 122 0.95455 74 2.95455
5445000 17 4.64706 12 82 110 1.00000 75 3.70588
5450000 18 4.55556 12 77 119 1.00000 77 3.66667
5455000 16 4.68750 10 77 107 1.00000 73 3.93750
5460000 18 4.33333 9 74 112 1.00000 75 3.72222
5465000 16 4.75000 10 79 111 1.00000 74 4.00000
5470000 16 4.56250 10 77 98 1.00000 75 3.93750
5475000 12 4.91667 10 78 86 1.00000 68 4.16667
5480000 15 4.26667 9 77 90 0.93333 67 3.53333
5485000 14 4.64286 8 89 101 1.00000 63 3.28571
5490000 16 4.50000 8 86 102 0.93750 66 3.06250
5495000 15 4.73333 8 90 103 1.00000 69 3.40000
5500000 19 3.94737 9 84 95 0.84211 67 2.57895
5505000 19 3.84211 8 91 104 0.94737 68 3.26316
5510000 19 3.89474 9 84 105 0.94737 72 3.26316
5515000 21 3.66667 9 75 104 0.95238 70 2.85714
5520000 18 3.94444 9 83 95 0.94444 64 3.00000
5525000 22 3.59091 9 77 102 0.95455 68 2.68182
5530000 23 3.95652 12 74 114 0.95652 68 2.52174
5535000 18 4.61111 14 83 107 1.00000 69 3.05556
5540000 18 4.61111 15 78 109 0.94444 69 3.22222
5545000 20 4.10000 14 71 106 1.00000 72 3.15000
5550000 17 4.41176 12 86 107 1.00000 69 3.47059
5555000 20 4.15000 13 80 110 0.95000 67 2.95000
5560000 14 4.92857 12 89 107 1.00000 70 4.14286
5565000 16 4.25000 10 87 92 1.00000 69 3.75000
5570000 17 4.29412 10 78 94 0.82353 68 3.47059
5575000 17 4.17647 8 79 101 1.00000 69 3.41176
5580000 19 4.00000 11 67 101 0.94737 71 3.36842
5585000 16 4.68750 10 75 99 1.00000 70 3.87500
5590000 19 4.05263 10 63 99 1.00000 66 3.21053
5595000 16 4.00000 8 81 95 0.93750 66 3.56250
5600000 14 4.28571 7 87 99 0.92857 64 3.71429
5605000 14 4.00000 8 92 96 1.00000 64 3.78571
5610000 17 3.88235 9 85 99 0.88235 63 3.23529
5615000 17 3.94118 13 83 92 0.88235 70 3.41176
5620000 19 4.10526 12 89 107 0.84211 70 3.10526
5625000 14 4.71429 13 98 104 0.92857 72 4.07143
5630000 16 4.56250 11 86 101 1.00000 68 3.81250
5635000 16 4.50000 10 91 102 0.93750 70 3.56250
5640000 19 4.05263 11 91 101 0.89474 71 3.26316
5645000 19 4.05263 12 85 105 0.94737 70 3.21053
5650000 18 4.38889 12 83 112 1.00000 69 3.27778
5655000 18 4.11111 11 85 111 0.94444 70 3.27778
5660000 18 4.33333 14 77 99 0.94444 67 3.33333
5665000 16 4.75000 13 84 104 0.93750 69 3.68750
5670000 20 4.55000 13 72 114 0.95000 68 2.95000
5675000 14 5.21429 12 86 101 0.92857 72 3.92857
5680000 13 4.76923 11 91 96 0.92308 73 4.30769
5685000 14 4.21429 9 99 94 0.85714 69 3.85714
5690000 13 4.53846 8 93 89 0.92308 65 4.23077
5695000 12 5.50000 9 84 93 0.91667 63 4.41667
5700000 11 5.27273 8 91 92 1.00000 67 4.72727
5705000 19 4.21053 9 76 105 0.94737 68 3.21053
5710000 15 4.40000 9 84 101 1.00000 64 3.86667
5715000 16 4.06250 9 81 81 0.93750 66 3.68750
5720000 15 4.20000 11 86 89 0.86667 63 3.80000
5725000 14 4.64286 10 86 95 0.92857 66 4.00000
5730000 18 4.05556 9 79 98 0.83333 74 3.33333
5735000 21 3.76190 10 73 99 0.95238 71 3.04762
5740000 23 3.56522 11 75 97 0.91304 71 2.73913
5745000 20 3.75000 12 80 108 1.00000 70 3.05000
5750000 17 3.94118 12 85 99 1.00000 72 3.35294
5755000 16 4.12500 10 82 96 0.93750 67 3.31250
5760000 20 3.70000 10 78 93 0.80000 65 2.80000
5765000 19 3.73684 10 79 101 0.89474 66 3.05263
5770000 18 4.00000 11 74 104 0.94444 69 3.05556
5775000 14 4.57143 10 73 99 1.00000 64 3.64286
5780000 17 4.05882 9 66 94 1.00000 67 3.23529
5785000 15 4.26667 9 70 97 1.00000 66 3.53333
5790000 15 4.53333 9 76 94 0.93333 64 3.73333
5795000 16 4.25000 9 77 96 1.00000 64 3.50000
5800000 14 4.64286 8 81 90 1.00000 66 3.85714
5805000 16 4.62500 8 81 103 1.00000 63 3.43750
5810000 15 4.73333 8 81 100 0.93333 61 3.53333
5815000 12 5.58333 9 87 105 1.00000 63 4.25000
5820000 12 5.00000 8 94 97 1.00000 64 4.25000
5825000 14 4.35714 7 93 98 0.78571 66 3.64286
5830000 15 4.40000 8 86 105 0.93333 67 3.53333
5835000 17 4.05882 9 88 93 0.82353 63 3.05882
5840000 19 4.05263 10 86 103 1.00000 70 3.15789
5845000 12 5.16667 10 101 100 0.91667 65 4.08333
5850000 13 4.53846 9 96 91 0.92308 63 3.69231
5855000 14 4.64286 10 87 96 1.00000 66 3.78571
5860000 16 4.18750 9 81 100 0.93750 66 3.43750
5865000 14 4.50000 8 80 89 0.92857 65 3.71429
5870000 12 5.08333 9 76 86 0.91667 59 4.16667
5875000 15 4.20000 9 68 92 0.93333 62 3.46667
5880000 18 3.88889 9 77 102 0.94444 64 3.00000
5885000 16 4.18750 8 79 93 1.00000 63 3.50000
5890000 17 4.41176 14 74 97 1.00000 62 3.35294
5895000 20 4.20000 14 67 103 1.00000 61 2.90000
5900000 17 4.11765 16 82 104 1.00000 61 3.17647
5905000 16 4.43750 16 79 93 1.00000 60 3.25000
5910000 16 4.18750 17 83 92 0.93750 60 3.18750
5915000 15 4.33333 16 77 95 0.93333 61 3.40000
5920000 13 5.00000 16 77 96 1.00000 60 3.76923
5925000 13 5.07692 13 72 100 1.00000 59 3.76923
5930000 15 4.20000 14 81 90 0.93333 59 3.33333
5935000 19 3.73684 11 76 96 0.84211 63 2.84211
5940000 15 4.13333 11 84 92 0.93333 65 3.33333
5945000 16 3.50000 11 92 85 1.00000 62 3.06250
5950000 19 3.52632 11 79 91 1.00000 65 2.68421
5955000 15 4.06667 11 84 86 0.93333 66 3.33333
5960000 19 3.42105 10 86 92 0.89474 66 2.68421
5965000 18 4.11111 17 87 103 1.00000 64 3.00000
5970000 17 4.17647 17 85 103 1.00000 69 3.23529
5975000 23 3.60870 14 74 107 0.78261 63 2.30435
5980000 15 4.40000 12 85 108 1.00000 69 3.53333
5985000 16 4.00000 11 88 102 0.93750 68 3.31250
5990000 17 4.11765 12 82 103 0.94118 69 3.05882
5995000 16 4.31250 13 73 96 0.93750 64 3.31250
6000000 15 4.33333 11 80 94 0.93333 65 3.46667
6005000 14 4.64286 11 75 90 1.00000 60 3.78571
6010000 15 4.13333 12 88 103 1.00000 69 3.66667
6015000 19 3.78947 12 82 102 0.94737 68 3.10526
6020000 22 3.86364 12 67 102 0.95455 66 2.72727
6025000 20 4.20000 10 74 112 0.95000 70 3.15000
6030000 18 4.55556 11 81 108 1.00000 70 3.38889
6035000 19 4.31579 12 80 117 0.94737 73 3.21053
6040000 17 4.70588 11 79 117 1.00000 75 3.58824
6045000 21 3.90476 11 73 96 0.85714 71 3.09524
6050000 21 3.61905 9 85 102 0.90476 76 3.09524
6055000 20 3.80000 9 82 105 0.90000 75 3.20000
6060000 13 4.23077 10 94 103 1.00000 73 4.46154
6065000 14 4.28571 10 93 93 0.92857 71 3.92857
6070000 14 4.07143 10 101 96 0.92857 66 3.50000
6075000 22 3.36364 10 87 98 0.90909 68 2.50000
6080000 19 3.78947 9 88 105 0.94737 68 2.89474
6085000 13 5.00000 10 105 100 0.92308 64 3.76923
6090000 14 5.00000 10 104 104 0.92857 71 3.71429
6095000 15 4.53333 10 94 96 1.00000 66 3.60000
6100000 17 4.11765 9 88 95 0.94118 68 3.52941
6105000 18 3.94444 9 85 95 0.88889 69 3.33333
6110000 19 3.84211 9 85 98 1.00000 69 3.21053
6115000 22 3.77273 9 82 101 0.90909 67 2.81818
6120000 15 4.33333 9 85 88 1.00000 66 3.86667
6125000 20 3.85000 8 76 99 0.90000 67 2.80000
6130000 13 4.69231 8 94 93 0.92308 61 3.69231
6135000 15 4.60000 7 80 95 1.00000 65 3.80000
6140000 15 4.13333 7 80 93 1.00000 61 3.40000
6145000 18 3.72222 8 71 89 1.00000 60 3.05556
6150000 16 3.93750 7 74 93 1.00000 64 3.31250
6155000 18 3.55556 7 71 82 0.94444 63 3.16667
6160000 20 3.35000 8 72 89 1.00000 62 2.85000
6165000 18 3.77778 8 78 102 0.88889 67 2.88889
6170000 16 3.81250 7 87 85 0.87500 60 3.06250
6175000 21 3.47619 8 79 101 0.95238 66 2.52381
6180000 17 4.11765 9 83 99 0.94118 67 3.00000
6185000 19 4.00000 10 81 104 0.94737 67 2.73684
6190000 14 3.85714 8 93 92 1.00000 64 3.50000
6195000 16 4.06250 9 88 107 1.00000 67 3.06250
6200000 15 4.40000 8 86 100 0.93333 71 3.60000
6205000 15 4.20000 7 90 98 1.00000 67 3.60000
6210000 12 4.75000 7 103 100 1.00000 71 4.25000
6215000 21 3.57143 7 85 107 0.90476 69 2.71429
6220000 19 3.89474 9 85 104 0.84211 70 2.78947
6225000 20 3.70000 9 77 103 1.00000 68 2.85000
6230000 22 3.63636 10 70 105 0.95455 69 2.63636
6235000 21 3.71429 10 82 101 0.90476 67 2.38095
6240000 21 3.76190 10 78 108 1.00000 69 2.47619
6245000 21 3.76190 9 83 113 1.00000 68 2.61905
6250000 20 4.00000 10 80 113 1.00000 72 2.85000
6255000 21 3.95238 10 75 110 0.90476 71 2.80952
6260000 17 4.41176 9 76 101 1.00000 67 3.35294
6265000 20 3.90000 8 70 98 0.85000 68 3.00000
6270000 19 3.42105 7 71 87 0.94737 67 3.05263
6275000 16 3.87500 7 79 84 0.87500 62 3.31250
6280000 15 4.20000 10 77 92 0.93333 63 3.53333
6285000 18 3.94444 11 80 101 0.94444 70 3.27778
6290000 17 3.82353 10 77 88 0.88235 68 3.35294
6295000 18 3.94444 10 69 92 0.94444 67 3.16667
6300000 17 4.29412 10 70 99 0.94118 65 3.17647
6305000 16 4.25000 11 66 87 1.00000 66 3.43750
6310000 17 4.17647 11 73 98 0.94118 67 3.17647
6315000 17 4.11765 10 74 97 1.00000 65 3.29412
6320000 20 3.50000 9 72 89 0.95000 65 2.85000
6325000 18 3.72222 9 85 94 0.94444 65 3.05556
6330000 19 3.84211 11 82 103 1.00000 69 3.21053
6335000 20 3.40000 10 91 100 1.00000 69 2.90000
6340000 22 3.36364 11 75 101 1.00000 69 2.81818
6345000 20 3.25000 6 86 97 0.95000 65 2.75000
6350000 21 3.23810 6 89 98 0.95238 64 2.71429
6355000 20 3.40000 6 79 93 0.95000 65 2.70000
6360000 18 3.38889 6 76 95 0.94444 65 2.88889
6365000 19 3.57895 6 74 99 0.89474 64 2.68421
6370000 17 4.00000 8 77 99 0.94118 68 3.05882
6375000 20 3.55000 6 73 103 1.00000 72 2.85000
6380000 19 3.47368 6 71 95 0.89474 66 2.73684
6385000 19 3.52632 7 72 96 1.00000 62 2.78947
6390000 18 3.38889 8 76 90 0.94444 62 2.83333
6395000 20 3.25000 7 71 88 0.95000 61 2.60000
6400000 22 2.81818 5 71 86 0.95455 63 2.36364
6405000 18 3.33333 5 80 88 1.00000 62 2.88889
6410000 19 3.52632 8 72 95 1.00000 64 3.00000
6415000 18 3.55556 8 70 95 1.00000 67 3.11111
6420000 22 3.40909 8 71 92 0.95455 67 2.77273
6425000 18 3.83333 7 74 90 1.00000 64 3.22222
6430000 19 3.31579 6 77 86 0.84211 64 2.63158
6435000 18 3.22222 7 85 84 1.00000 64 2.94444
6440000 14 4.28571 7 85 88 0.92857 62 3.64286
6445000 14 4.35714 8 81 91 1.00000 65 3.78571
6450000 13 4.23077 6 82 87 1.00000 61 3.76923
6455000 17 3.41176 6 75 87 0.88235 65 3.00000
6460000 13 3.61538 6 94 79 1.00000 62 3.61538
6465000 15 3.46667 8 86 78 0.86667 62 2.73333
6470000 15 3.60000 7 91 92 0.86667 64 2.80000
6475000 18 3.16667 7 87 84 0.88889 64 2.72222
6480000 14 3.50000 6 90 89 0.92857 65 3.00000
6485000 16 3.62500 7 84 90 1.00000 61 3.06250
6490000 15 3.73333 7 81 93 1.00000 66 3.13333
6495000 14 4.07143 7 82 100 0.92857 63 3.07143
6500000 16 4.00000 8 74 96 1.00000 69 3.31250
6505000 17 3.94118 8 76 90 0.94118 63 3.00000
6510000 17 3.70588 7 78 90 1.00000 66 3.11765
6515000 19 3.21053 6 78 86 0.89474 66 2.84211
6520000 18 3.61111 7 85 99 1.00000 66 2.94444
6525000 18 3.50000 7 88 97 1.00000 65 3.00000
6530000 15 3.80000 7 94 93 0.86667 65 3.13333
6535000 14 3.50000 8 101 84 0.92857 63 3.42857
6540000 14 3.64286 7 112 94 0.92857 64 3.00000
6545000 16 3.43750 7 112 89 0.87500 59 2.62500
6550000 19 3.57895 7 104 108 0.89474 62 2.63158
6555000 19 3.52632 7 113 105 0.94737 65 2.68421
6560000 20 3.85000 10 98 118 0.95000 70 2.70000
6565000 21 3.71429 9 91 105 0.85714 70 2.80952
6570000 21 3.80952 9 84 108 0.90476 70 2.80952
6575000 19 4.05263 9 84 111 0.94737 70 3.15789
6580000 20 3.60000 8 91 101 0.90000 72 3.15000
6585000 18 3.55556 9 86 92 0.94444 73 3.38889
6590000 15 3.93333 11 85 93 1.00000 66 3.46667
6595000 12 4.00000 9 90 81 0.91667 64 4.00000
6600000 14 3.85714 7 93 80 1.00000 55 3.28571
6605000 18 3.44444 7 80 92 0.88889 56 2.61111
6610000 14 4.21429 8 91 89 0.92857 62 3.42857
6615000 16 4.12500 9 94 91 0.87500 56 3.06250
6620000 15 4.26667 9 93 97 0.93333 65 3.33333
6625000 19 3.52632 7 85 97 0.94737 68 2.78947
6630000 19 3.73684 7 79 98 0.94737 65 3.00000
6635000 16 4.00000 7 83 96 1.00000 64 3.37500
6640000 14 4.42857 7 91 101 1.00000 71 3.64286
6645000 17 3.88235 7 88 109 1.00000 67 3.23529
6650000 19 3.42105 5 91 94 0.89474 68 2.73684
6655000 18 3.77778 7 79 105 1.00000 69 2.94444
6660000 20 3.65000 8 78 109 0.90000 68 2.70000
6665000 19 3.89474 8 76 102 0.94737 70 2.89474
6670000 16 4.50000 8 79 97 1.00000 68 3.50000
6675000 17 4.41176 8 79 117 1.00000 66 3.29412
6680000 20 4.00000 8 80 110 1.00000 70 2.90000
6685000 20 3.95000 13 77 108 1.00000 70 2.95000
6690000 21 4.14286 11 71 107 0.90476 68 2.80952
6695000 17 4.58824 12 67 96 0.88235 63 3.23529
6700000 16 4.75000 13 70 99 1.00000 64 3.37500
6705000 12 5.58333 11 82 102 1.00000 66 4.33333
6710000 12 5.50000 11 77 100 1.00000 69 4.16667
6715000 16 4.62500 10 72 101 0.87500 70 3.50000
6720000 14 4.85714 12 85 97 1.00000 66 3.85714
6725000 17 4.29412 11 76 98 1.00000 67 3.17647
6730000 17 4.52941 12 71 104 0.88235 68 3.05882
6735000 15 4.66667 13 81 101 1.00000 67 3.40000
6740000 14 5.28571 14 80 111 1.00000 68 4.00000
6745000 17 4.35294 13 79 101 0.88235 69 3.23529
6750000 15 4.40000 13 89 102 0.93333 67 3.46667
6755000 17 4.52941 12 81 108 0.94118 68 3.35294
6760000 17 4.17647 8 77 96 0.94118 68 3.35294
6765000 16 4.12500 8 88 99 0.87500 68 3.31250
6770000 18 3.72222 9 90 95 0.88889 72 3.16667
6775000 18 3.83333 8 85 96 0.88889 69 3.00000
6780000 17 4.05882 9 80 101 0.94118 72 3.35294
6785000 20 3.70000 9 79 111 1.00000 72 3.05000
6790000 20 3.75000 10 85 101 1.00000 71 2.80000
6795000 19 4.05263 10 83 108 1.00000 68 3.10526
6800000 18 4.33333 9 79 114 1.00000 70 3.22222
6805000 15 4.66667 10 86 104 1.00000 66 3.53333
6810000 18 4.16667 9 79 99 0.88889 67 3.00000
6815000 17 4.47059 9 69 106 1.00000 69 3.29412
6820000 21 4.00000 9 70 113 1.00000 69 2.76190
6825000 16 4.37500 9 84 101 0.93750 65 3.43750
6830000 14 4.85714 8 81 94 1.00000 60 3.71429
6835000 14 4.64286 8 83 92 0.92857 62 3.35714
6840000 11 5.36364 10 84 89 1.00000 63 4.45455
6845000 12 4.58333 9 83 87 1.00000 67 4.25000
6850000 13 4.84615 11 78 89 1.00000 66 4.07692
6855000 14 4.14286 10 78 86 0.92857 64 3.78571
6860000 18 3.61111 10 71 87 1.00000 65 3.22222
6865000 19 3.21053 9 74 86 0.94737 66 3.00000
6870000 22 3.50000 9 71 102 0.90909 68 2.59091
6875000 20 3.55000 8 84 94 0.95000 65 2.80000
6880000 19 3.73684 8 84 101 0.94737 68 2.68421
6885000 17 3.94118 8 87 105 1.00000 67 3.00000
6890000 21 3.71429 8 78 103 0.95238 68 2.66667
6895000 17 4.11765 9 83 105 1.00000 67 3.17647
6900000 21 3.76190 8 63 98 0.85714 67 2.61905
6905000 19 3.94737 9 66 102 0.89474 65 2.73684
6910000 16 3.87500 7 74 94 1.00000 67 3.37500
6915000 16 3.87500 7 72 90 1.00000 67 3.31250
6920000 19 3.73684 9 73 102 0.94737 62 2.68421
6925000 18 3.77778 8 79 96 1.00000 66 3.05556
6930000 18 3.83333 8 86 104 1.00000 65 2.94444
6935000 18 3.83333 7 81 97 0.94444 68 3.00000
6940000 17 3.64706 7 81 95 1.00000 63 3.11765
6945000 16 3.93750 8 89 96 0.93750 66 3.06250
6950000 16 3.62500 9 91 100 1.00000 71 3.00000
6955000 20 2.95000 5 84 89 1.00000 67 2.45000
6960000 17 3.00000 6 83 84 0.88235 66 2.76471
6965000 14 3.00000 7 92 93 1.00000 60 3.07143
6970000 16 3.06250 9 92 87 0.93750 61 2.68750
6975000 20 3.10000 9 89 96 0.90000 63 2.10000
6980000 20 3.05000 11 86 89 1.00000 60 2.50000
6985000 19 3.21053 6 89 82 0.84211 60 2.52632
6990000 18 3.38889 7 88 101 1.00000 61 2.77778
6995000 17 3.52941 9 93 96 0.94118 66 2.88235
7000000 20 3.25000 7 92 102 0.95000 65 2.75000
7005000 19 3.21053 7 90 89 1.00000 66 2.89474
7010000 25 2.76000 7 79 93 0.96000 70 2.40000
7015000 20 3.00000 8 88 88 0.95000 68 2.75000
7020000 20 3.35000 9 86 97 0.95000 60 2.60000
7025000 15 4.60000 11 89 100 1.00000 62 3.20000
7030000 19 4.21053 11 85 118 0.94737 67 2.84211
7035000 17 4.52941 10 84 109 1.00000 62 3.11765
7040000 15 4.53333 8 89 98 0.93333 62 3.26667
7045000 19 4.00000 8 74 102 1.00000 69 3.00000
7050000 15 4.40000 10 83 91 1.00000 71 3.60000
7055000 13 4.84615 10 80 103 1.00000 69 3.84615
7060000 16 4.37500 12 73 96 0.93750 66 3.37500
7065000 14 4.35714 12 91 98 1.00000 70 3.85714
7070000 13 4.07692 10 98 104 1.00000 67 3.84615
7075000 12 4.41667 9 100 93 1.00000 65 4.16667
7080000 18 3.61111 9 92 96 0.94444 65 3.00000
7085000 15 4.00000 9 100 91 0.86667 65 3.33333
7090000 19 3.68421 9 91 101 0.94737 64 2.73684
7095000 18 3.94444 9 85 95 0.88889 62 2.88889
7100000 17 4.11765 9 84 95 1.00000 63 3.17647
7105000 16 3.87500 8 86 108 1.00000 65 3.12500
7110000 19 3.57895 8 81 99 0.89474 65 2.73684
7115000 15 3.93333 7 87 86 0.93333 66 3.60000
7120000 20 3.35000 7 74 97 0.90000 71 2.80000
7125000 18 3.72222 8 78 88 0.94444 63 3.05556
7130000 21 3.52381 7 73 99 0.95238 65 2.66667
7135000 20 4.00000 8 75 100 0.90000 69 2.80000
7140000 16 4.68750 9 79 115 1.00000 67 3.37500
7145000 22 3.86364 10 71 108 0.90909 72 2.72727
7150000 18 3.72222 8 86 106 1.00000 73 3.27778
7155000 16 3.93750 7 86 101 1.00000 71 3.50000
7160000 17 3.82353 7 84 94 0.88235 65 3.17647
7165000 15 4.06667 7 92 91 1.00000 63 3.60000
7170000 21 3.57143 6 81 102 0.85714 68 2.61905
7175000 18 3.77778 6 89 111 0.88889 73 2.94444
7180000 17 3.82353 7 92 108 1.00000 74 3.17647
7185000 21 3.71429 9 82 107 1.00000 71 2.80952
7190000 23 3.26087 8 81 99 0.82609 71 2.52174
7195000 23 3.04348 6 85 97 0.95652 70 2.60870
7200000 24 3.04167 6 80 98 0.91667 66 2.29167
7205000 19 3.31579 7 85 86 0.84211 64 2.84211
7210000 20 3.00000 8 77 90 0.90000 63 2.60000
7215000 21 3.38095 8 73 96 0.95238 66 2.57143
7220000 19 3.57895 7 83 92 0.89474 67 2.84211
7225000 22 3.04545 7 79 99 0.95455 68 2.36364
7230000 19 3.31579 8 86 100 1.00000 67 2.68421
7235000 16 4.18750 12 89 106 1.00000 66 3.12500
7240000 18 4.05556 10 90 110 0.94444 67 2.88889
7245000 16 4.18750 11 93 95 0.87500 64 3.12500
7250000 20 3.95000 11 79 102 0.95000 65 2.65000
7255000 20 3.65000 9 91 107 1.00000 68 2.75000
7260000 24 3.37500 10 81 105 0.79167 66 2.29167
7265000 16 4.06250 9 92 96 1.00000 67 3.25000
7270000 16 3.93750 10 90 104 1.00000 63 3.12500
7275000 15 4.13333 9 92 90 0.93333 62 3.33333
7280000 17 4.64706 10 89 109 0.88235 66 3.23529
7285000 19 4.21053 11 90 115 1.00000 68 2.89474
7290000 20 3.95000 11 89 106 0.90000 68 2.95000
7295000 14 5.07143 11 89 99 1.00000 63 4.00000
7300000 18 4.16667 9 74 108 0.94444 66 3.16667
7305000 19 3.84211 9 76 99 0.94737 67 2.94737
7310000 18 4.16667 10 84 101 1.00000 65 3.11111
7315000 19 4.21053 10 85 114 0.94737 71 2.89474
7320000 23 3.65217 11 78 108 1.00000 72 2.65217
7325000 16 4.12500 14 89 105 0.93750 66 3.25000
7330000 19 3.84211 8 79 105 0.94737 68 2.89474
7335000 17 4.11765 12 86 97 0.94118 65 3.17647
7340000 17 4.29412 11 81 100 0.88235 64 3.11765
7345000 16 4.12500 12 85 97 0.93750 63 3.43750
7350000 15 4.46667 10 83 102 1.00000 67 3.60000
7355000 18 3.88889 10 86 108 0.94444 65 3.00000
7360000 18 4.11111 9 80 100 1.00000 63 3.05556
7365000 19 4.15789 10 69 107 0.94737 64 3.00000
7370000 17 4.11765 9 73 109 1.00000 67 3.17647
7375000 18 4.27778 9 75 100 0.94444 68 3.27778
7380000 23 3.86957 9 65 110 0.86957 74 2.78261
7385000 19 4.36842 10 74 110 1.00000 74 3.15789
7390000 20 4.05000 11 72 106 1.00000 72 3.15000
7395000 17 4.35294 11 72 104 1.00000 71 3.47059
7400000 19 3.89474 11 73 103 0.84211 67 3.00000
7405000 16 4.37500 11 80 107 1.00000 71 3.62500
7410000 14 4.85714 9 83 93 0.92857 70 3.85714
7415000 17 4.52941 9 68 99 1.00000 69 3.47059
7420000 16 4.56250 9 82 106 0.93750 68 3.43750
7425000 16 4.25000 9 88 105 1.00000 67 3.62500
7430000 15 4.46667 8 82 96 0.93333 68 3.60000
7435000 16 4.81250 9 64 94 1.00000 68 3.68750
7440000 21 4.09524 12 56 107 0.85714 70 2.95238
7445000 20 4.15000 13 65 104 0.95000 66 3.05000
7450000 18 4.61111 15 65 107 0.94444 71 3.38889
7455000 16 4.87500 13 77 102 0.93750 69 3.62500
7460000 15 4.86667 11 77 103 0.86667 71 3.93333
7465000 17 4.29412 8 76 100 0.82353 67 3.35294
7470000 15 4.53333 9 70 98 1.00000 66 3.80000
7475000 16 4.75000 9 72 101 1.00000 67 3.75000
7480000 18 4.38889 8 69 95 0.94444 67 3.16667
7485000 15 4.53333 8 79 98 1.00000 67 3.73333
7490000 17 4.52941 9 70 99 0.94118 65 3.35294
7495000 16 4.50000 8 77 100 1.00000 66 3.50000
7500000 16 4.06250 7 90 99 1.00000 72 3.43750
7505000 18 3.61111 7 95 97 0.94444 69 3.05556
7510000 17 3.88235 7 85 98 0.94118 66 3.29412
7515000 14 4.21429 6 94 96 1.00000 69 3.85714
7520000 18 3.66667 8 86 93 0.88889 70 3.00000
7525000 20 3.45000 7 84 101 0.95000 70 2.95000
7530000 21 3.23810 6 90 94 0.85714 66 2.76190
7535000 17 3.41176 6 98 92 0.94118 66 3.00000
7540000 20 3.35000 7 88 102 0.95000 64 2.60000
7545000 14 3.71429 8 102 87 1.00000 60 3.14286
7550000 16 3.37500 6 90 87 1.00000 61 2.93750
7555000 21 3.23810 8 82 98 1.00000 61 2.52381
7560000 21 3.33333 6 91 107 0.95238 68 2.38095
7565000 19 3.73684 8 86 100 0.94737 69 2.73684
7570000 22 3.50000 8 86 105 0.90909 67 2.63636
7575000 21 3.52381 9 93 103 0.95238 70 2.80952
7580000 19 3.68421 8 86 97 1.00000 61 2.94737
7585000 18 3.83333 6 86 102 1.00000 67 3.11111
7590000 20 3.65000 7 79 98 1.00000 66 3.00000
7595000 22 3.59091 8 77 98 0.86364 61 2.63636
7600000 20 3.85000 8 83 105 1.00000 67 2.90000
7605000 21 3.85714 7 84 106 1.00000 68 2.85714
7610000 20 4.15000 7 84 114 1.00000 68 2.95000
7615000 17 4.29412 8 96 109 1.00000 68 3.29412
7620000 16 4.56250 8 96 110 1.00000 69 3.43750
7625000 16 4.31250 7 94 107 1.00000 69 3.56250
7630000 18 3.94444 7 93 108 0.94444 69 3.22222
7635000 19 3.78947 7 79 99 1.00000 66 3.10526
7640000 22 3.68182 7 67 101 1.00000 65 2.77273
7645000 19 4.10526 9 64 108 0.94737 71 3.26316
7650000 18 4.11111 8 57 90 0.94444 68 3.44444
7655000 20 3.90000 9 64 94 0.90000 70 3.15000
7660000 19 3.89474 7 66 105 0.94737 71 3.42105
7665000 20 3.65000 7 71 99 1.00000 73 3.25000
7670000 19 4.21053 9 69 99 0.94737 66 3.26316
7675000 18 4.05556 9 75 91 0.94444 69 3.50000
7680000 18 3.94444 9 78 97 1.00000 69 3.27778
7685000 21 3.71429 7 72 93 0.90476 68 2.80952
7690000 20 3.85000 7 75 101 0.95000 70 3.10000
7695000 19 4.05263 7 76 110 1.00000 70 3.42105
7700000 18 3.94444 7 83 101 1.00000 74 3.55556
7705000 18 3.88889 7 84 99 0.94444 72 3.50000
7710000 24 3.45833 8 69 97 0.91667 73 2.75000
7715000 17 4.23529 7 83 99 1.00000 70 3.52941
7720000 21 3.90476 8 67 101 0.90476 67 2.76190
7725000 20 3.65000 7 71 92 0.90000 67 3.00000
7730000 20 3.55000 6 79 97 0.95000 65 3.05000
7735000 19 3.68421 6 79 89 0.89474 67 3.26316
7740000 18 3.94444 7 88 94 0.94444 69 3.22222
7745000 17 4.00000 7 81 96 1.00000 68 3.41176
7750000 16 4.43750 8 82 96 1.00000 65 3.68750
7755000 18 4.05556 7 77 100 1.00000 68 3.50000
7760000 16 5.06250 10 75 115 1.00000 70 3.50000
7765000 15 5.33333 9 78 106 1.00000 71 3.66667
7770000 17 4.70588 9 70 101 0.94118 65 3.35294
7775000 15 4.73333 9 74 88 0.93333 60 3.66667
7780000 17 4.58824 9 71 105 1.00000 64 3.29412
7785000 18 4.22222 8 72 104 0.94444 67 3.27778
7790000 15 4.66667 8 87 100 0.93333 65 3.86667
7795000 17 4.23529 8 80 100 0.94118 69 3.41176
7800000 19 4.00000 8 79 105 0.94737 70 3.15789
7805000 17 4.17647 7 82 96 0.94118 69 3.29412
7810000 18 4.05556 7 81 103 1.00000 71 3.33333
7815000 18 4.11111 7 76 103 1.00000 72 3.33333
7820000 20 3.60000 6 71 96 0.95000 67 2.95000
7825000 17 3.94118 7 79 97 1.00000 67 3.35294
7830000 17 3.94118 8 76 97 1.00000 66 3.29412
7835000 15 4.00000 8 84 96 0.93333 64 3.33333
7840000 15 3.80000 9 81 91 1.00000 63 3.40000
7845000 18 3.27778 9 77 88 0.94444 60 2.83333
7850000 15 3.86667 9 78 88 0.93333 62 3.13333
7855000 13 4.30769 9 81 92 1.00000 63 3.38462
7860000 15 4.13333 9 84 95 1.00000 66 3.26667
7865000 16 4.43750 8 84 105 0.93750 66 3.06250
7870000 19 3.78947 8 81 100 0.89474 69 2.73684
7875000 15 3.86667 7 89 90 0.86667 68 3.00000
7880000 17 3.52941 8 82 95 1.00000 68 3.11765
7885000 21 3.19048 7 81 97 0.95238 68 2.66667
7890000 17 3.47059 8 81 85 1.00000 64 3.23529
7895000 19 3.31579 6 77 95 1.00000 67 2.94737
7900000 20 3.05000 6 86 98 0.90000 69 2.50000
7905000 21 3.61905 8 81 104 1.00000 67 2.76190
7910000 19 3.78947 8 79 104 0.89474 69 2.78947
7915000 18 3.88889 8 73 108 1.00000 67 3.00000
7920000 18 3.66667 7 72 88 0.94444 65 2.94444
7925000 18 3.50000 8 72 91 1.00000 66 3.11111
7930000 16 3.93750 7 78 96 1.00000 63 3.18750
7935000 16 3.68750 7 80 98 1.00000 66 3.12500
7940000 15 4.13333 9 83 97 1.00000 68 3.40000
7945000 19 3.36842 8 81 93 0.94737 65 2.73684
7950000 18 3.72222 9 80 92 0.88889 56 2.55556
7955000 18 3.83333 10 83 95 0.88889 56 2.55556
7960000 13 4.76923 11 100 98 0.92308 62 3.38462
7965000 15 4.60000 11 97 99 1.00000 66 2.93333
7970000 17 4.17647 11 97 103 0.94118 63 3.11765
7975000 17 4.00000 11 101 108 0.94118 64 3.00000
7980000 17 3.82353 10 95 106 1.00000 64 2.82353
7985000 18 4.00000 9 93 97 0.88889 62 2.94444
7990000 18 4.16667 9 87 108 0.88889 66 2.72222
7995000 17 4.47059 9 84 113 1.00000 69 3.00000
8000000 20 3.80000 10 74 102 0.95000 68 2.70000
8005000 18 4.27778 9 75 110 1.00000 64 2.94444
8010000 16 3.75000 8 98 96 1.00000 65 3.12500
8015000 20 3.75000 9 81 103 0.95000 67 2.70000
8020000 24 3.58333 8 75 110 0.87500 68 2.29167
8025000 21 3.47619 7 80 101 1.00000 67 2.57143
8030000 19 3.26316 5 84 96 1.00000 64 2.78947
8035000 26 2.88462 4 79 96 0.92308 68 2.23077
8040000 18 3.05556 6 101 90 1.00000 66 2.88889
8045000 22 3.18182 6 80 101 0.90909 69 2.40909
8050000 22 3.36364 6 87 104 1.00000 67 2.59091
8055000 19 3.31579 6 86 103 1.00000 68 2.78947
8060000 15 3.46667 6 91 91 1.00000 65 3.20000
8065000 15 3.40000 6 97 88 0.93333 62 3.13333
8070000 18 3.27778 5 86 82 0.94444 65 3.00000
8075000 19 3.26316 6 89 96 0.94737 66 2.68421
8080000 22 3.36364 6 80 107 0.95455 67 2.50000
8085000 17 3.76471 7 81 96 1.00000 65 2.94118
8090000 18 3.72222 8 84 104 1.00000 66 2.88889
8095000 16 3.93750 8 85 108 1.00000 69 3.12500
8100000 22 3.22727 8 74 93 0.90909 67 2.54545
8105000 22 3.22727 8 83 102 0.90909 69 2.50000
8110000 18 3.72222 8 87 98 0.94444 69 2.88889
8115000 19 3.89474 10 89 104 0.89474 68 2.84211
8120000 20 3.90000 10 78 100 1.00000 69 2.95000
8125000 19 4.10526 10 80 98 0.84211 68 2.94737
8130000 16 5.00000 11 72 107 0.93750 69 3.68750
8135000 16 4.81250 10 74 102 1.00000 70 3.75000
8140000 16 4.50000 9 71 97 0.93750 67 3.62500
8145000 17 4.11765 7 74 100 0.94118 69 3.41176
8150000 20 3.75000 7 71 101 0.95000 68 2.95000
8155000 18 3.72222 7 78 96 1.00000 71 3.05556
8160000 19 3.68421 7 66 97 0.94737 69 2.94737
8165000 13 4.61538 7 79 97 1.00000 66 3.84615
8170000 16 4.18750 7 70 92 0.81250 66 3.06250
8175000 17 3.94118 7 66 95 1.00000 65 3.11765
8180000 15 4.26667 8 68 97 1.00000 64 3.40000
8185000 18 3.88889 8 65 92 0.88889 63 3.00000
8190000 17 4.35294 8 64 96 1.00000 64 3.29412
8195000 13 4.46154 8 84 96 1.00000 68 4.15385
8200000 16 3.93750 8 72 92 1.00000 68 3.43750
8205000 16 3.56250 6 77 87 0.87500 66 3.31250
8210000 14 3.57143 6 82 80 0.92857 66 3.78571
8215000 17 3.64706 7 77 87 1.00000 67 3.41176
8220000 17 3.52941 6 85 85 0.88235 64 3.29412
8225000 17 3.29412 7 94 92 1.00000 67 3.00000
8230000 21 3.19048 7 82 95 0.95238 69 2.76190
8235000 21 3.28571 7 78 100 1.00000 71 2.85714
8240000 19 3.36842 7 87 89 0.89474 67 3.00000
8245000 17 3.47059 7 90 91 1.00000 68 3.29412
8250000 15 3.86667 7 85 96 1.00000 66 3.53333
8255000 15 3.80000 9 93 91 1.00000 64 3.53333
8260000 19 3.31579 9 89 99 0.94737 67 2.84211
8265000 21 3.47619 10 94 107 0.90476 62 2.66667
8270000 21 3.38095 11 84 98 0.90476 66 2.61905
8275000 19 3.84211 11 83 91 1.00000 65 3.00000
8280000 17 4.29412 10 84 107 0.94118 68 3.35294
8285000 18 4.16667 13 83 116 1.00000 69 2.94444
8290000 15 4.53333 11 88 99 1.00000 61 3.33333
8295000 15 4.40000 11 91 104 1.00000 66 3.40000
8300000 16 4.12500 8 80 102 1.00000 67 3.25000
8305000 18 3.77778 7 76 102 1.00000 67 3.11111
8310000 18 3.94444 8 80 103 1.00000 70 3.22222
8315000 18 3.94444 7 78 93 1.00000 66 3.16667
8320000 19 3.84211 7 81 104 0.94737 70 3.00000
8325000 20 3.35000 7 74 101 0.95000 68 2.95000
8330000 17 3.88235 7 74 101 0.88235 55 2.94118
8335000 18 3.61111 7 78 93 1.00000 61 2.77778
8340000 19 3.36842 7 77 99 0.94737 69 2.78947
8345000 22 3.27273 8 73 100 1.00000 69 2.59091
8350000 20 3.55000 7 75 103 1.00000 71 2.90000
8355000 18 3.38889 7 83 95 1.00000 67 2.88889
8360000 17 3.47059 8 83 95 0.94118 64 2.70588
8365000 18 3.61111 8 70 88 0.83333 63 2.61111
8370000 16 3.81250 8 76 93 1.00000 64 3.12500
8375000 18 3.38889 8 75 94 0.94444 64 2.94444
8380000 18 3.16667 8 76 89 0.94444 64 3.00000
8385000 18 3.16667 6 85 90 0.88889 64 2.72222
8390000 23 3.08696 7 80 89 0.82609 60 2.30435
8395000 19 3.68421 8 83 97 1.00000 65 2.78947
8400000 20 3.70000 10 80 96 0.90000 67 2.60000
8405000 18 4.00000 12 84 102 0.88889 65 2.88889
8410000 18 3.94444 13 88 104 0.94444 66 3.05556
8415000 20 3.65000 12 87 101 0.80000 68 2.90000
8420000 22 3.36364 11 87 101 0.90909 71 2.72727
8425000 20 3.45000 11 93 94 1.00000 69 2.90000
8430000 21 3.66667 8 90 109 0.95238 72 2.80952
8435000 16 3.81250 9 97 100 0.93750 67 3.25000
8440000 22 3.45455 8 86 103 1.00000 69 2.54545
8445000 16 4.12500 9 94 107 1.00000 68 3.25000
8450000 16 3.93750 10 91 105 1.00000 69 3.25000
8455000 21 3.85714 11 78 107 1.00000 68 2.85714
8460000 19 4.00000 11 83 112 1.00000 69 3.10526
8465000 20 4.10000 11 74 109 1.00000 68 2.90000
8470000 19 4.26316 11 71 110 1.00000 69 3.10526
8475000 22 4.00000 11 73 118 1.00000 70 2.72727
8480000 22 3.95455 9 71 117 1.00000 69 2.81818
8485000 21 3.66667 9 76 111 1.00000 70 2.90476
8490000 19 3.68421 8 76 97 1.00000 74 3.05263
8495000 18 3.55556 7 80 93 1.00000 68 2.94444
8500000 21 3.57143 7 73 100 0.95238 69 2.80952
8505000 19 3.52632 7 77 96 1.00000 68 3.26316
8510000 22 3.45455 8 71 94 0.95455 66 2.68182
8515000 20 3.70000 7 85 101 0.95000 66 2.85000
8520000 21 3.28571 6 88 104 1.00000 67 2.71429
8525000 23 3.26087 6 79 97 0.86957 63 2.26087
8530000 21 3.38095 7 92 103 1.00000 65 2.47619
8535000 21 3.38095 8 91 104 0.90476 67 2.42857
8540000 21 3.28571 7 85 96 0.95238 65 2.57143
8545000 20 3.40000 7 83 99 0.95000 67 2.80000
8550000 18 3.77778 6 83 104 1.00000 63 3.00000
8555000 17 4.00000 6 79 93 1.00000 64 3.17647
8560000 21 3.38095 6 77 101 0.95238 66 2.61905
8565000 18 3.66667 6 86 97 0.94444 70 2.88889
8570000 17 3.35294 7 92 91 1.00000 63 3.05882
8575000 20 3.45000 7 86 97 0.90000 61 2.75000
8580000 17 3.76471 9 89 90 1.00000 62 3.00000
8585000 16 3.50000 8 93 100 1.00000 63 3.18750
8590000 18 3.27778 10 92 86 0.94444 63 2.72222
8595000 17 3.82353 9 88 104 1.00000 70 3.11765
8600000 18 3.55556 9 80 98 0.94444 65 2.94444
8605000 16 3.56250 9 89 96 1.00000 66 3.12500
8610000 17 3.76471 9 81 94 0.94118 64 3.00000
8615000 19 3.52632 8 82 99 1.00000 66 2.89474
8620000 18 3.33333 8 82 91 0.94444 63 2.83333
8625000 21 3.57143 7 72 108 1.00000 62 2.38095
8630000 19 3.57895 6 93 103 1.00000 67 2.73684
8635000 20 3.45000 7 88 98 0.95000 71 2.75000
8640000 19 3.57895 7 93 110 0.84211 67 2.84211
8645000 18 3.94444 8 90 106 0.88889 62 2.83333
8650000 20 3.65000 9 83 98 0.95000 66 2.65000
8655000 21 3.52381 8 81 100 0.85714 65 2.57143
8660000 14 4.14286 7 84 95 1.00000 66 3.50000
8665000 18 3.88889 7 73 93 0.94444 64 3.16667
8670000 17 4.11765 8 78 98 1.00000 69 3.23529
8675000 14 4.42857 10 82 92 0.92857 69 3.78571
8680000 18 3.61111 9 73 89 0.88889 67 3.05556
8685000 16 4.25000 8 74 100 1.00000 59 3.06250
8690000 15 4.00000 8 83 86 0.93333 59 3.33333
8695000 12 4.66667 9 93 97 1.00000 69 3.91667
8700000 19 3.57895 7 80 101 1.00000 66 2.89474
8705000 17 3.94118 7 72 99 1.00000 68 3.29412
8710000 13 4.15385 7 77 84 1.00000 70 4.07692
8715000 17 3.82353 8 75 95 0.94118 66 3.11765
8720000 16 3.68750 9 86 91 0.93750 66 3.18750
8725000 14 3.78571 7 91 86 1.00000 61 3.64286
8730000 15 3.60000 6 85 82 1.00000 67 3.60000
8735000 17 3.64706 7 81 90 0.94118 64 3.05882
8740000 17 3.29412 6 86 93 0.94118 68 3.29412
8745000 17 3.29412 6 93 92 1.00000 66 3.05882
8750000 20 3.20000 6 89 105 1.00000 71 2.70000
8755000 23 3.17391 6 78 98 0.86957 67 2.47826
8760000 22 2.86364 5 82 92 1.00000 67 2.63636
8765000 22 2.86364 6 77 89 0.90909 66 2.31818
8770000 17 3.23529 7 86 89 1.00000 66 3.05882
8775000 16 3.68750 9 92 86 1.00000 65 3.12500
8780000 24 3.66667 9 79 114 0.91667 69 2.58333
8785000 19 4.15789 10 86 110 1.00000 72 3.36842
8790000 18 4.33333 10 87 114 0.94444 71 3.33333
8795000 14 5.00000 8 83 100 1.00000 73 4.21429
8800000 14 5.07143 8 80 99 1.00000 72 4.28571
8805000 15 4.73333 11 75 95 1.00000 74 4.33333
8810000 14 4.35714 10 77 84 1.00000 70 4.57143
8815000 17 3.94118 10 76 88 1.00000 70 3.82353
8820000 15 4.40000 10 80 89 0.93333 73 4.06667
8825000 15 4.73333 10 73 93 0.93333 71 4.06667
8830000 13 5.61538 10 80 106 1.00000 71 4.53846
8835000 15 4.73333 8 79 92 1.00000 67 3.93333
8840000 19 4.00000 8 70 98 0.94737 68 3.26316
8845000 16 4.25000 8 79 83 0.81250 68 3.62500
8850000 12 5.08333 9 94 90 1.00000 65 4.58333
8855000 18 4.05556 9 77 93 0.72222 67 3.05556
8860000 16 4.25000 9 78 95 0.93750 68 3.62500
8865000 18 3.77778 9 68 92 0.88889 67 3.27778
8870000 15 4.13333 8 69 88 1.00000 68 3.66667
8875000 18 3.77778 7 68 91 0.94444 65 3.11111
8880000 16 3.93750 8 76 93 0.93750 71 3.50000
8885000 13 4.23077 7 83 84 0.92308 65 4.00000
8890000 15 4.13333 8 80 95 1.00000 67 3.86667
8895000 17 4.00000 10 83 100 0.88235 67 3.47059
8900000 19 4.10526 10 79 103 1.00000 71 3.26316
8905000 18 4.05556 10 79 97 0.94444 71 3.33333
8910000 16 4.31250 9 81 102 0.93750 68 3.56250
8915000 16 4.31250 8 79 98 0.93750 67 3.56250
8920000 16 3.93750 7 79 90 0.93750 68 3.56250
8925000 17 3.88235 7 74 85 1.00000 64 3.41176
8930000 17 4.05882 8 72 93 1.00000 65 3.41176
8935000 15 4.00000 7 81 89 1.00000 69 4.00000
8940000 18 3.88889 7 74 97 0.94444 63 3.27778
8945000 16 3.75000 6 87 89 0.93750 66 3.56250
8950000 16 3.68750 11 78 93 1.00000 65 3.43750
8955000 20 3.50000 9 64 83 0.95000 63 2.85000
8960000 16 3.87500 9 76 90 0.87500 67 3.43750
8965000 16 3.68750 8 78 79 0.93750 65 3.43750
8970000 13 3.76923 8 87 77 1.00000 64 4.07692
8975000 13 3.92308 10 90 87 0.92308 62 3.61538
8980000 16 3.62500 11 89 86 0.93750 63 3.25000
8985000 16 3.87500 9 77 89 0.87500 63 3.00000
8990000 18 3.72222 10 81 97 0.94444 62 2.77778
8995000 18 3.50000 8 85 93 0.94444 66 2.88889
9000000 18 3.16667 7 88 94 0.88889 61 2.66667
9005000 16 3.56250 7 92 98 1.00000 63 2.93750
9010000 14 3.71429 8 95 93 1.00000 64 3.64286
9015000 19 3.42105 8 80 90 0.89474 61 2.73684
9020000 16 3.56250 7 89 82 0.93750 56 2.87500
9025000 14 3.42857 7 97 91 0.92857 58 3.07143
9030000 19 3.10526 9 86 91 1.00000 61 2.63158
9035000 14 3.64286 8 92 82 0.85714 62 3.35714
9040000 10 4.30000 9 100 80 1.00000 66 4.50000
9045000 16 3.62500 11 88 96 1.00000 61 3.06250
9050000 14 3.92857 10 86 87 0.92857 60 3.07143
9055000 13 4.00000 8 91 77 0.92308 62 3.53846
9060000 15 3.80000 8 81 79 0.93333 61 3.13333
9065000 15 3.60000 8 80 83 0.86667 60 3.20000
9070000 13 4.07692 8 87 87 1.00000 65 3.69231
9075000 11 4.09091 7 84 87 1.00000 62 3.72727
9080000 14 3.85714 6 68 75 1.00000 56 3.28571
9085000 21 2.90476 6 59 81 1.00000 59 2.42857
9090000 15 3.26667 7 69 77 1.00000 57 2.80000
9095000 14 3.28571 6 76 80 1.00000 59 2.92857
9100000 16 3.00000 6 74 75 1.00000 55 2.62500
9105000 16 3.25000 6 75 86 1.00000 57 2.81250
9110000 18 3.16667 6 77 87 1.00000 65 2.66667
9115000 20 3.30000 7 72 97 0.95000 64 2.50000
9120000 22 3.13636 7 69 91 0.95455 64 2.45455
9125000 14 3.71429 7 97 85 1.00000 64 3.28571
9130000 15 3.60000 7 93 94 0.86667 66 3.00000
9135000 17 3.29412 8 89 88 0.82353 66 2.35294
9140000 17 3.17647 8 85 92 1.00000 64 2.76471
9145000 17 3.23529 9 84 90 1.00000 67 2.64706
9150000 14 3.42857 7 84 84 1.00000 60 3.07143
9155000 19 3.42105 7 68 90 1.00000 64 2.73684
9160000 19 3.42105 9 79 87 0.94737 62 2.63158
9165000 19 3.47368 9 67 92 1.00000 64 2.73684
9170000 17 3.82353 9 72 99 1.00000 67 2.82353
9175000 17 4.05882 8 73 98 0.94118 68 3.05882
9180000 18 3.94444 6 74 105 1.00000 66 3.00000
9185000 18 3.77778 7 77 100 1.00000 62 2.88889
9190000 19 3.73684 8 74 102 0.89474 64 2.73684
9195000 12 4.75000 8 87 91 1.00000 65 4.00000
9200000 14 4.14286 7 90 94 0.92857 63 3.21429
9205000 18 3.94444 9 78 96 0.94444 62 2.77778
9210000 14 4.85714 11 83 100 1.00000 67 3.71429
9215000 19 4.15789 8 76 110 1.00000 70 3.10526
9220000 19 4.36842 9 77 114 1.00000 73 3.05263
9225000 21 3.95238 9 70 100 0.95238 68 2.80952
9230000 20 3.95000 7 71 105 1.00000 71 3.10000
9235000 19 3.94737 7 74 101 1.00000 69 3.05263
9240000 19 4.26316 9 66 102 1.00000 68 3.05263
9245000 17 4.52941 8 70 104 1.00000 66 3.23529
9250000 17 4.76471 8 66 99 0.94118 68 3.41176
9255000 16 4.31250 8 75 100 1.00000 69 3.56250
9260000 16 4.06250 8 85 96 1.00000 73 3.62500
9265000 21 3.52381 7 66 89 0.95238 65 2.85714
9270000 16 3.68750 7 91 92 1.00000 66 3.43750
9275000 20 3.40000 7 87 104 0.90000 66 2.80000
9280000 18 3.66667 8 90 100 1.00000 65 3.11111
9285000 21 3.23810 7 87 90 0.90476 64 2.71429
9290000 23 3.43478 7 77 106 0.95652 71 2.65217
9295000 23 3.86957 9 76 106 0.95652 68 2.69565
9300000 23 3.91304 8 75 119 0.95652 69 2.82609
9305000 22 3.81818 8 84 112 1.00000 72 2.95455
9310000 20 3.95000 8 83 104 1.00000 69 2.90000
9315000 18 4.44444 9 75 110 1.00000 67 3.16667
9320000 22 3.77273 9 64 101 0.95455 69 2.68182
9325000 19 3.63158 7 70 99 1.00000 68 3.05263
9330000 16 4.00000 7 76 96 1.00000 71 3.43750
9335000 18 3.66667 6 78 92 1.00000 71 3.33333
9340000 18 3.83333 8 76 105 1.00000 68 3.16667
9345000 15 4.13333 10 76 87 1.00000 68 3.73333
9350000 17 4.00000 9 83 102 1.00000 74 3.52941
9355000 22 3.45455 9 68 97 1.00000 69 2.68182
9360000 21 3.47619 9 63 93 0.90476 62 2.61905
9365000 20 3.30000 8 74 94 0.95000 62 2.55000
9370000 18 3.61111 8 82 90 0.94444 61 2.83333
9375000 18 3.61111 8 86 99 0.94444 66 2.77778
9380000 21 3.33333 8 75 96 0.95238 66 2.42857
9385000 17 3.58824 8 82 89 0.94118 59 2.76471
9390000 17 3.58824 9 89 94 0.94118 62 2.82353
9395000 24 3.16667 7 76 103 0.91667 65 2.37500
9400000 21 3.66667 7 83 103 0.95238 66 2.61905
9405000 20 3.50000 6 79 103 0.90000 68 2.55000
9410000 22 3.59091 7 72 102 0.81818 66 2.36364
9415000 17 3.76471 7 89 91 1.00000 67 3.00000
9420000 19 3.68421 8 95 108 1.00000 68 2.84211
9425000 20 3.90000 8 89 114 1.00000 68 2.80000
9430000 20 3.90000 7 92 109 1.00000 64 2.75000
9435000 21 3.90476 8 87 108 0.90476 64 2.71429
9440000 18 4.11111 9 80 97 0.94444 64 3.11111
9445000 18 3.88889 9 85 100 1.00000 64 3.11111
9450000 18 4.00000 9 77 96 0.94444 62 3.05556
9455000 16 3.81250 9 91 95 0.93750 65 3.25000
9460000 16 3.68750 8 93 89 0.93750 62 3.18750
9465000 17 3.82353 9 89 93 0.94118 67 3.11765
9470000 20 3.35000 8 89 91 0.90000 65 2.70000
9475000 19 3.73684 10 89 95 0.89474 64 2.73684
9480000 18 3.33333 10 96 92 0.83333 63 2.55556
9485000 17 3.47059 10 98 99 0.88235 67 2.70588
9490000 20 3.80000 11 92 107 0.90000 64 2.45000
9495000 16 3.81250 11 109 103 1.00000 68 3.18750
9500000 18 3.77778 12 103 105 0.94444 66 2.94444
9505000 18 3.88889 13 87 97 1.00000 66 3.00000
9510000 18 3.83333 14 93 100 0.88889 66 2.77778
9515000 20 3.80000 11 79 115 0.95000 67 2.75000
9520000 17 3.58824 10 87 87 1.00000 69 3.17647
9525000 17 3.94118 9 83 103 0.94118 69 3.23529
9530000 24 3.54167 9 73 99 0.91667 68 2.50000
9535000 18 4.44444 11 71 106 1.00000 68 3.16667
9540000 19 4.05263 10 74 107 1.00000 72 3.10526
9545000 23 3.56522 10 71 107 0.95652 68 2.60870
9550000 17 3.94118 9 82 104 1.00000 66 3.41176
9555000 17 4.17647 9 74 104 1.00000 70 3.47059
9560000 17 4.05882 9 81 92 1.00000 67 3.41176
9565000 19 4.15789 9 80 106 0.94737 69 3.05263
9570000 18 3.72222 7 86 101 0.94444 68 3.00000
9575000 20 3.60000 7 80 98 0.95000 65 2.70000
9580000 19 4.15789 8 72 96 0.94737 67 3.05263
9585000 18 4.11111 8 74 100 1.00000 66 3.27778
9590000 15 4.13333 7 91 94 1.00000 71 3.66667
9595000 14 4.07143 8 94 94 1.00000 66 3.64286
9600000 20 3.35000 7 89 91 0.85000 65 2.75000
9605000 19 3.57895 7 86 91 0.94737 65 2.78947
9610000 18 3.50000 7 88 96 0.94444 68 3.11111
9615000 19 3.73684 8 84 104 0.94737 68 2.68421
9620000 16 3.81250 9 93 100 1.00000 64 3.18750
9625000 14 4.35714 11 89 100 1.00000 65 3.28571
9630000 16 4.18750 12 83 98 0.93750 67 3.18750
9635000 20 4.05000 11 65 101 1.00000 67 3.10000
9640000 16 4.25000 9 70 97 1.00000 67 3.56250
9645000 20 3.60000 7 71 86 0.95000 68 3.05000
9650000 16 4.12500 7 79 91 0.93750 68 3.43750
9655000 16 4.00000 8 79 99 1.00000 74 3.43750
9660000 20 3.70000 8 73 101 1.00000 72 3.05000
9665000 17 4.35294 11 80 101 1.00000 69 3.41176
9670000 14 5.28571 15 78 99 0.92857 66 3.92857
9675000 14 5.57143 15 72 102 1.00000 68 4.14286
9680000 14 5.28571 14 74 102 1.00000 68 4.14286
9685000 13 5.53846 14 74 99 1.00000 67 4.30769
9690000 16 4.50000 13 77 102 1.00000 70 3.81250
9695000 15 4.66667 10 79 94 0.93333 68 3.80000
9700000 14 4.71429 10 87 103 1.00000 71 3.85714
9705000 15 4.86667 10 89 107 0.93333 71 3.73333
9710000 17 4.52941 8 83 109 1.00000 73 3.58824
9715000 19 3.68421 8 84 98 0.89474 71 3.00000
9720000 17 4.17647 9 72 97 1.00000 70 3.41176
9725000 16 4.12500 10 76 86 0.93750 71 3.68750
9730000 15 4.33333 10 78 94 0.93333 67 3.86667
9735000 13 4.69231 10 86 101 1.00000 67 4.07692
9740000 18 3.94444 10 77 93 0.94444 66 2.88889
9745000 14 4.42857 10 82 99 0.85714 63 3.42857
9750000 12 4.33333 9 93 84 1.00000 59 3.91667
9755000 16 3.81250 8 78 89 0.93750 65 3.25000
9760000 16 3.31250 7 76 81 0.87500 66 3.00000
9765000 16 3.37500 8 89 84 0.93750 62 2.93750
9770000 15 3.60000 8 83 83 0.93333 59 3.13333
9775000 17 3.35294 8 83 83 0.88235 61 2.76471
9780000 14 3.92857 9 95 93 1.00000 66 3.21429
9785000 18 3.27778 8 94 100 0.94444 67 2.66667
9790000 19 3.42105 7 85 101 1.00000 68 2.63158
9795000 18 3.33333 7 89 94 1.00000 66 2.83333
9800000 21 3.14286 8 78 95 0.90476 67 2.57143
9805000 19 3.42105 12 75 105 1.00000 67 2.73684
9810000 15 3.80000 12 92 94 0.93333 66 3.00000
9815000 15 4.00000 11 81 92 0.93333 59 3.20000
9820000 14 4.28571 12 76 87 0.92857 60 3.21429
9825000 14 4.35714 11 82 96 1.00000 58 3.07143
9830000 18 3.66667 8 72 92 1.00000 62 2.72222
9835000 15 3.53333 7 85 92 1.00000 62 3.00000
9840000 20 3.20000 8 78 95 0.90000 69 2.40000
9845000 18 3.33333 9 86 91 0.94444 64 2.61111
9850000 17 3.76471 9 86 101 0.94118 65 2.58824
9855000 21 3.52381 9 78 101 0.95238 63 2.38095
9860000 17 3.88235 10 87 104 0.88235 64 2.94118
9865000 18 3.55556 8 86 92 0.88889 63 2.83333
9870000 17 3.58824 7 74 96 0.94118 66 2.94118
9875000 17 3.76471 9 76 92 0.94118 64 2.94118
9880000 17 3.82353 10 80 103 0.94118 65 3.00000
9885000 21 3.47619 10 78 93 0.95238 64 2.66667
9890000 18 3.72222 11 82 97 1.00000 61 2.83333
9895000 16 4.25000 11 83 97 1.00000 65 3.31250
9900000 17 3.94118 9 81 97 1.00000 68 3.29412
9905000 15 4.00000 10 84 96 1.00000 66 3.46667
9910000 18 3.55556 9 78 90 0.94444 66 2.72222
9915000 18 3.66667 9 74 95 0.94444 68 2.94444
9920000 18 3.61111 9 82 99 1.00000 70 2.94444
9925000 16 4.00000 10 89 105 1.00000 73 3.37500
9930000 17 3.94118 10 88 99 0.88235 68 3.05882
9935000 20 3.45000 10 84 101 0.90000 65 2.85000
9940000 20 3.45000 9 91 99 0.90000 67 2.70000
9945000 21 3.28571 9 84 98 0.90476 65 2.71429
9950000 21 3.23810 10 83 99 0.95238 66 2.76190
9955000 17 3.58824 10 92 90 0.94118 64 3.00000
9960000 14 4.28571 10 88 94 1.00000 69 3.71429
9965000 18 3.38889 10 88 93 1.00000 66 3.05556
9970000 14 4.00000 11 91 94 1.00000 62 3.57143
9975000 15 3.80000 11 93 90 0.86667 63 3.20000
9980000 15 4.13333 10 94 107 1.00000 62 3.46667
9985000 14 4.35714 8 93 83 1.00000 64 3.78571
9990000 20 3.65000 9 89 100 0.95000 67 2.90000
9995000 20 3.75000 8 85 94 0.90000 63 2.80000
10000000 18 3.88889 8 84 106 1.00000 68 3.22222
