# V2 - Timesteps, No of clusters, Mean cluster size, Size largest cluster, No clusters size 1, No prot bound to poly, Fraction clusters bound to poly, No type 2 poly bound to prot, Mean no type 2 in prot cluster
3000000 22 4.68182 11 46 115 0.95455 63 2.72727
3005000 23 4.69565 13 41 124 1.00000 62 2.65217
3010000 20 5.15000 13 50 119 0.95000 66 2.90000
3015000 23 4.52174 12 48 116 0.91304 71 2.69565
3020000 25 4.24000 12 49 123 0.92000 66 2.52000
3025000 26 3.96154 11 44 113 0.88462 64 2.30769
3030000 24 4.12500 9 42 112 0.95833 69 2.62500
3035000 25 4.12000 9 43 113 0.88000 68 2.48000
3040000 25 4.20000 8 42 115 0.92000 67 2.44000
3045000 27 4.22222 8 45 122 0.88889 69 2.37037
3050000 26 4.30769 8 44 126 1.00000 70 2.57692
3055000 29 4.37931 9 40 126 0.82759 69 2.31034
3060000 23 5.04348 9 44 125 0.91304 69 2.86957
3065000 22 5.00000 10 37 122 0.95455 75 3.13636
3070000 20 5.45000 12 39 121 1.00000 70 3.20000
3075000 20 5.00000 9 41 114 1.00000 69 3.20000
3080000 19 5.52632 10 39 124 1.00000 67 3.26316
3085000 19 5.78947 11 40 126 1.00000 68 3.36842
3090000 21 5.23810 9 44 117 0.95238 69 3.09524
3095000 20 5.40000 10 48 121 0.95000 67 3.10000
3100000 18 5.44444 10 52 118 0.94444 67 3.33333
3105000 19 4.94737 10 50 108 0.94737 69 3.26316
3110000 20 4.70000 10 49 112 1.00000 68 3.10000
3115000 18 5.16667 8 53 111 0.94444 66 3.33333
3120000 18 5.05556 8 49 111 1.00000 64 3.33333
3125000 21 4.38095 8 44 106 0.90476 60 2.76190
3130000 21 4.42857 8 41 108 1.00000 65 2.85714
3135000 25 4.40000 9 39 118 0.88000 67 2.60000
3140000 24 4.58333 10 52 127 0.91667 70 2.66667
3145000 26 4.46154 10 51 130 0.96154 72 2.53846
3150000 26 4.23077 11 47 124 0.96154 72 2.50000
3155000 23 4.78261 10 49 124 0.95652 69 2.73913
3160000 22 4.77273 9 47 118 0.95455 69 2.72727
3165000 22 4.95455 10 42 127 1.00000 70 2.81818
3170000 24 4.87500 11 43 134 1.00000 71 2.66667
3175000 27 4.51852 9 34 137 0.96296 68 2.40741
3180000 25 5.00000 9 37 139 1.00000 70 2.68000
3185000 27 4.85185 11 34 139 1.00000 71 2.51852
3190000 27 4.70370 11 34 133 0.88889 70 2.44444
3195000 24 5.20833 10 38 138 1.00000 71 2.66667
3200000 26 4.73077 9 37 132 0.96154 71 2.50000
3205000 28 3.96429 8 38 118 0.89286 67 2.10714
3210000 25 4.20000 10 35 116 0.96000 63 2.28000
3215000 23 4.69565 11 35 120 0.95652 59 2.39130
3220000 23 4.52174 11 41 112 0.91304 60 2.47826
3225000 19 4.84211 9 50 106 0.94737 62 2.94737
3230000 21 4.38095 10 55 112 0.95238 62 2.61905
3235000 22 4.68182 9 45 116 0.95455 65 2.68182
3240000 24 4.62500 10 39 124 0.95833 66 2.62500
3245000 26 4.61538 10 32 128 0.92308 66 2.46154
3250000 23 4.91304 15 35 120 1.00000 65 2.69565
3255000 23 4.73913 13 37 123 1.00000 63 2.69565
3260000 22 4.68182 11 40 111 1.00000 64 2.81818
3265000 24 4.33333 13 37 109 0.87500 66 2.62500
3270000 22 4.59091 11 49 111 0.81818 66 2.77273
3275000 19 5.10526 14 47 112 1.00000 66 3.10526
3280000 22 4.36364 13 47 117 0.95455 65 2.68182
3285000 23 4.30435 10 45 111 0.95652 65 2.56522
3290000 25 4.36000 8 44 125 0.92000 69 2.44000
3295000 26 4.03846 9 42 118 1.00000 65 2.30769
3300000 22 4.72727 11 47 124 1.00000 69 2.77273
3305000 24 4.50000 11 45 119 0.91667 67 2.62500
3310000 25 4.48000 11 46 116 0.88000 65 2.36000
3315000 26 4.65385 11 41 133 0.96154 66 2.42308
3320000 26 4.69231 12 42 135 0.92308 68 2.42308
3325000 26 4.88462 13 41 137 0.92308 65 2.34615
3330000 22 5.09091 12 38 122 1.00000 61 2.72727
3335000 20 5.75000 12 43 131 1.00000 64 3.05000
3340000 23 5.21739 13 40 136 1.00000 69 2.78261
3345000 24 5.08333 14 35 134 0.95833 66 2.62500
3350000 22 5.18182 14 46 129 0.95455 68 2.86364
3355000 24 4.83333 13 39 125 0.95833 69 2.70833
3360000 23 5.00000 13 37 127 1.00000 70 2.82609
3365000 23 4.69565 12 41 121 1.00000 70 2.73913
3370000 23 4.73913 12 52 131 1.00000 70 2.82609
3375000 25 4.56000 11 44 128 1.00000 70 2.68000
3380000 24 4.70833 14 39 120 1.00000 68 2.70833
3385000 20 5.85000 14 38 131 1.00000 70 3.20000
3390000 19 6.52632 13 31 138 0.94737 69 3.42105
3395000 16 7.50000 22 36 126 1.00000 66 3.93750
3400000 16 7.00000 18 40 127 1.00000 69 3.93750
3405000 19 6.42105 18 31 128 0.89474 69 3.42105
3410000 17 6.70588 16 31 128 1.00000 70 3.82353
3415000 16 6.50000 16 40 118 1.00000 71 4.06250
3420000 17 6.29412 15 44 118 0.88235 69 3.88235
3425000 16 6.43750 15 43 122 1.00000 69 4.18750
3430000 21 4.76190 13 42 107 0.90476 68 3.09524
3435000 16 6.06250 14 40 113 1.00000 69 4.06250
3440000 16 5.75000 12 43 107 1.00000 71 4.06250
3445000 16 5.68750 12 45 114 1.00000 71 4.12500
3450000 18 5.27778 13 45 116 1.00000 71 3.66667
3455000 19 5.00000 13 38 116 1.00000 72 3.42105
3460000 23 4.56522 13 38 116 0.95652 68 2.73913
3465000 19 5.57895 14 42 120 1.00000 71 3.63158
3470000 22 5.00000 14 40 118 1.00000 71 3.18182
3475000 18 5.83333 15 42 119 1.00000 72 3.72222
3480000 18 5.83333 15 43 116 1.00000 70 3.66667
3485000 18 5.72222 14 38 111 0.88889 72 3.55556
3490000 17 5.70588 13 41 108 0.94118 72 3.76471
3495000 19 5.31579 13 44 112 0.89474 67 3.36842
3500000 18 5.66667 13 48 117 0.94444 68 3.77778
3505000 18 5.94444 19 47 119 1.00000 70 3.72222
3510000 17 6.23529 16 48 119 0.94118 72 3.76471
3515000 17 6.52941 17 50 129 0.94118 73 3.82353
3520000 18 6.05556 16 50 129 0.88889 73 3.61111
3525000 19 5.84211 14 47 133 0.94737 72 3.42105
3530000 17 6.17647 12 51 124 0.94118 68 3.47059
3535000 16 6.43750 12 55 123 0.93750 70 3.68750
3540000 19 6.05263 12 41 128 0.94737 68 3.31579
3545000 20 5.85000 12 35 126 0.95000 65 3.15000
3550000 19 5.31579 10 45 118 0.94737 66 3.26316
3555000 19 5.57895 12 45 123 0.94737 65 3.10526
3560000 18 5.77778 10 43 123 1.00000 65 3.38889
3565000 20 4.95000 9 48 118 0.95000 66 3.00000
3570000 20 4.95000 10 44 113 0.90000 65 2.90000
3575000 18 5.05556 10 44 108 1.00000 67 3.38889
3580000 21 4.42857 8 48 113 0.90476 67 2.80952
3585000 20 4.45000 9 46 110 1.00000 68 3.00000
3590000 19 5.10526 10 47 114 1.00000 70 3.26316
3595000 21 5.09524 11 44 126 1.00000 68 3.00000
3600000 24 4.83333 12 38 127 1.00000 69 2.79167
3605000 22 5.09091 11 37 130 0.95455 72 3.04545
3610000 20 5.50000 13 33 124 1.00000 74 3.25000
3615000 17 6.00000 17 44 121 1.00000 74 3.76471
3620000 21 5.04762 14 47 130 1.00000 76 3.09524
3625000 22 4.68182 10 48 122 0.95455 70 2.81818
3630000 24 4.70833 10 41 128 1.00000 70 2.62500
3635000 22 5.18182 13 37 131 1.00000 68 2.90909
3640000 24 5.08333 12 36 130 1.00000 70 2.75000
3645000 22 5.54545 11 36 133 1.00000 68 2.90909
3650000 19 6.68421 14 31 132 1.00000 67 3.36842
3655000 19 6.42105 13 34 135 1.00000 67 3.36842
3660000 20 6.10000 13 34 135 0.95000 70 3.30000
3665000 20 6.10000 13 33 132 0.95000 70 3.35000
3670000 21 6.04762 20 30 133 0.95238 69 3.28571
3675000 18 6.94444 21 36 139 1.00000 70 3.66667
3680000 19 6.57895 20 32 138 1.00000 67 3.42105
3685000 19 6.42105 19 35 133 1.00000 66 3.21053
3690000 18 6.33333 18 45 126 1.00000 67 3.44444
3695000 19 5.78947 17 41 124 0.94737 70 3.36842
3700000 20 5.40000 15 41 122 0.95000 68 3.15000
3705000 21 5.28571 16 41 126 0.90476 64 2.90476
3710000 20 5.90000 19 42 135 0.95000 67 3.10000
3715000 16 6.75000 15 55 128 1.00000 65 3.75000
3720000 22 5.54545 14 43 132 0.95455 65 2.77273
3725000 21 5.38095 12 52 129 0.95238 68 3.04762
3730000 20 5.75000 13 43 128 0.90000 69 3.05000
3735000 18 6.05556 13 47 130 1.00000 68 3.38889
3740000 22 5.36364 15 37 129 0.90909 73 2.86364
3745000 21 5.42857 14 38 130 1.00000 74 3.00000
3750000 18 5.94444 14 46 127 1.00000 74 3.44444
3755000 18 6.05556 14 43 124 1.00000 71 3.44444
3760000 19 5.78947 12 38 117 0.94737 69 3.36842
3765000 21 5.47619 15 39 131 1.00000 68 3.00000
3770000 18 6.16667 14 47 124 1.00000 70 3.44444
3775000 20 5.70000 15 46 130 0.95000 69 3.20000
3780000 18 6.00000 17 46 126 1.00000 66 3.22222
3785000 19 5.94737 16 37 119 0.89474 66 3.15789
3790000 19 5.73684 16 43 124 0.94737 67 3.26316
3795000 22 5.45455 15 36 135 0.95455 70 3.00000
3800000 16 7.00000 16 52 130 1.00000 72 4.00000
3805000 22 5.68182 16 43 132 0.90909 72 3.18182
3810000 22 5.59091 14 46 139 0.95455 72 3.13636
3815000 19 6.00000 18 46 124 1.00000 72 3.63158
3820000 17 6.52941 20 45 131 1.00000 74 3.88235
3825000 19 5.84211 18 44 128 1.00000 73 3.52632
3830000 21 5.23810 17 36 118 0.90476 69 3.14286
3835000 18 6.00000 20 39 124 1.00000 68 3.50000
3840000 19 5.36842 19 49 119 1.00000 69 3.36842
3845000 17 6.05882 20 54 118 1.00000 62 3.58824
3850000 20 5.75000 21 51 125 0.85000 70 3.15000
3855000 19 5.52632 18 51 119 0.94737 68 3.21053
3860000 23 4.65217 18 40 114 0.86957 66 2.60870
3865000 21 4.71429 16 53 121 1.00000 66 2.80952
3870000 18 5.11111 15 53 110 0.94444 64 3.05556
3875000 21 4.80952 14 44 120 0.90476 66 2.85714
3880000 22 4.59091 13 39 109 0.90909 68 2.72727
3885000 20 4.75000 13 46 114 1.00000 67 3.00000
3890000 20 4.75000 12 42 116 0.95000 68 3.00000
3895000 20 4.75000 12 46 107 0.90000 66 2.85000
3900000 22 4.63636 13 44 119 0.90909 67 2.68182
3905000 22 5.09091 15 43 128 0.86364 66 2.63636
3910000 21 5.09524 17 41 121 0.95238 64 2.80952
3915000 20 5.20000 15 38 113 0.95000 62 2.90000
3920000 17 5.58824 16 39 111 1.00000 62 3.29412
3925000 18 5.50000 15 44 120 1.00000 66 3.33333
3930000 19 5.10526 13 42 117 1.00000 67 3.00000
3935000 25 4.16000 14 34 114 0.96000 70 2.60000
3940000 21 4.95238 13 44 118 1.00000 67 3.00000
3945000 22 5.00000 15 35 120 1.00000 65 2.90909
3950000 23 4.78261 15 34 121 0.95652 66 2.78261
3955000 22 4.63636 14 45 126 1.00000 72 2.95455
3960000 25 4.08000 11 38 115 0.96000 68 2.60000
3965000 25 4.52000 13 36 126 1.00000 67 2.68000
3970000 24 4.58333 13 39 122 0.95833 66 2.66667
3975000 21 5.04762 13 43 124 1.00000 68 3.04762
3980000 19 5.15789 12 48 120 1.00000 69 3.21053
3985000 21 4.95238 13 39 116 0.95238 65 2.95238
3990000 21 4.90476 12 45 115 0.95238 65 2.90476
3995000 22 4.50000 13 46 109 0.86364 67 2.77273
4000000 24 4.20833 13 52 113 1.00000 68 2.62500
4005000 26 4.30769 13 46 121 0.96154 70 2.57692
4010000 22 4.63636 15 62 131 1.00000 70 2.90909
4015000 26 4.50000 15 46 127 0.92308 67 2.50000
4020000 22 4.95455 14 53 127 1.00000 70 2.86364
4025000 22 4.68182 13 46 118 0.95455 70 2.90909
4030000 23 4.91304 13 35 123 1.00000 73 2.73913
4035000 22 4.95455 18 45 125 0.95455 70 2.77273
4040000 21 4.80952 17 46 119 0.95238 68 2.80952
4045000 20 5.20000 19 46 122 0.95000 67 3.00000
4050000 23 4.95652 20 43 130 0.95652 66 2.78261
4055000 23 4.95652 19 42 124 1.00000 71 2.86957
4060000 23 4.82609 14 36 128 1.00000 65 2.69565
4065000 21 5.09524 15 43 126 0.95238 70 2.95238
4070000 17 5.82353 14 53 117 0.94118 66 3.41176
4075000 20 5.10000 14 47 123 0.95000 66 3.00000
4080000 21 4.80952 14 51 115 0.90476 64 2.76190
4085000 22 4.81818 13 43 113 0.81818 62 2.59091
4090000 17 5.64706 14 50 109 0.88235 63 3.29412
4095000 21 5.09524 13 42 118 0.90476 65 2.85714
4100000 22 5.04545 12 42 120 0.95455 62 2.77273
4105000 23 4.60870 12 41 114 0.86957 65 2.69565
4110000 19 4.68421 11 50 108 0.89474 69 3.10526
4115000 18 5.27778 13 44 112 1.00000 67 3.55556
4120000 17 5.41176 13 48 104 0.94118 66 3.52941
4125000 16 5.50000 12 48 107 1.00000 63 3.50000
4130000 16 5.62500 12 49 104 0.93750 61 3.50000
4135000 18 5.50000 14 49 116 0.83333 67 3.27778
4140000 20 5.00000 13 46 113 0.90000 63 2.95000
4145000 19 5.26316 18 51 112 1.00000 65 3.21053
4150000 19 5.47368 17 45 119 0.89474 65 3.10526
4155000 16 6.00000 18 46 113 1.00000 61 3.50000
4160000 20 5.30000 18 47 115 1.00000 61 2.85000
4165000 18 5.77778 18 54 123 1.00000 65 3.11111
4170000 21 5.61905 21 54 127 0.90476 65 2.71429
4175000 22 5.13636 19 52 128 0.95455 65 2.63636
4180000 17 5.76471 16 58 110 1.00000 61 3.35294
4185000 19 5.73684 16 47 120 0.94737 67 3.10526
4190000 19 5.63158 15 56 124 1.00000 63 3.00000
4195000 20 5.50000 14 53 124 0.95000 66 2.90000
4200000 25 4.40000 13 51 120 0.88000 69 2.52000
4205000 20 5.20000 16 64 116 0.90000 73 2.90000
4210000 24 5.04167 13 43 123 0.83333 68 2.50000
4215000 22 5.18182 13 48 122 0.95455 64 2.63636
4220000 19 5.15789 15 55 113 1.00000 69 3.05263
4225000 22 4.45455 11 49 106 0.90909 62 2.50000
4230000 26 4.11538 13 46 117 0.96154 62 2.26923
4235000 18 5.05556 13 61 102 1.00000 60 3.11111
4240000 21 5.09524 14 50 120 0.95238 63 2.76190
4245000 23 4.82609 14 48 131 0.95652 65 2.56522
4250000 24 4.50000 12 41 119 0.87500 65 2.50000
4255000 19 5.47368 22 42 122 0.94737 64 3.21053
4260000 18 5.33333 19 47 119 1.00000 65 3.38889
4265000 18 5.66667 19 42 120 0.94444 61 3.11111
4270000 19 5.47368 19 54 117 0.89474 63 3.00000
4275000 18 6.11111 18 55 126 0.88889 64 3.16667
4280000 18 6.05556 18 55 131 0.94444 68 3.22222
4285000 22 5.22727 18 46 128 0.86364 68 2.72727
4290000 22 4.86364 19 49 119 0.86364 68 2.72727
4295000 21 5.04762 17 50 116 0.85714 66 2.85714
4300000 23 4.43478 14 45 112 0.78261 68 2.56522
4305000 19 4.78947 14 49 111 1.00000 64 3.10526
4310000 21 4.57143 15 49 112 0.95238 66 2.80952
4315000 21 4.47619 17 52 108 0.95238 65 2.85714
4320000 23 4.56522 18 45 117 0.91304 66 2.65217
4325000 25 4.36000 16 47 118 0.84000 64 2.44000
4330000 27 4.22222 15 41 114 0.77778 68 2.33333
4335000 22 4.40909 12 55 114 0.95455 65 2.86364
4340000 19 4.42105 12 62 109 0.94737 67 3.10526
4345000 26 3.96154 11 48 111 0.88462 71 2.46154
4350000 21 4.66667 13 49 109 0.90476 68 2.90476
4355000 18 5.33333 14 54 112 0.94444 69 3.38889
4360000 18 5.44444 14 52 112 1.00000 66 3.44444
4365000 17 5.82353 14 48 110 1.00000 66 3.47059
4370000 16 6.12500 15 46 113 1.00000 66 3.81250
4375000 18 5.50000 13 49 112 0.94444 69 3.55556
4380000 18 5.72222 16 44 116 0.94444 67 3.50000
4385000 22 4.90909 15 38 118 1.00000 69 2.95455
4390000 19 5.47368 19 38 120 0.94737 68 3.36842
4395000 19 5.68421 17 28 117 1.00000 67 3.31579
4400000 19 5.15789 16 34 111 1.00000 65 3.21053
4405000 16 5.56250 14 37 110 0.93750 65 3.50000
4410000 18 5.05556 13 41 104 0.88889 63 3.05556
4415000 21 4.66667 12 36 115 0.95238 64 2.61905
4420000 19 5.10526 13 44 111 0.94737 64 3.05263
4425000 19 5.00000 13 43 110 0.94737 66 3.10526
4430000 18 5.33333 11 56 116 1.00000 65 3.00000
4435000 20 4.85000 9 42 118 0.95000 65 2.65000
4440000 21 4.85714 11 47 121 1.00000 67 2.76190
4445000 21 4.71429 11 40 117 1.00000 66 2.66667
4450000 19 5.31579 12 43 116 0.94737 64 2.89474
4455000 20 5.25000 11 42 118 0.95000 66 2.90000
4460000 22 4.86364 12 45 119 1.00000 64 2.68182
4465000 22 4.59091 9 43 123 1.00000 63 2.63636
4470000 21 4.66667 8 51 119 1.00000 66 2.80952
4475000 20 5.10000 10 44 121 1.00000 67 2.85000
4480000 22 4.77273 10 41 120 0.95455 67 2.72727
4485000 22 4.50000 11 44 112 0.90909 63 2.59091
4490000 20 4.90000 10 50 118 1.00000 67 2.85000
4495000 20 5.20000 11 53 121 0.95000 63 2.75000
4500000 18 5.55556 10 50 118 1.00000 62 2.94444
4505000 22 4.59091 11 50 117 0.90909 64 2.40909
4510000 22 4.77273 11 47 128 0.90909 64 2.50000
4515000 19 5.15789 11 48 114 0.94737 65 2.78947
4520000 20 5.25000 11 43 125 0.90000 64 2.75000
4525000 19 5.52632 12 48 121 1.00000 64 3.00000
4530000 21 5.09524 10 52 129 0.95238 73 2.85714
4535000 18 6.05556 11 53 132 1.00000 68 3.16667
4540000 18 6.11111 11 52 133 0.94444 68 3.11111
4545000 19 5.78947 21 48 134 1.00000 63 3.05263
4550000 22 5.04545 20 55 120 0.90909 61 2.59091
4555000 23 4.65217 16 50 123 0.91304 64 2.52174
4560000 18 5.66667 16 47 117 0.94444 64 3.16667
4565000 18 5.44444 17 50 115 0.94444 64 3.27778
4570000 20 5.10000 16 47 118 0.95000 68 3.00000
4575000 19 5.26316 15 46 119 1.00000 65 3.15789
4580000 21 4.95238 15 54 127 1.00000 67 3.00000
4585000 21 5.28571 14 45 132 1.00000 71 2.90476
4590000 24 4.91667 14 47 137 0.95833 74 2.75000
4595000 23 5.30435 14 42 132 0.95652 71 2.73913
4600000 23 5.47826 16 43 136 0.95652 65 2.73913
4605000 23 5.43478 17 38 138 0.95652 68 2.78261
4610000 21 5.61905 16 40 139 1.00000 70 3.00000
4615000 20 5.75000 16 51 139 1.00000 70 3.20000
4620000 23 5.21739 15 49 132 0.95652 70 2.86957
4625000 24 5.29167 15 46 145 1.00000 70 2.75000
4630000 23 5.47826 14 45 138 0.95652 69 2.82609
4635000 25 5.28000 15 33 141 0.92000 68 2.56000
4640000 27 4.70370 15 33 133 0.92593 70 2.44444
4645000 26 4.80769 13 38 138 1.00000 71 2.57692
4650000 24 5.29167 14 40 136 1.00000 67 2.79167
4655000 25 5.28000 15 37 143 0.92000 69 2.56000
4660000 21 5.57143 16 49 138 1.00000 73 3.14286
4665000 24 5.04167 16 39 134 1.00000 72 2.66667
4670000 20 5.75000 17 43 130 1.00000 70 3.25000
4675000 25 4.92000 15 40 137 0.88000 68 2.64000
4680000 25 5.04000 17 42 138 0.96000 66 2.60000
4685000 22 5.13636 15 38 129 0.95455 66 2.72727
4690000 21 5.19048 15 48 128 0.95238 68 2.95238
4695000 20 5.15000 15 45 118 0.95000 71 2.95000
4700000 21 4.90476 14 44 120 0.95238 70 2.85714
4705000 20 5.00000 11 40 117 0.95000 67 2.95000
4710000 20 4.90000 10 44 115 1.00000 68 3.05000
4715000 26 4.15385 9 34 115 0.88462 69 2.46154
4720000 24 4.66667 11 40 127 1.00000 68 2.70833
4725000 23 5.08696 13 34 130 1.00000 70 2.86957
4730000 22 4.95455 12 35 126 1.00000 72 3.09091
4735000 23 4.82609 14 28 122 1.00000 71 2.86957
4740000 24 4.66667 13 29 119 0.95833 70 2.75000
4745000 24 4.66667 12 32 122 1.00000 69 2.75000
4750000 26 4.38462 13 39 123 0.96154 71 2.61538
4755000 26 4.46154 13 46 137 1.00000 70 2.46154
4760000 25 4.80000 13 52 143 1.00000 68 2.56000
4765000 32 4.28125 14 40 147 0.93750 71 2.12500
4770000 28 4.75000 15 43 142 0.92857 73 2.46429
4775000 28 4.64286 14 40 145 0.96429 75 2.50000
4780000 25 4.92000 13 41 137 1.00000 72 2.64000
4785000 26 4.92308 13 44 145 0.96154 71 2.53846
4790000 27 4.59259 15 36 134 0.96296 71 2.40741
4795000 25 4.96000 16 41 135 0.96000 70 2.60000
4800000 25 4.68000 13 44 128 0.92000 71 2.68000
4805000 21 5.23810 13 45 125 0.95238 68 2.95238
4810000 24 5.04167 13 40 134 0.95833 69 2.62500
4815000 21 5.66667 16 39 135 1.00000 68 2.95238
4820000 24 5.08333 15 37 134 1.00000 71 2.70833
4825000 23 5.34783 16 34 138 1.00000 72 2.86957
4830000 21 5.66667 17 39 135 1.00000 72 3.00000
4835000 21 5.66667 16 37 135 0.95238 68 2.80952
4840000 22 5.54545 16 36 135 1.00000 66 2.95455
4845000 21 5.42857 16 39 129 1.00000 67 3.09524
4850000 19 5.73684 15 50 123 1.00000 68 3.31579
4855000 21 5.33333 14 42 133 0.95238 69 3.04762
4860000 21 5.52381 13 48 134 0.90476 67 2.95238
4865000 21 5.04762 12 47 119 0.90476 68 2.90476
4870000 20 5.20000 10 41 120 0.95000 66 3.25000
4875000 20 5.20000 10 44 117 1.00000 69 3.30000
4880000 21 4.90476 12 37 114 0.90476 66 3.14286
4885000 17 5.41176 11 42 108 1.00000 67 3.64706
4890000 18 5.33333 13 36 104 0.94444 66 3.50000
4895000 17 5.41176 13 44 107 1.00000 65 3.47059
4900000 21 4.42857 13 42 101 0.85714 68 2.71429
4905000 22 4.40909 11 40 113 0.95455 65 2.90909
4910000 21 4.66667 11 47 110 1.00000 66 3.00000
4915000 20 4.95000 11 54 108 0.95000 68 3.15000
4920000 22 4.45455 12 55 117 0.95455 68 2.81818
4925000 22 4.45455 10 60 123 0.95455 69 2.90909
4930000 20 4.60000 10 61 111 1.00000 70 3.35000
4935000 25 4.24000 10 49 118 0.92000 67 2.56000
4940000 21 4.71429 11 52 118 0.95238 65 2.90476
4945000 22 4.72727 11 48 124 0.90909 71 2.63636
4950000 19 4.94737 12 52 117 1.00000 69 3.26316
4955000 22 4.54545 12 48 119 0.90909 70 2.81818
4960000 22 4.45455 11 49 117 1.00000 64 2.68182
4965000 23 4.26087 11 43 113 0.95652 64 2.65217
4970000 24 3.95833 10 47 104 0.87500 64 2.50000
4975000 24 4.12500 10 46 107 1.00000 62 2.50000
4980000 25 3.92000 9 49 104 0.88000 67 2.48000
4985000 24 3.87500 8 59 111 0.95833 67 2.58333
4990000 27 3.85185 10 54 123 0.96296 70 2.33333
4995000 22 4.45455 10 57 124 1.00000 64 2.77273
5000000 23 4.34783 13 46 111 0.95652 63 2.65217
5005000 26 3.92308 11 34 112 0.96154 65 2.34615
5010000 27 4.00000 13 33 121 1.00000 68 2.29630
5015000 26 4.19231 12 40 129 1.00000 66 2.42308
5020000 24 4.50000 11 37 119 1.00000 63 2.50000
5025000 21 4.85714 10 40 117 1.00000 64 2.61905
5030000 23 4.78261 11 40 125 1.00000 67 2.65217
5035000 23 4.60870 11 40 122 1.00000 66 2.56522
5040000 25 4.24000 9 43 114 0.88000 66 2.40000
5045000 28 4.14286 10 40 128 0.96429 63 2.17857
5050000 27 4.22222 8 37 128 1.00000 66 2.29630
5055000 24 4.41667 9 46 125 1.00000 68 2.54167
5060000 25 4.28000 11 34 121 1.00000 64 2.40000
5065000 22 4.63636 14 34 116 1.00000 62 2.72727
5070000 24 4.37500 13 33 113 0.91667 63 2.54167
5075000 23 4.73913 12 38 116 0.91304 64 2.65217
5080000 22 4.90909 12 41 119 0.86364 62 2.59091
5085000 18 5.27778 12 48 115 1.00000 63 3.16667
5090000 19 5.36842 13 47 123 1.00000 62 2.94737
5095000 20 5.30000 12 52 129 0.90000 70 2.85000
5100000 24 4.54167 13 44 120 0.95833 67 2.58333
5105000 24 4.62500 12 47 123 0.95833 67 2.54167
5110000 25 4.44000 14 45 121 0.96000 64 2.44000
5115000 21 5.04762 14 47 122 1.00000 64 2.76190
5120000 22 4.95455 13 44 118 0.95455 63 2.72727
5125000 24 4.62500 14 36 118 0.87500 61 2.45833
5130000 22 4.63636 13 53 120 0.86364 65 2.63636
5135000 19 5.00000 13 58 114 1.00000 64 2.94737
5140000 20 4.70000 11 55 112 1.00000 64 2.95000
5145000 21 4.28571 9 56 109 0.95238 65 2.66667
5150000 21 4.52381 9 51 111 1.00000 67 2.80952
5155000 20 4.95000 9 49 119 0.90000 66 2.85000
5160000 19 5.47368 11 39 122 1.00000 63 3.05263
5165000 22 4.63636 9 48 109 0.86364 66 2.63636
5170000 22 5.00000 14 48 119 0.86364 66 2.68182
5175000 21 5.38095 12 51 130 1.00000 65 2.80952
5180000 22 5.13636 13 40 126 1.00000 67 2.90909
5185000 22 5.13636 11 41 127 1.00000 67 3.00000
5190000 25 4.60000 14 46 129 0.96000 67 2.56000
5195000 22 4.63636 14 52 118 1.00000 70 3.00000
5200000 23 4.73913 15 43 121 0.95652 67 2.78261
5205000 26 4.46154 14 39 125 0.96154 68 2.61538
5210000 28 4.42857 13 41 129 0.89286 69 2.46429
5215000 27 4.37037 12 38 131 1.00000 69 2.55556
5220000 22 5.13636 16 41 124 1.00000 70 3.09091
5225000 22 5.27273 16 45 128 1.00000 72 2.95455
5230000 21 5.71429 15 44 136 0.95238 69 2.95238
5235000 21 5.76190 17 36 134 1.00000 66 3.04762
5240000 23 5.13043 19 42 130 0.95652 71 2.95652
5245000 21 5.66667 28 43 134 1.00000 70 3.19048
5250000 20 5.50000 26 46 128 1.00000 74 3.30000
5255000 21 5.38095 27 38 133 0.95238 72 3.00000
5260000 21 5.52381 26 36 130 0.95238 71 3.14286
5265000 22 5.27273 24 41 129 1.00000 72 3.09091
5270000 28 4.46429 20 33 131 0.92857 73 2.50000
5275000 25 4.76000 19 35 124 0.92000 68 2.56000
5280000 25 4.80000 21 40 123 0.96000 69 2.72000
5285000 22 5.09091 22 48 126 0.95455 67 2.81818
5290000 20 5.75000 23 49 129 1.00000 67 3.05000
5295000 22 5.31818 22 50 131 0.90909 66 2.68182
5300000 23 5.17391 22 44 130 0.95652 66 2.60870
5305000 26 4.92308 20 32 132 0.92308 66 2.46154
5310000 23 5.13043 19 33 126 0.91304 66 2.73913
5315000 21 5.42857 19 30 124 0.90476 67 2.90476
5320000 21 5.19048 16 42 118 1.00000 66 2.85714
5325000 19 5.47368 14 46 123 0.94737 66 3.15789
5330000 21 5.47619 17 46 127 0.95238 67 2.85714
5335000 21 5.23810 17 46 127 0.95238 70 3.00000
5340000 22 5.09091 14 42 118 0.86364 68 2.81818
5345000 20 5.40000 11 36 126 1.00000 67 3.10000
5350000 20 5.00000 12 42 117 1.00000 66 2.90000
5355000 22 4.45455 12 45 107 0.86364 67 2.54545
5360000 21 4.66667 16 49 115 0.90476 69 2.80952
5365000 19 5.57895 17 44 124 0.94737 72 3.00000
5370000 19 5.26316 15 40 118 1.00000 68 3.21053
5375000 22 4.63636 14 42 120 0.95455 72 2.77273
5380000 25 4.24000 13 46 125 1.00000 69 2.60000
5385000 24 4.20833 13 46 111 0.87500 69 2.70833
5390000 22 4.50000 22 52 114 0.95455 68 2.95455
5395000 25 4.32000 20 42 119 1.00000 69 2.64000
5400000 23 4.69565 19 45 116 0.95652 72 3.00000
5405000 25 4.36000 18 41 118 1.00000 71 2.76000
5410000 26 4.19231 17 45 122 0.96154 73 2.76923
5415000 28 4.35714 17 35 134 0.96429 74 2.50000
5420000 26 4.69231 15 37 133 0.96154 74 2.73077
5425000 26 4.46154 13 33 125 0.88462 73 2.57692
5430000 26 4.46154 13 38 124 0.88462 71 2.53846
5435000 26 4.50000 13 32 123 0.96154 71 2.65385
5440000 27 4.44444 14 33 123 0.88889 69 2.55556
5445000 26 4.26923 13 34 115 0.96154 68 2.61538
5450000 21 5.00000 13 41 115 1.00000 67 3.09524
5455000 22 5.27273 17 37 129 0.95455 70 3.00000
5460000 24 5.08333 14 36 132 0.95833 68 2.75000
5465000 24 5.45833 15 31 142 0.95833 69 2.79167
5470000 23 5.34783 14 38 132 1.00000 65 2.78261
5475000 26 4.80769 15 28 126 0.92308 66 2.50000
5480000 25 4.92000 13 27 121 0.92000 68 2.68000
5485000 24 4.91667 13 33 131 1.00000 65 2.70833
5490000 24 4.91667 12 33 129 1.00000 68 2.70833
5495000 24 4.87500 14 32 129 1.00000 66 2.75000
5500000 21 5.47619 12 30 127 1.00000 67 3.09524
5505000 22 5.09091 12 30 122 1.00000 66 2.90909
5510000 23 4.95652 10 32 121 0.91304 66 2.69565
5515000 22 4.81818 11 36 115 0.95455 70 2.77273
5520000 21 4.90476 10 43 117 0.95238 68 2.80952
5525000 21 4.66667 10 41 113 1.00000 68 2.95238
5530000 21 4.42857 10 39 106 0.95238 67 2.90476
5535000 24 4.00000 11 39 104 0.91667 65 2.62500
5540000 23 4.13043 11 43 113 1.00000 65 2.73913
5545000 18 5.05556 14 35 105 0.94444 62 3.11111
5550000 20 4.70000 15 33 104 0.95000 62 2.80000
5555000 21 4.71429 14 37 112 0.90476 64 2.76190
5560000 18 5.27778 16 40 103 0.94444 65 3.38889
5565000 19 5.36842 16 40 120 0.94737 66 3.21053
5570000 20 5.15000 13 41 123 0.95000 66 3.00000
5575000 23 4.56522 15 37 117 0.91304 66 2.69565
5580000 18 5.38889 16 47 116 1.00000 65 3.22222
5585000 19 5.10526 12 45 109 0.94737 65 3.10526
5590000 17 5.58824 12 49 111 0.94118 69 3.58824
5595000 20 5.05000 13 50 112 0.85000 68 3.15000
5600000 22 5.04545 11 41 122 0.95455 69 2.95455
5605000 21 5.00000 13 41 112 0.95238 62 2.85714
5610000 20 5.35000 12 45 117 0.90000 66 2.95000
5615000 20 5.15000 12 56 126 1.00000 63 2.85000
5620000 23 5.17391 14 50 122 0.86957 62 2.65217
5625000 24 5.08333 15 46 126 0.87500 65 2.62500
5630000 21 5.19048 14 50 129 1.00000 69 3.09524
5635000 25 4.76000 16 44 134 0.96000 67 2.64000
5640000 23 4.91304 16 49 128 0.91304 68 2.73913
5645000 18 5.55556 15 50 116 0.88889 69 3.27778
5650000 18 5.55556 15 48 111 0.94444 67 3.38889
5655000 21 5.42857 17 41 124 0.90476 66 2.85714
5660000 19 5.47368 14 45 117 0.94737 63 3.00000
5665000 21 5.04762 15 45 121 0.95238 66 2.85714
5670000 18 5.88889 16 44 124 1.00000 66 3.22222
5675000 22 5.09091 16 35 127 0.95455 65 2.63636
5680000 20 5.55000 18 32 123 1.00000 62 3.00000
5685000 21 5.38095 17 37 128 0.95238 66 2.95238
5690000 22 5.09091 19 41 129 0.95455 64 2.72727
5695000 21 5.14286 19 45 130 1.00000 68 2.90476
5700000 25 4.52000 18 43 123 0.92000 67 2.48000
5705000 28 4.28571 17 34 127 0.89286 69 2.28571
5710000 23 4.73913 17 42 131 1.00000 66 2.65217
5715000 21 5.09524 17 38 120 0.95238 63 2.57143
5720000 22 4.95455 12 35 123 1.00000 62 2.68182
5725000 20 4.90000 12 40 124 1.00000 64 2.95000
5730000 22 4.72727 13 38 120 0.90909 65 2.54545
5735000 19 4.84211 11 44 112 0.94737 65 3.05263
5740000 21 4.66667 12 45 106 1.00000 64 2.95238
5745000 23 4.47826 10 39 114 0.95652 66 2.69565
5750000 18 5.61111 17 46 113 1.00000 64 3.38889
5755000 20 4.90000 15 48 113 0.90000 66 3.05000
5760000 19 5.42105 15 55 122 1.00000 71 3.26316
5765000 21 4.95238 13 42 118 0.95238 71 3.14286
5770000 24 4.45833 12 43 121 0.91667 70 2.79167
5775000 27 4.18519 10 40 116 0.88889 69 2.55556
5780000 24 4.75000 13 35 120 0.91667 68 2.70833
5785000 23 4.78261 11 40 119 1.00000 72 2.95652
5790000 21 5.28571 13 41 128 1.00000 71 3.19048
5795000 24 4.83333 12 36 128 0.95833 71 2.83333
5800000 23 5.17391 11 33 123 0.95652 70 2.91304
5805000 21 4.95238 10 40 120 1.00000 73 3.09524
5810000 24 4.50000 8 31 120 0.95833 70 2.62500
5815000 23 4.52174 9 38 122 1.00000 71 2.73913
5820000 25 4.48000 9 30 119 0.96000 70 2.52000
5825000 22 4.50000 10 43 117 1.00000 70 2.77273
5830000 22 4.36364 9 48 111 0.95455 70 2.86364
5835000 22 4.54545 10 40 106 0.86364 64 2.59091
5840000 21 4.71429 10 46 112 0.95238 67 2.76190
5845000 22 4.45455 10 46 106 0.86364 65 2.59091
5850000 22 4.40909 10 51 112 0.95455 66 2.77273
5855000 22 4.77273 12 43 114 0.95455 65 2.68182
5860000 19 5.21053 10 46 117 1.00000 63 2.89474
5865000 21 4.66667 9 38 106 0.90476 63 2.71429
5870000 20 5.00000 9 46 116 0.90000 66 2.90000
5875000 21 4.90476 9 51 114 0.95238 67 2.85714
5880000 20 5.20000 14 49 122 1.00000 65 3.00000
5885000 20 5.40000 11 43 130 1.00000 69 3.00000
5890000 21 4.95238 11 42 127 1.00000 68 2.95238
5895000 23 4.47826 10 37 117 0.91304 67 2.65217
5900000 21 4.90476 10 40 119 1.00000 69 3.00000
5905000 21 4.80952 9 43 122 1.00000 71 2.95238
5910000 21 5.04762 11 38 119 0.95238 72 3.00000
5915000 21 4.85714 10 48 127 1.00000 73 3.04762
5920000 22 4.59091 9 43 116 1.00000 71 2.95455
5925000 28 3.89286 9 35 117 0.96429 74 2.46429
5930000 26 4.11538 11 44 122 0.92308 76 2.69231
5935000 26 4.30769 14 38 126 0.96154 75 2.69231
5940000 28 3.75000 13 38 123 0.96429 72 2.46429
5945000 23 4.47826 14 45 119 0.95652 69 2.73913
5950000 20 4.80000 15 52 118 1.00000 68 3.00000
5955000 24 4.33333 14 43 122 0.95833 68 2.66667
5960000 24 4.25000 12 44 114 1.00000 69 2.66667
5965000 24 4.29167 12 41 114 0.91667 69 2.66667
5970000 20 5.00000 16 42 117 1.00000 68 3.15000
5975000 23 4.60870 16 38 121 0.91304 72 2.78261
5980000 23 5.08696 16 29 128 1.00000 70 2.82609
5985000 23 5.04348 16 35 120 1.00000 68 2.86957
5990000 21 4.85714 13 39 114 1.00000 69 3.04762
5995000 22 4.36364 13 49 115 1.00000 66 2.90909
6000000 22 4.63636 14 40 115 1.00000 68 3.04545
6005000 22 4.40909 11 43 112 0.95455 68 2.86364
6010000 22 4.86364 11 39 115 0.90909 68 2.77273
6015000 23 4.86957 12 38 121 0.95652 66 2.73913
6020000 20 5.50000 9 38 119 1.00000 66 3.20000
6025000 20 5.70000 10 42 124 0.95000 66 3.15000
6030000 22 5.13636 10 41 127 1.00000 65 2.86364
6035000 21 5.04762 8 48 120 0.95238 67 2.95238
6040000 23 4.69565 7 51 126 1.00000 68 2.69565
6045000 25 4.40000 9 56 123 0.96000 70 2.48000
6050000 25 4.32000 10 52 124 0.96000 68 2.64000
6055000 26 4.65385 13 38 135 1.00000 68 2.46154
6060000 27 4.33333 13 41 127 0.96296 67 2.44444
6065000 24 4.87500 14 37 130 1.00000 65 2.58333
6070000 22 5.45455 14 37 135 0.95455 66 2.68182
6075000 20 5.80000 14 46 136 0.95000 63 2.85000
6080000 20 5.90000 13 45 135 0.95000 68 2.95000
6085000 22 5.04545 12 46 128 1.00000 66 2.68182
6090000 25 4.48000 9 46 129 0.92000 68 2.44000
6095000 22 4.90909 11 50 128 1.00000 67 2.86364
6100000 24 4.50000 12 50 127 0.95833 70 2.58333
6105000 25 4.52000 13 47 130 0.96000 73 2.64000
6110000 27 4.07407 11 47 122 0.92593 72 2.51852
6115000 26 4.23077 11 37 124 0.92308 71 2.57692
6120000 24 4.37500 12 37 119 1.00000 75 2.87500
6125000 20 5.10000 15 39 116 1.00000 70 3.25000
6130000 19 5.00000 16 44 111 1.00000 69 3.26316
6135000 18 5.11111 16 45 108 0.94444 67 3.44444
6140000 18 4.77778 17 48 108 1.00000 66 3.22222
6145000 19 4.57895 17 50 105 0.94737 66 3.15789
6150000 19 4.78947 18 43 107 0.94737 65 3.26316
6155000 19 5.21053 17 46 115 0.94737 67 3.31579
6160000 18 5.50000 18 39 112 0.94444 66 3.33333
6165000 19 5.21053 16 41 112 1.00000 66 3.15789
6170000 17 5.64706 17 45 112 1.00000 63 3.47059
6175000 20 5.30000 16 39 115 0.95000 61 2.95000
6180000 17 5.94118 15 42 118 1.00000 66 3.58824
6185000 19 5.47368 14 40 117 0.94737 66 3.15789
6190000 18 5.88889 16 31 122 0.94444 69 3.33333
6195000 17 6.00000 14 45 118 1.00000 68 3.47059
6200000 20 5.35000 15 43 129 0.95000 69 3.10000
6205000 17 6.17647 15 43 122 1.00000 66 3.58824
6210000 17 6.17647 13 47 123 0.94118 68 3.58824
6215000 18 6.05556 14 48 123 1.00000 66 3.38889
6220000 22 5.50000 15 47 139 0.86364 68 2.77273
6225000 18 6.50000 16 49 131 1.00000 63 3.33333
6230000 18 5.61111 15 59 130 1.00000 66 3.33333
6235000 18 5.61111 14 58 120 0.94444 63 3.22222
6240000 21 5.14286 14 53 120 0.90476 65 2.85714
6245000 18 5.11111 11 54 110 1.00000 66 3.38889
6250000 20 4.65000 11 39 103 0.95000 67 3.10000
6255000 17 5.11765 11 46 103 1.00000 67 3.64706
6260000 20 4.65000 11 38 100 1.00000 66 3.05000
6265000 19 4.42105 11 45 101 0.94737 66 3.21053
6270000 18 4.72222 14 50 98 0.94444 60 3.05556
6275000 18 4.94444 18 46 107 0.88889 62 3.00000
6280000 25 4.28000 19 38 112 0.92000 63 2.20000
6285000 18 5.11111 21 49 108 1.00000 65 3.05556
6290000 22 4.04545 17 48 107 0.95455 67 2.68182
6295000 22 4.09091 20 48 114 1.00000 68 2.72727
6300000 20 4.70000 22 48 117 0.95000 68 2.85000
6305000 23 4.08696 18 49 114 0.86957 69 2.47826
6310000 19 4.63158 17 51 109 1.00000 67 3.05263
6315000 25 4.08000 20 46 117 0.88000 70 2.52000
6320000 20 4.75000 21 51 113 0.95000 63 2.90000
6325000 23 4.43478 19 43 110 0.86957 60 2.39130
6330000 24 4.41667 15 41 115 0.87500 65 2.41667
6335000 19 4.63158 14 56 108 0.94737 65 2.94737
6340000 22 4.45455 13 47 114 0.90909 66 2.63636
6345000 20 4.80000 14 51 117 1.00000 64 2.90000
6350000 20 5.15000 15 46 121 0.95000 62 2.85000
6355000 20 5.25000 15 42 117 0.90000 63 2.75000
6360000 18 5.55556 16 46 121 0.94444 64 3.00000
6365000 16 5.93750 15 48 118 1.00000 63 3.31250
6370000 17 5.82353 14 49 121 1.00000 63 3.17647
6375000 19 5.68421 14 44 124 0.94737 63 3.00000
6380000 21 5.23810 14 38 125 0.95238 61 2.61905
6385000 21 5.33333 24 34 121 0.90476 64 2.76190
6390000 19 5.63158 21 41 123 0.94737 65 3.00000
6395000 22 5.00000 20 29 116 0.90909 61 2.59091
6400000 22 4.77273 15 33 112 0.90909 61 2.63636
6405000 17 5.94118 17 43 122 1.00000 62 3.11765
6410000 20 5.45000 17 47 129 1.00000 67 2.95000
6415000 21 5.04762 16 48 125 0.95238 66 2.85714
6420000 23 4.78261 17 45 129 0.95652 70 2.73913
6425000 24 4.70833 16 39 134 1.00000 72 2.66667
6430000 26 4.53846 17 35 120 0.88462 70 2.57692
6435000 23 4.95652 17 38 126 0.95652 67 2.60870
6440000 18 5.61111 20 55 118 1.00000 67 3.38889
6445000 21 5.00000 19 57 123 0.95238 68 3.00000
6450000 22 5.18182 18 59 133 0.90909 69 2.86364
6455000 26 4.69231 19 55 136 0.92308 71 2.57692
6460000 24 5.12500 23 55 136 0.95833 74 2.95833
6465000 22 5.77273 25 51 141 0.95455 74 3.09091
6470000 23 5.43478 23 44 139 0.95652 72 2.82609
6475000 25 5.08000 21 36 137 0.96000 67 2.40000
6480000 20 5.50000 19 48 126 1.00000 68 2.75000
6485000 21 5.42857 15 39 126 0.95238 65 2.61905
6490000 19 6.15789 15 46 135 1.00000 68 2.89474
6495000 18 6.05556 15 48 129 1.00000 68 3.05556
6500000 19 6.21053 15 50 143 1.00000 67 3.00000
6505000 17 6.47059 16 51 126 1.00000 58 3.00000
6510000 23 5.30435 16 41 136 0.91304 60 2.43478
6515000 21 5.47619 15 38 127 1.00000 59 2.52381
6520000 20 5.55000 16 46 129 1.00000 62 2.85000
6525000 21 5.71429 16 37 131 0.95238 62 2.71429
6530000 23 5.26087 14 30 121 0.91304 61 2.47826
6535000 20 5.60000 14 39 133 1.00000 63 2.85000
6540000 21 5.38095 15 35 127 0.95238 62 2.71429
6545000 24 4.66667 14 32 123 1.00000 64 2.37500
6550000 25 4.44000 13 34 121 1.00000 61 2.36000
6555000 23 4.52174 14 41 118 1.00000 61 2.39130
6560000 22 4.81818 15 41 119 0.95455 61 2.50000
6565000 23 4.73913 17 37 131 1.00000 66 2.52174
6570000 24 4.45833 15 37 119 0.95833 65 2.45833
6575000 22 4.45455 13 39 111 0.95455 62 2.54545
6580000 22 4.50000 13 47 114 0.95455 61 2.40909
6585000 22 4.31818 12 47 109 1.00000 60 2.54545
6590000 25 3.92000 9 42 106 0.96000 59 2.32000
6595000 21 4.33333 9 50 115 1.00000 61 2.71429
6600000 20 4.85000 15 37 113 1.00000 61 2.90000
6605000 18 5.22222 14 44 111 0.94444 61 2.88889
6610000 19 4.78947 13 46 105 0.94737 58 2.89474
6615000 20 4.80000 13 46 116 1.00000 62 2.75000
6620000 22 4.59091 14 45 122 1.00000 62 2.50000
6625000 26 4.15385 12 29 118 1.00000 62 2.26923
6630000 23 4.43478 12 41 122 1.00000 66 2.60870
6635000 24 4.50000 15 45 127 0.95833 68 2.50000
6640000 25 4.48000 18 37 127 1.00000 68 2.48000
6645000 27 4.44444 20 29 131 0.96296 67 2.25926
6650000 26 4.42308 20 39 122 0.96154 68 2.38462
6655000 26 4.30769 20 44 122 0.96154 68 2.42308
6660000 21 5.00000 19 53 123 1.00000 71 2.85714
6665000 23 4.73913 18 37 117 0.86957 61 2.34783
6670000 19 5.05263 16 51 119 0.94737 60 2.84211
6675000 22 5.27273 18 41 122 0.90909 62 2.68182
6680000 18 5.72222 15 47 119 1.00000 63 3.22222
6685000 18 5.83333 15 50 125 0.94444 64 3.33333
6690000 20 5.55000 16 45 125 1.00000 63 3.15000
6695000 25 4.88000 16 36 134 0.88000 65 2.52000
6700000 23 5.30435 18 34 137 1.00000 69 2.82609
6705000 24 5.12500 20 27 127 0.91667 67 2.70833
6710000 20 5.75000 21 39 125 0.95000 66 3.10000
6715000 18 6.16667 21 41 124 0.94444 64 3.22222
6720000 18 6.05556 22 43 123 1.00000 66 3.33333
6725000 21 5.95238 25 42 140 1.00000 67 2.95238
6730000 20 5.95000 24 44 133 0.95000 66 3.25000
6735000 24 5.12500 21 37 125 0.91667 66 2.66667
6740000 24 5.33333 21 35 131 0.91667 68 2.79167
6745000 18 6.38889 18 42 127 1.00000 69 3.66667
6750000 20 6.00000 18 39 134 0.95000 70 3.35000
6755000 18 6.61111 20 35 132 0.94444 71 3.66667
6760000 19 5.84211 18 36 123 0.94737 69 3.47368
6765000 22 5.50000 17 33 125 0.90909 69 3.09091
6770000 20 5.75000 16 42 129 1.00000 70 3.40000
6775000 21 5.33333 17 33 122 0.95238 71 3.28571
6780000 19 5.68421 19 36 122 1.00000 74 3.68421
6785000 22 5.22727 19 32 119 1.00000 71 3.18182
6790000 20 5.30000 18 41 116 0.90000 69 3.30000
6795000 21 4.80952 17 44 116 0.95238 70 3.19048
6800000 23 4.34783 15 41 114 0.95652 69 2.91304
6805000 21 4.57143 15 43 110 1.00000 69 3.09524
6810000 23 4.17391 14 36 104 0.95652 67 2.78261
6815000 26 3.96154 14 42 106 0.80769 68 2.42308
6820000 24 4.45833 14 47 113 0.91667 68 2.50000
6825000 20 5.30000 14 47 126 0.95000 71 3.10000
6830000 23 5.04348 13 41 130 0.95652 72 2.91304
6835000 20 5.45000 11 42 131 1.00000 72 3.35000
6840000 19 5.63158 11 41 121 0.94737 72 3.42105
6845000 17 6.23529 12 49 125 1.00000 69 3.64706
6850000 19 5.63158 11 48 121 1.00000 69 3.31579
6855000 20 5.25000 11 42 117 1.00000 66 3.15000
6860000 23 4.82609 11 33 122 0.91304 67 2.65217
6865000 20 5.40000 13 37 125 1.00000 67 3.15000
6870000 24 5.00000 12 38 134 0.95833 67 2.70833
6875000 22 5.40909 14 48 129 1.00000 66 2.86364
6880000 28 4.64286 14 35 131 0.85714 67 2.28571
6885000 24 5.12500 15 38 136 1.00000 67 2.66667
6890000 25 5.04000 15 41 139 0.96000 69 2.60000
6895000 25 4.88000 17 44 136 1.00000 71 2.64000
6900000 23 5.30435 16 39 138 1.00000 71 2.82609
6905000 21 5.42857 16 45 128 1.00000 72 3.19048
6910000 22 5.18182 16 42 129 1.00000 68 2.95455
6915000 22 5.13636 15 40 121 1.00000 72 3.13636
6920000 24 4.79167 15 34 119 0.87500 74 2.83333
6925000 23 5.08696 16 43 128 0.86957 72 2.82609
6930000 22 5.13636 16 52 131 0.95455 72 3.00000
6935000 24 5.54167 15 41 144 0.95833 74 2.91667
6940000 25 5.36000 15 35 140 0.96000 73 2.84000
6945000 24 5.20833 12 30 135 1.00000 74 2.95833
6950000 24 5.37500 21 34 145 1.00000 72 3.00000
6955000 24 5.29167 20 32 140 1.00000 71 2.91667
6960000 20 5.65000 21 38 129 1.00000 71 3.10000
6965000 22 5.36364 20 32 124 0.90909 67 2.77273
6970000 20 5.25000 19 33 115 1.00000 71 3.25000
6975000 19 5.31579 18 44 118 1.00000 71 3.42105
6980000 19 5.26316 16 42 120 1.00000 71 3.52632
6985000 25 4.64000 15 34 121 0.92000 71 2.76000
6990000 25 4.32000 15 40 119 0.96000 69 2.68000
6995000 24 4.41667 13 35 115 0.91667 70 2.66667
7000000 25 4.24000 12 41 122 0.96000 73 2.60000
7005000 24 4.58333 13 41 121 0.91667 71 2.66667
7010000 22 5.13636 13 38 128 0.95455 71 2.90909
7015000 20 5.60000 15 41 127 0.95000 67 3.10000
7020000 21 5.14286 12 41 124 0.95238 68 2.85714
7025000 22 4.81818 14 43 120 0.95455 65 2.72727
7030000 23 4.69565 13 39 118 0.86957 65 2.65217
7035000 22 4.77273 14 43 123 1.00000 69 2.95455
7040000 23 4.69565 15 46 121 1.00000 69 2.73913
7045000 20 5.30000 16 55 123 0.95000 71 3.00000
7050000 20 5.40000 16 47 120 0.90000 69 3.10000
7055000 20 5.10000 13 47 124 0.90000 70 3.05000
7060000 21 5.14286 22 42 122 1.00000 67 3.00000
7065000 21 5.42857 22 43 129 1.00000 73 3.14286
7070000 20 5.75000 22 36 132 1.00000 74 3.30000
7075000 23 5.43478 24 30 130 0.86957 72 2.86957
7080000 21 5.57143 21 34 132 1.00000 71 3.09524
7085000 23 5.13043 23 32 124 0.95652 70 2.91304
7090000 20 5.20000 20 38 119 0.95000 73 3.30000
7095000 17 5.76471 15 43 115 1.00000 68 3.76471
7100000 18 5.38889 14 45 119 1.00000 68 3.50000
7105000 17 5.64706 14 49 112 1.00000 66 3.64706
7110000 19 5.05263 15 43 113 1.00000 69 3.31579
7115000 20 5.00000 15 42 107 0.95000 68 3.20000
7120000 17 5.88235 14 46 116 1.00000 67 3.82353
7125000 18 5.77778 14 49 117 0.88889 73 3.66667
7130000 18 5.66667 14 49 118 0.94444 71 3.50000
7135000 17 6.11765 13 46 118 0.82353 68 3.64706
7140000 17 6.23529 14 45 120 0.94118 65 3.64706
7145000 16 6.06250 16 42 118 1.00000 65 3.81250
7150000 16 6.12500 16 37 113 1.00000 61 3.43750
7155000 18 5.83333 17 36 119 0.94444 60 3.11111
7160000 16 6.31250 19 38 116 1.00000 60 3.50000
7165000 16 6.37500 18 42 120 1.00000 69 3.87500
7170000 16 5.93750 17 37 107 1.00000 68 3.62500
7175000 18 5.38889 17 47 114 1.00000 68 3.33333
7180000 19 5.31579 17 40 112 0.94737 65 3.15789
7185000 21 5.04762 16 39 113 0.85714 64 2.66667
7190000 16 6.43750 17 49 120 1.00000 65 3.56250
7195000 16 6.37500 16 51 126 0.93750 69 3.68750
7200000 20 5.70000 17 42 118 0.80000 69 3.05000
7205000 18 5.77778 18 43 116 0.83333 66 3.38889
7210000 16 5.75000 17 41 110 1.00000 70 4.00000
7215000 18 5.27778 19 44 110 1.00000 67 3.44444
7220000 19 5.00000 17 41 112 1.00000 67 3.21053
7225000 22 4.68182 16 38 115 0.95455 73 2.95455
7230000 19 5.05263 14 41 110 0.94737 73 3.36842
7235000 19 4.89474 13 48 114 0.94737 74 3.31579
7240000 19 5.15789 13 47 116 0.94737 72 3.47368
7245000 19 5.31579 14 47 117 1.00000 71 3.42105
7250000 17 6.05882 14 47 121 0.94118 72 3.82353
7255000 20 5.75000 18 41 120 0.85000 72 3.25000
7260000 22 5.36364 16 39 123 0.90909 73 3.13636
7265000 21 5.38095 15 43 126 0.95238 72 3.09524
7270000 19 5.89474 16 41 129 0.94737 72 3.31579
7275000 20 5.50000 17 38 122 1.00000 72 3.30000
7280000 20 5.15000 15 33 114 1.00000 69 3.25000
7285000 21 4.76190 16 32 111 1.00000 73 3.23810
7290000 20 4.80000 14 42 112 1.00000 68 3.20000
7295000 21 4.80952 14 40 114 0.95238 70 3.14286
7300000 20 5.10000 16 37 115 1.00000 73 3.40000
7305000 21 5.14286 18 40 123 0.95238 72 3.28571
7310000 18 5.22222 18 45 111 1.00000 71 3.50000
7315000 19 5.00000 19 38 106 1.00000 72 3.31579
7320000 19 5.31579 18 48 117 1.00000 71 3.52632
7325000 24 4.33333 18 41 117 0.91667 68 2.66667
7330000 22 4.59091 18 52 119 0.90909 68 2.81818
7335000 25 4.16000 19 53 116 0.88000 64 2.28000
7340000 25 4.36000 18 47 123 0.92000 68 2.36000
7345000 20 4.90000 17 53 110 0.85000 65 2.75000
7350000 22 4.95455 17 50 123 0.90909 66 2.59091
7355000 19 5.10526 15 51 106 0.89474 65 3.05263
7360000 20 4.70000 16 48 105 0.80000 62 2.80000
7365000 21 4.85714 22 44 111 0.90476 59 2.71429
7370000 22 4.63636 20 43 111 0.86364 61 2.63636
7375000 21 4.90476 19 47 117 0.85714 63 2.71429
7380000 19 5.00000 18 56 112 0.94737 60 2.78947
7385000 22 4.50000 16 53 115 0.86364 63 2.36364
7390000 21 4.76190 17 55 111 0.95238 66 2.57143
7395000 23 4.78261 16 50 125 0.91304 64 2.43478
7400000 20 5.30000 20 51 121 0.90000 64 2.75000
7405000 20 5.15000 20 54 119 0.95000 66 2.90000
7410000 19 5.31579 18 51 118 0.94737 66 3.00000
7415000 22 4.86364 17 48 121 0.95455 66 2.77273
7420000 25 4.68000 17 39 128 0.92000 67 2.52000
7425000 23 4.82609 15 42 131 1.00000 69 2.69565
7430000 21 5.14286 18 42 122 0.95238 66 2.80952
7435000 19 5.68421 18 45 121 1.00000 66 3.21053
7440000 22 5.00000 15 41 123 1.00000 70 2.95455
7445000 25 4.24000 14 40 115 0.92000 67 2.52000
7450000 20 4.90000 15 49 116 1.00000 66 3.05000
7455000 20 4.90000 17 50 118 1.00000 65 2.75000
7460000 20 5.05000 17 43 118 0.95000 68 3.05000
7465000 22 4.95455 15 45 121 0.90909 63 2.72727
7470000 19 5.26316 17 50 121 1.00000 65 3.10526
7475000 23 4.08696 13 47 109 0.86957 66 2.47826
7480000 22 4.09091 13 57 111 0.90909 68 2.63636
7485000 24 4.08333 15 54 121 0.87500 67 2.33333
7490000 24 4.33333 13 50 124 0.95833 63 2.45833
7495000 24 4.20833 14 46 116 0.95833 65 2.50000
7500000 25 4.24000 14 41 122 0.96000 64 2.44000
7505000 24 4.20833 14 35 113 1.00000 67 2.62500
7510000 26 4.07692 15 34 114 0.92308 66 2.38462
7515000 25 4.16000 12 42 118 1.00000 63 2.48000
7520000 21 4.85714 15 46 120 1.00000 64 2.85714
7525000 22 4.63636 17 50 119 0.95455 65 2.77273
7530000 22 4.45455 16 48 115 0.95455 67 2.72727
7535000 25 4.20000 15 40 116 0.92000 67 2.52000
7540000 24 4.20833 14 39 114 1.00000 67 2.66667
7545000 25 4.20000 14 41 118 0.96000 66 2.48000
7550000 22 4.54545 13 46 116 0.95455 65 2.54545
7555000 20 4.60000 13 48 116 1.00000 67 2.90000
7560000 20 4.50000 16 52 108 0.95000 68 2.90000
7565000 18 5.11111 16 50 117 0.94444 67 3.22222
7570000 18 5.16667 16 56 112 1.00000 65 3.38889
7575000 22 4.50000 13 48 116 0.95455 66 2.81818
7580000 29 3.82759 13 48 121 0.86207 66 2.27586
7585000 23 4.30435 11 56 111 0.95652 65 2.60870
7590000 24 4.54167 13 45 126 1.00000 69 2.79167
7595000 22 4.77273 15 46 119 0.95455 69 2.90909
7600000 20 5.30000 15 39 118 0.95000 70 3.15000
7605000 22 4.86364 17 36 123 1.00000 68 2.90909
7610000 22 4.86364 17 37 117 1.00000 69 2.95455
7615000 23 4.56522 14 36 117 0.95652 69 2.78261
7620000 19 5.05263 12 47 117 1.00000 68 3.26316
7625000 20 4.65000 15 51 110 1.00000 70 3.20000
7630000 23 4.08696 14 38 109 0.95652 71 2.78261
7635000 23 4.65217 13 33 122 1.00000 69 2.82609
7640000 23 4.56522 12 36 112 0.91304 65 2.69565
7645000 20 4.95000 14 45 110 0.95000 64 3.05000
7650000 22 4.72727 14 47 122 0.95455 68 2.86364
7655000 22 4.54545 13 59 117 0.86364 66 2.81818
7660000 23 4.56522 12 48 115 0.86957 66 2.73913
7665000 23 4.47826 12 50 107 0.86957 63 2.73913
7670000 20 4.85000 12 59 116 1.00000 64 3.10000
7675000 22 4.77273 12 47 121 1.00000 67 2.86364
7680000 21 5.23810 12 41 124 1.00000 68 3.04762
7685000 21 4.95238 13 45 115 0.90476 67 3.04762
7690000 21 5.04762 13 45 122 0.95238 65 3.00000
7695000 18 5.44444 11 43 110 1.00000 66 3.33333
7700000 20 5.40000 12 41 121 1.00000 67 3.15000
7705000 20 5.45000 12 41 118 1.00000 66 3.20000
7710000 20 5.45000 10 40 126 0.90000 68 3.10000
7715000 23 5.13043 10 38 127 0.86957 70 2.82609
7720000 20 5.45000 10 36 122 1.00000 67 3.25000
7725000 21 5.23810 10 34 122 0.95238 66 3.04762
7730000 20 5.25000 13 36 120 1.00000 67 3.30000
7735000 23 4.69565 12 41 125 1.00000 68 2.91304
7740000 23 4.60870 12 42 120 1.00000 71 2.91304
7745000 24 4.12500 11 46 113 1.00000 67 2.66667
7750000 26 3.88462 12 29 109 0.96154 67 2.46154
7755000 23 4.00000 12 34 109 1.00000 70 2.82609
7760000 20 4.20000 12 47 106 1.00000 69 3.15000
7765000 22 4.27273 11 42 113 0.95455 69 2.95455
7770000 23 4.47826 10 35 116 1.00000 67 2.73913
7775000 24 4.45833 10 29 116 1.00000 66 2.58333
7780000 22 4.40909 10 40 111 1.00000 67 2.81818
7785000 21 4.61905 10 43 112 0.95238 64 2.80952
7790000 20 4.85000 10 46 113 1.00000 64 3.00000
7795000 21 4.57143 11 46 111 0.95238 67 2.80952
7800000 21 4.66667 10 45 116 0.95238 71 2.95238
7805000 23 4.82609 11 31 120 0.95652 71 2.78261
7810000 23 4.86957 13 36 119 1.00000 67 2.69565
7815000 20 5.30000 15 45 121 1.00000 67 3.05000
7820000 19 5.26316 15 50 123 1.00000 70 3.31579
7825000 23 4.91304 16 42 119 0.91304 69 2.91304
7830000 20 5.10000 17 47 115 0.95000 68 3.10000
7835000 20 5.30000 14 46 118 0.90000 66 3.00000
7840000 19 5.52632 13 46 119 0.89474 64 3.05263
7845000 17 6.00000 12 43 115 0.94118 66 3.35294
7850000 18 5.38889 10 49 123 1.00000 67 3.11111
7855000 17 5.94118 13 48 118 1.00000 67 3.35294
7860000 18 5.55556 13 45 120 0.94444 69 3.16667
7865000 20 5.40000 17 46 120 0.90000 67 2.95000
7870000 22 5.40909 15 39 131 1.00000 67 2.81818
7875000 21 5.71429 15 39 131 0.95238 70 2.95238
7880000 23 5.39130 14 42 134 0.91304 68 2.78261
7885000 22 5.50000 15 41 135 0.90909 67 2.90909
7890000 22 5.63636 15 40 139 0.95455 68 2.95455
7895000 24 5.29167 16 37 137 1.00000 67 2.66667
7900000 24 5.16667 19 41 136 0.95833 67 2.75000
7905000 22 5.59091 18 47 138 1.00000 66 2.95455
7910000 24 5.16667 16 52 136 0.95833 67 2.66667
7915000 24 5.45833 14 45 144 0.95833 68 2.70833
7920000 22 6.00000 13 41 143 0.95455 70 2.90909
7925000 23 5.65217 13 39 143 1.00000 70 2.82609
7930000 22 5.54545 11 40 135 1.00000 73 2.95455
7935000 25 5.16000 12 29 133 0.92000 71 2.60000
7940000 25 5.00000 12 36 136 0.92000 68 2.60000
7945000 22 5.18182 10 38 129 0.95455 72 2.90909
7950000 20 5.30000 11 50 127 1.00000 71 3.10000
7955000 24 4.95833 11 43 133 0.91667 72 2.62500
7960000 23 5.47826 12 34 140 1.00000 69 2.78261
7965000 22 5.13636 10 45 128 0.95455 66 2.81818
7970000 23 4.78261 10 46 122 0.95652 69 2.78261
7975000 20 5.20000 11 48 122 1.00000 69 3.10000
7980000 23 4.69565 10 41 120 1.00000 70 2.91304
7985000 24 4.33333 9 51 124 0.95833 74 2.95833
7990000 23 4.56522 11 47 120 1.00000 75 3.04348
7995000 20 4.95000 13 55 124 1.00000 73 3.30000
8000000 21 5.19048 13 51 124 0.95238 74 3.19048
8005000 25 4.60000 10 46 123 0.88000 74 2.84000
8010000 26 4.57692 11 41 130 0.88462 74 2.73077
8015000 26 4.30769 10 42 126 1.00000 72 2.69231
8020000 25 4.36000 11 48 123 1.00000 71 2.76000
8025000 23 4.60870 9 50 116 1.00000 71 3.04348
8030000 22 4.54545 9 55 123 1.00000 70 3.00000
8035000 22 4.72727 11 52 127 1.00000 67 2.90909
8040000 21 4.95238 11 51 127 0.95238 69 2.90476
8045000 20 5.30000 11 53 130 1.00000 67 3.00000
8050000 23 4.69565 10 52 127 0.95652 67 2.69565
8055000 20 5.20000 9 55 121 1.00000 65 3.10000
8060000 23 4.78261 11 51 126 1.00000 66 2.65217
8065000 25 4.48000 12 46 127 1.00000 65 2.52000
8070000 27 4.62963 11 41 128 0.92593 69 2.44444
8075000 24 4.91667 9 48 135 1.00000 68 2.75000
8080000 27 4.59259 12 41 137 1.00000 68 2.44444
8085000 24 5.00000 11 43 131 0.95833 66 2.58333
8090000 26 5.26923 12 39 147 0.96154 66 2.50000
8095000 25 5.56000 15 37 148 0.96000 69 2.68000
8100000 23 5.69565 14 47 149 1.00000 68 2.82609
8105000 23 5.56522 13 34 138 0.95652 68 2.73913
8110000 23 5.52174 13 43 143 0.95652 68 2.78261
8115000 26 5.03846 12 40 140 0.88462 69 2.50000
8120000 24 5.20833 10 39 133 0.95833 71 2.87500
8125000 23 5.04348 9 44 133 0.95652 70 2.86957
8130000 22 5.36364 13 41 135 1.00000 71 3.04545
8135000 21 5.42857 12 46 130 1.00000 70 3.14286
8140000 22 5.54545 19 43 136 0.95455 72 3.04545
8145000 24 5.50000 16 41 144 0.91667 73 2.79167
8150000 21 5.61905 16 41 139 1.00000 74 3.09524
8155000 21 5.52381 14 32 125 1.00000 72 3.23810
8160000 22 5.13636 15 30 121 0.95455 72 3.09091
8165000 22 5.18182 14 37 125 0.95455 72 3.18182
8170000 22 4.68182 12 39 113 1.00000 69 3.04545
8175000 23 4.86957 18 41 125 0.91304 71 2.91304
8180000 20 4.90000 10 50 120 1.00000 68 3.20000
8185000 22 4.54545 10 52 120 0.95455 72 3.00000
8190000 26 4.50000 10 43 121 0.92308 70 2.61538
8195000 25 4.20000 10 44 114 0.88000 71 2.64000
8200000 20 4.80000 9 39 109 0.90000 68 3.05000
8205000 19 5.15789 10 41 113 1.00000 66 3.26316
8210000 20 4.90000 9 42 115 0.95000 69 2.90000
8215000 20 4.95000 8 47 116 0.90000 67 2.75000
8220000 22 4.22727 8 45 104 0.95455 68 2.63636
8225000 21 4.61905 9 56 118 1.00000 68 2.85714
8230000 23 4.86957 9 47 126 1.00000 69 2.73913
8235000 23 4.69565 9 44 117 1.00000 71 2.95652
8240000 23 4.39130 8 42 111 0.95652 69 2.86957
8245000 23 4.26087 8 40 114 1.00000 70 2.91304
8250000 25 3.96000 8 48 116 1.00000 69 2.60000
8255000 24 3.95833 9 55 111 1.00000 67 2.58333
8260000 25 4.28000 10 45 118 0.96000 68 2.44000
8265000 23 4.56522 11 45 115 0.91304 67 2.56522
8270000 19 5.05263 10 59 119 1.00000 66 3.00000
8275000 21 4.71429 9 53 121 1.00000 68 2.90476
8280000 22 4.90909 11 53 135 1.00000 68 2.86364
8285000 23 4.43478 10 44 120 0.95652 69 2.69565
8290000 25 4.52000 11 32 120 0.88000 68 2.48000
8295000 23 4.39130 10 40 117 1.00000 68 2.56522
8300000 20 4.95000 16 40 113 1.00000 61 2.90000
8305000 23 4.91304 19 33 128 1.00000 64 2.65217
8310000 27 4.40741 16 34 125 0.96296 66 2.33333
8315000 22 4.59091 16 44 118 1.00000 65 2.68182
8320000 24 4.41667 15 43 125 1.00000 67 2.54167
8325000 21 5.09524 14 48 130 0.95238 70 2.95238
8330000 22 4.95455 14 48 122 0.95455 69 2.81818
8335000 23 4.95652 16 46 126 0.91304 69 2.78261
8340000 23 4.82609 13 47 131 1.00000 71 2.86957
8345000 23 5.00000 14 40 129 1.00000 70 2.69565
8350000 23 5.17391 14 36 128 0.95652 67 2.69565
8355000 22 5.31818 12 40 131 0.95455 65 2.77273
8360000 23 5.43478 11 36 137 1.00000 65 2.69565
8365000 24 5.00000 11 39 132 0.95833 65 2.58333
8370000 25 4.96000 12 32 132 0.96000 66 2.52000
8375000 21 5.38095 11 51 135 1.00000 65 2.61905
8380000 22 5.13636 10 49 123 0.95455 63 2.68182
8385000 25 5.08000 14 35 138 0.92000 64 2.36000
8390000 23 5.26087 15 43 129 0.91304 64 2.52174
8395000 23 4.95652 13 42 128 0.91304 63 2.52174
8400000 25 4.88000 12 35 132 1.00000 63 2.36000
8405000 25 4.64000 11 38 124 0.92000 64 2.36000
8410000 24 4.54167 12 40 121 0.95833 67 2.54167
8415000 22 4.59091 10 48 122 1.00000 66 2.68182
8420000 24 4.45833 11 43 122 0.95833 68 2.58333
8425000 24 4.54167 12 41 118 0.95833 65 2.45833
8430000 24 4.54167 14 38 119 0.95833 67 2.62500
8435000 27 4.00000 12 41 116 0.96296 67 2.37037
8440000 24 4.16667 9 42 112 0.91667 68 2.58333
8445000 22 4.45455 11 48 119 1.00000 69 2.86364
8450000 23 4.39130 12 44 116 1.00000 72 2.82609
8455000 23 4.21739 12 45 111 0.91304 63 2.60870
8460000 21 4.57143 11 47 109 0.90476 67 2.66667
8465000 22 4.45455 9 47 113 0.95455 63 2.50000
8470000 23 4.30435 11 40 106 0.86957 65 2.47826
8475000 21 4.09524 9 59 111 1.00000 64 2.66667
8480000 25 3.92000 11 45 111 0.88000 63 2.28000
8485000 25 4.24000 11 38 112 0.96000 60 2.32000
8490000 21 4.76190 10 41 121 1.00000 58 2.42857
8495000 22 4.68182 11 44 114 0.95455 59 2.50000
8500000 21 4.90476 11 52 124 1.00000 58 2.61905
8505000 22 5.04545 11 45 122 1.00000 57 2.54545
8510000 26 4.46154 10 34 122 0.92308 58 2.19231
8515000 24 4.66667 10 45 126 0.95833 62 2.16667
8520000 25 4.52000 9 40 114 0.88000 59 2.12000
8525000 23 4.65217 8 52 122 0.95652 56 2.30435
8530000 24 4.91667 8 45 133 0.87500 61 2.33333
8535000 24 5.20833 13 46 136 0.91667 63 2.41667
8540000 22 5.54545 9 49 139 0.95455 62 2.54545
8545000 23 5.08696 9 40 129 0.95652 60 2.52174
8550000 22 5.00000 8 34 120 1.00000 59 2.45455
8555000 22 5.18182 13 36 123 0.95455 63 2.72727
8560000 22 5.09091 10 35 118 0.90909 58 2.45455
8565000 25 4.64000 10 32 117 0.88000 60 2.28000
8570000 23 4.82609 11 43 124 1.00000 64 2.52174
8575000 24 4.58333 14 39 120 0.91667 60 2.33333
8580000 22 4.59091 13 45 118 0.95455 66 2.50000
8585000 27 4.25926 13 35 127 0.92593 64 2.14815
8590000 22 4.59091 13 51 117 1.00000 61 2.68182
8595000 22 4.81818 10 49 125 1.00000 61 2.63636
8600000 24 4.41667 10 46 115 0.91667 64 2.50000
8605000 23 5.04348 12 42 127 1.00000 65 2.60870
8610000 24 5.04167 13 46 135 0.91667 65 2.58333
8615000 21 5.42857 12 47 128 0.95238 66 2.90476
8620000 22 5.22727 13 31 124 0.95455 66 2.90909
8625000 24 4.66667 13 27 118 0.95833 65 2.62500
8630000 24 4.62500 13 33 115 0.95833 65 2.66667
8635000 23 4.60870 12 39 120 1.00000 69 2.82609
8640000 24 4.45833 11 42 126 1.00000 69 2.58333
8645000 23 4.34783 8 49 117 1.00000 68 2.78261
8650000 22 4.72727 9 52 118 0.95455 69 2.86364
8655000 24 4.54167 9 50 123 0.95833 66 2.62500
8660000 26 4.30769 9 44 121 0.92308 68 2.50000
8665000 24 4.66667 11 41 116 0.91667 66 2.66667
8670000 20 5.30000 10 46 123 0.95000 67 2.95000
8675000 22 5.04545 19 39 117 0.95455 64 2.90909
8680000 20 4.85000 16 44 110 1.00000 65 3.20000
8685000 22 4.40909 17 39 101 0.95455 64 2.81818
8690000 22 4.68182 17 40 114 1.00000 66 2.90909
8695000 22 4.54545 16 41 116 1.00000 66 2.86364
8700000 22 4.45455 13 47 110 0.95455 66 2.81818
8705000 22 4.40909 11 39 115 1.00000 66 2.63636
8710000 23 4.43478 14 39 111 0.91304 67 2.65217
8715000 19 4.73684 10 51 113 1.00000 64 2.94737
8720000 19 4.84211 13 59 117 0.94737 66 3.10526
8725000 19 5.10526 13 52 110 1.00000 67 3.21053
8730000 22 4.54545 12 51 120 0.90909 71 2.86364
8735000 21 4.66667 9 53 114 0.95238 67 3.00000
8740000 22 4.45455 11 49 110 0.95455 65 2.81818
8745000 25 4.32000 11 51 121 0.92000 69 2.64000
8750000 23 4.60870 13 55 113 0.91304 69 2.86957
8755000 27 4.03704 10 55 121 0.92593 70 2.48148
8760000 26 4.19231 12 57 127 0.88462 74 2.65385
8765000 27 4.48148 12 48 130 0.92593 71 2.51852
8770000 24 4.75000 13 50 132 0.95833 72 2.79167
8775000 24 4.83333 12 57 133 0.95833 73 2.70833
8780000 22 5.18182 13 56 130 1.00000 72 2.86364
8785000 21 5.14286 13 49 123 0.95238 66 2.90476
8790000 22 5.22727 14 45 131 0.95455 67 2.77273
8795000 24 4.75000 13 36 130 1.00000 67 2.79167
8800000 24 4.62500 13 42 120 1.00000 68 2.79167
8805000 21 5.14286 16 42 125 0.95238 73 3.14286
8810000 19 5.52632 18 40 119 0.94737 66 3.21053
8815000 20 5.20000 18 45 119 0.95000 65 3.00000
8820000 18 5.66667 15 44 123 1.00000 62 3.22222
8825000 23 4.73913 13 42 122 0.91304 65 2.69565
8830000 22 4.81818 13 45 123 0.95455 66 2.81818
8835000 22 5.13636 13 41 122 0.95455 66 2.81818
8840000 24 4.70833 12 43 125 0.95833 68 2.58333
8845000 21 5.14286 15 48 126 1.00000 69 2.95238
8850000 26 4.65385 14 43 129 0.88462 72 2.57692
8855000 23 4.52174 13 50 119 0.95652 69 2.69565
8860000 25 4.04000 13 42 109 0.92000 64 2.48000
8865000 23 4.13043 12 45 109 0.95652 64 2.47826
8870000 21 4.47619 12 51 113 1.00000 61 2.61905
8875000 21 4.42857 10 51 110 1.00000 64 2.66667
8880000 23 4.04348 10 51 110 1.00000 66 2.60870
8885000 25 4.00000 14 44 112 0.92000 65 2.44000
8890000 24 4.20833 16 42 115 1.00000 63 2.50000
8895000 22 4.40909 16 42 110 1.00000 64 2.81818
8900000 27 4.00000 15 45 119 0.85185 65 2.33333
8905000 24 4.20833 14 51 109 0.95833 66 2.66667
8910000 21 4.85714 16 52 122 1.00000 67 3.09524
8915000 22 4.72727 12 48 119 0.95455 69 3.04545
8920000 22 4.90909 13 50 125 1.00000 67 2.95455
8925000 23 5.08696 14 46 132 1.00000 68 2.82609
8930000 22 5.13636 12 41 124 0.90909 71 3.00000
8935000 22 5.22727 11 43 129 1.00000 69 2.90909
8940000 23 5.21739 11 34 132 1.00000 72 3.00000
8945000 22 5.45455 16 37 132 0.95455 71 3.04545
8950000 20 5.95000 18 37 139 1.00000 72 3.40000
8955000 19 5.89474 20 39 125 0.94737 72 3.57895
8960000 22 5.31818 18 40 130 0.95455 73 2.95455
8965000 21 5.90476 17 35 137 0.95238 75 3.28571
8970000 23 5.47826 16 30 137 0.91304 70 3.00000
8975000 18 6.38889 14 39 130 0.94444 71 3.66667
8980000 20 5.70000 15 40 123 1.00000 68 3.30000
8985000 19 6.15789 14 45 128 0.94737 69 3.36842
8990000 19 6.36842 16 40 133 1.00000 71 3.47368
8995000 20 6.40000 17 42 141 0.95000 72 3.35000
9000000 18 6.55556 19 39 129 0.88889 70 3.61111
9005000 18 6.11111 20 47 126 0.88889 70 3.61111
9010000 19 5.84211 17 45 120 0.89474 64 3.26316
9015000 17 6.29412 17 45 125 0.88235 68 3.64706
9020000 19 5.68421 17 44 124 0.89474 69 3.42105
9025000 16 6.62500 16 47 128 0.93750 66 3.93750
9030000 19 6.00000 16 46 128 1.00000 67 3.42105
9035000 20 5.60000 17 47 127 1.00000 70 3.25000
9040000 20 5.50000 17 47 121 0.95000 68 3.20000
9045000 19 5.21053 14 51 108 0.94737 69 3.42105
9050000 17 5.05882 12 64 109 1.00000 69 3.58824
9055000 20 4.70000 11 50 107 0.90000 68 3.20000
9060000 19 4.89474 11 47 111 0.94737 68 3.31579
9065000 20 4.70000 13 50 108 0.90000 69 3.20000
9070000 20 4.80000 11 50 111 0.95000 70 3.20000
9075000 21 4.52381 12 46 107 0.95238 67 2.95238
9080000 21 4.61905 12 46 105 0.85714 67 2.90476
9085000 23 4.47826 12 49 109 0.86957 69 2.82609
9090000 27 3.88889 11 42 104 0.85185 69 2.40741
9095000 19 5.10526 11 50 120 0.94737 72 3.42105
9100000 22 4.90909 12 39 121 0.90909 69 2.77273
9105000 23 4.91304 13 37 123 0.86957 70 2.78261
9110000 21 5.19048 14 41 110 0.80952 64 2.95238
9115000 18 6.22222 15 43 127 0.94444 67 3.50000
9120000 17 6.41176 15 38 125 1.00000 68 3.64706
9125000 16 6.12500 14 55 121 1.00000 67 3.81250
9130000 22 5.00000 13 40 124 0.90909 67 2.81818
9135000 20 5.00000 12 45 116 0.95000 69 3.30000
9140000 20 5.15000 11 48 125 0.95000 71 3.25000
9145000 20 5.00000 10 45 117 1.00000 69 3.00000
9150000 21 5.00000 12 46 113 0.90476 68 2.95238
9155000 21 5.00000 11 46 122 0.95238 70 3.04762
9160000 20 4.95000 11 39 113 1.00000 70 3.15000
9165000 22 4.72727 11 41 113 0.95455 71 3.00000
9170000 26 4.50000 13 27 117 0.92308 64 2.46154
9175000 24 4.41667 14 33 118 1.00000 66 2.70833
9180000 22 4.86364 14 39 125 1.00000 67 2.77273
9185000 24 4.75000 15 35 126 1.00000 68 2.58333
9190000 23 4.60870 12 37 116 0.95652 67 2.73913
9195000 23 4.43478 14 42 113 0.95652 65 2.69565
9200000 23 4.34783 11 42 110 0.95652 64 2.65217
9205000 26 4.03846 11 43 118 0.84615 69 2.38462
9210000 21 4.61905 11 46 115 0.95238 69 2.95238
9215000 24 4.29167 15 43 114 0.95833 65 2.62500
9220000 23 4.47826 15 42 115 0.91304 65 2.73913
9225000 24 4.54167 14 39 120 0.95833 65 2.58333
9230000 18 5.05556 13 54 113 0.94444 61 3.00000
9235000 19 5.15789 15 54 121 1.00000 63 2.89474
9240000 21 4.57143 16 59 118 0.95238 65 2.61905
9245000 18 5.27778 17 52 121 1.00000 64 3.11111
9250000 16 5.75000 15 53 114 0.93750 64 3.31250
9255000 19 5.10526 16 46 107 0.89474 66 3.05263
9260000 21 4.52381 15 41 108 0.85714 66 2.80952
9265000 21 4.42857 16 48 111 1.00000 63 2.80952
9270000 21 4.42857 16 51 103 0.85714 62 2.71429
9275000 20 4.65000 14 52 110 0.95000 58 2.65000
9280000 19 5.05263 12 53 118 0.94737 64 2.78947
9285000 22 4.59091 12 50 118 0.95455 67 2.81818
9290000 22 4.50000 10 48 119 1.00000 65 2.54545
9295000 19 5.00000 10 55 116 1.00000 71 3.10526
9300000 23 4.60870 11 48 116 0.86957 68 2.69565
9305000 20 5.15000 11 57 119 1.00000 71 3.25000
9310000 21 4.57143 11 52 112 0.90476 71 3.04762
9315000 21 4.66667 14 45 119 1.00000 71 3.04762
9320000 21 4.42857 10 50 109 1.00000 68 3.09524
9325000 21 4.23810 11 55 110 0.90476 69 3.00000
9330000 20 4.55000 12 61 109 0.95000 66 3.15000
9335000 19 4.57895 10 59 107 1.00000 70 3.31579
9340000 21 4.57143 10 53 118 1.00000 72 3.14286
9345000 24 4.33333 11 40 115 0.95833 70 2.66667
9350000 23 4.34783 11 33 105 0.86957 66 2.73913
9355000 22 4.31818 10 28 103 0.95455 66 2.90909
9360000 19 4.57895 9 46 103 0.94737 72 3.31579
9365000 20 4.15000 8 45 102 0.95000 70 3.20000
9370000 24 4.08333 10 35 106 0.91667 68 2.75000
9375000 22 4.50000 12 38 109 0.95455 66 2.86364
9380000 22 4.54545 11 45 118 1.00000 69 2.95455
9385000 21 4.61905 10 44 110 0.90476 70 2.95238
9390000 20 4.65000 12 45 110 1.00000 67 3.00000
9395000 20 4.95000 11 47 119 0.95000 66 2.90000
9400000 24 4.08333 10 41 104 0.91667 65 2.45833
9405000 23 4.04348 10 41 106 1.00000 67 2.60870
9410000 21 4.52381 11 42 109 0.95238 68 2.85714
9415000 22 4.50000 11 43 116 0.95455 68 2.90909
9420000 23 4.60870 12 36 115 0.86957 70 2.78261
9425000 21 4.95238 11 33 115 1.00000 65 2.95238
9430000 20 5.15000 12 36 119 1.00000 69 3.20000
9435000 18 5.38889 11 45 114 1.00000 70 3.50000
9440000 20 5.10000 10 42 118 0.95000 68 3.15000
9445000 22 4.81818 9 39 116 1.00000 72 3.18182
9450000 27 4.22222 9 36 120 0.92593 71 2.55556
9455000 25 4.48000 10 38 125 1.00000 69 2.52000
9460000 22 4.54545 11 39 113 0.95455 66 2.77273
9465000 24 4.41667 11 39 117 0.95833 64 2.54167
9470000 20 4.70000 10 53 114 1.00000 61 2.60000
9475000 21 4.71429 16 48 116 0.95238 64 2.71429
9480000 22 4.68182 15 46 121 0.95455 67 2.68182
9485000 18 5.00000 13 55 119 1.00000 66 2.88889
9490000 22 4.54545 11 44 117 0.95455 64 2.63636
9495000 24 4.33333 13 46 116 0.95833 66 2.45833
9500000 22 4.54545 13 51 119 0.95455 67 2.68182
9505000 21 4.47619 10 53 118 1.00000 64 2.66667
9510000 22 4.36364 10 50 109 0.95455 66 2.63636
9515000 21 4.14286 10 50 107 1.00000 63 2.66667
9520000 20 4.65000 11 45 107 0.95000 64 2.80000
9525000 18 5.22222 10 43 110 1.00000 60 2.94444
9530000 22 4.72727 11 43 114 0.90909 66 2.59091
9535000 23 4.65217 12 37 117 0.91304 64 2.60870
9540000 23 4.56522 11 41 118 1.00000 65 2.78261
9545000 21 4.76190 9 47 120 1.00000 68 2.95238
9550000 24 4.37500 10 42 112 0.87500 67 2.58333
9555000 23 4.69565 12 39 120 0.95652 67 2.69565
9560000 24 4.50000 12 46 125 0.91667 69 2.62500
9565000 27 4.03704 13 46 122 0.96296 67 2.37037
9570000 26 4.19231 12 47 117 0.92308 72 2.53846
9575000 24 4.50000 13 45 124 0.95833 71 2.58333
9580000 20 4.75000 13 56 118 1.00000 70 3.20000
9585000 22 4.50000 11 48 114 1.00000 69 3.04545
9590000 24 4.50000 12 42 111 0.87500 70 2.83333
9595000 21 5.19048 12 43 120 0.95238 71 3.14286
9600000 23 4.73913 10 41 120 0.86957 71 2.91304
9605000 25 4.44000 11 38 118 0.92000 71 2.68000
9610000 18 5.33333 11 51 112 0.88889 70 3.44444
9615000 21 4.90476 12 42 123 0.95238 71 3.04762
9620000 22 4.63636 11 43 121 1.00000 73 3.00000
9625000 22 4.68182 10 39 116 0.95455 70 2.90909
9630000 20 5.10000 10 53 126 0.95000 71 3.15000
9635000 17 5.58824 17 57 115 1.00000 69 3.47059
9640000 23 4.95652 24 41 127 0.91304 67 2.56522
9645000 20 5.65000 24 46 125 0.95000 67 3.15000
9650000 19 6.05263 23 45 132 1.00000 66 3.10526
9655000 19 6.00000 22 46 128 1.00000 68 3.26316
9660000 18 6.38889 21 45 134 1.00000 68 3.44444
9665000 21 5.47619 20 42 137 1.00000 70 3.09524
9670000 21 5.38095 21 48 134 1.00000 72 3.19048
9675000 21 5.66667 26 40 135 0.95238 71 3.19048
9680000 23 5.52174 28 40 135 0.86957 72 2.95652
9685000 22 5.54545 22 40 132 0.90909 70 3.09091
9690000 18 6.27778 19 51 133 0.88889 68 3.55556
9695000 21 5.38095 17 49 121 0.76190 66 3.00000
9700000 17 6.05882 18 55 120 0.94118 67 3.70588
9705000 20 5.60000 18 45 121 0.85000 66 3.20000
9710000 23 5.08696 17 37 126 0.95652 66 2.82609
9715000 18 6.11111 19 43 125 1.00000 66 3.55556
9720000 20 5.95000 19 39 129 1.00000 68 3.25000
9725000 20 5.65000 20 39 124 0.95000 69 3.30000
9730000 20 5.75000 21 38 127 0.95000 67 3.25000
9735000 18 6.11111 20 51 131 1.00000 71 3.55556
9740000 19 6.00000 20 39 127 1.00000 69 3.47368
9745000 21 5.38095 23 41 127 0.95238 68 3.09524
9750000 21 5.47619 23 36 126 0.90476 71 3.14286
9755000 21 5.14286 20 42 117 0.95238 70 3.19048
9760000 20 5.05000 17 49 122 0.95000 69 3.15000
9765000 20 5.20000 15 50 116 0.90000 66 3.10000
9770000 18 5.38889 15 56 116 1.00000 65 3.38889
9775000 18 4.83333 14 58 103 0.88889 68 3.33333
9780000 18 5.22222 13 49 112 1.00000 64 3.38889
9785000 21 4.71429 12 47 116 0.95238 63 2.90476
9790000 19 5.00000 14 48 111 0.89474 63 3.10526
9795000 19 5.31579 16 46 113 0.89474 65 3.21053
9800000 16 5.75000 15 55 117 0.93750 64 3.31250
9805000 19 5.21053 15 50 111 0.89474 66 3.10526
9810000 19 5.10526 15 54 115 0.94737 65 3.05263
9815000 23 4.43478 12 37 112 0.86957 63 2.47826
9820000 20 4.80000 11 43 114 1.00000 64 2.85000
9825000 23 4.52174 11 45 119 0.95652 64 2.60870
9830000 21 4.71429 11 47 117 0.95238 64 2.85714
9835000 22 4.63636 10 42 115 1.00000 62 2.81818
9840000 23 4.73913 9 43 117 0.86957 66 2.69565
9845000 19 5.21053 14 50 111 0.89474 67 3.21053
9850000 17 5.52941 14 56 116 0.94118 65 3.47059
9855000 14 5.92857 14 60 113 1.00000 68 3.85714
9860000 18 4.88889 17 51 105 0.94444 65 3.05556
9865000 18 5.27778 17 53 113 0.94444 63 3.16667
9870000 20 4.95000 18 49 120 0.95000 66 2.95000
9875000 23 4.69565 18 49 129 1.00000 71 2.73913
9880000 27 4.48148 17 43 130 0.92593 67 2.37037
9885000 22 5.00000 20 41 123 0.90909 66 2.72727
9890000 22 4.95455 19 39 122 1.00000 68 2.90909
9895000 23 5.08696 18 38 130 0.95652 66 2.73913
9900000 24 4.83333 17 39 126 0.91667 66 2.62500
9905000 25 4.68000 16 36 121 0.84000 68 2.48000
9910000 22 5.04545 16 38 120 0.95455 65 2.77273
9915000 23 4.47826 14 46 119 1.00000 71 2.73913
9920000 23 4.34783 14 38 114 0.95652 70 2.73913
9925000 24 4.33333 13 38 121 0.91667 67 2.50000
9930000 22 4.54545 12 42 114 0.95455 67 2.81818
9935000 24 4.29167 13 43 116 0.91667 70 2.58333
9940000 23 4.52174 13 39 119 0.95652 68 2.78261
9945000 22 4.68182 13 39 114 0.95455 69 2.95455
9950000 25 4.32000 13 36 124 0.96000 70 2.64000
9955000 28 4.10714 12 30 120 0.92857 69 2.42857
9960000 22 4.68182 12 40 121 1.00000 70 2.90909
9965000 21 5.00000 12 41 119 1.00000 68 3.09524
9970000 25 4.60000 14 38 124 0.88000 70 2.68000
9975000 23 4.86957 13 50 119 0.95652 70 2.95652
9980000 20 5.35000 16 49 128 0.95000 73 3.40000
9985000 21 5.09524 16 50 121 0.85714 74 3.28571
9990000 20 5.35000 18 48 120 0.95000 72 3.30000
9995000 21 5.19048 16 43 122 0.95238 73 3.19048
10000000 21 5.14286 18 41 120 0.90476 73 3.33333
