# Timesteps, List of cluster sizes
3000000: [4, 4, 5, 2, 10, 18, 25, 7, 6, 2, 2, 17, 7, 4, 3, 9, 7, 2, 2, 3, 2, 3, 2]
3005000: [4, 4, 14, 2, 4, 28, 9, 2, 16, 7, 5, 16, 11, 8, 3, 2, 5, 2, 2]
3010000: [6, 13, 3, 30, 4, 10, 3, 8, 3, 16, 11, 8, 2, 14, 2, 2, 6, 2, 2, 2, 2]
3015000: [12, 5, 15, 17, 30, 6, 4, 3, 10, 3, 16, 11, 9, 2, 2, 5, 2]
3020000: [11, 2, 2, 31, 17, 5, 17, 4, 3, 14, 5, 17, 14, 9, 2, 5, 2]
3025000: [12, 2, 12, 18, 4, 15, 28, 10, 3, 2, 5, 2, 3, 13, 4, 19, 2, 4, 2]
3030000: [12, 27, 4, 2, 2, 12, 16, 5, 15, 10, 6, 2, 11, 6, 16, 2, 2, 5, 2]
3035000: [12, 25, 3, 12, 16, 6, 16, 11, 5, 11, 7, 15, 2, 2, 2, 6]
3040000: [13, 23, 18, 14, 4, 11, 3, 10, 5, 11, 13, 2, 2, 5, 4, 2, 2]
3045000: [11, 23, 16, 16, 12, 3, 2, 5, 9, 7, 8, 17, 2, 2, 2, 5, 3, 2]
3050000: [9, 17, 14, 2, 11, 6, 10, 7, 20, 10, 15, 2, 2, 4, 2, 4, 2]
3055000: [2, 16, 15, 3, 2, 9, 6, 8, 9, 9, 2, 21, 8, 2, 2, 17, 2, 2, 2, 4, 2, 2]
3060000: [9, 14, 2, 12, 4, 10, 6, 7, 18, 3, 19, 2, 2, 7, 2, 2, 2, 2, 3, 6, 3, 3]
3065000: [7, 9, 15, 13, 3, 9, 6, 7, 4, 18, 3, 16, 2, 3, 5, 5, 3]
3070000: [4, 2, 8, 9, 13, 18, 2, 2, 2, 9, 7, 17, 15, 4, 4, 2, 6, 3, 5, 2, 2]
3075000: [2, 8, 9, 11, 19, 3, 8, 8, 18, 15, 3, 2, 5, 4, 3, 2, 2, 3, 2]
3080000: [9, 2, 10, 14, 18, 4, 9, 9, 22, 16, 2, 4, 2, 6, 4, 3, 3]
3085000: [3, 9, 2, 7, 15, 18, 23, 5, 8, 2, 10, 3, 16, 2, 2, 6, 3, 4]
3090000: [2, 24, 9, 11, 4, 15, 4, 9, 2, 10, 16, 16, 5, 3, 4, 2]
3095000: [23, 10, 9, 4, 13, 13, 4, 11, 4, 19, 17, 2, 2, 2, 2, 4, 2, 2, 2, 2]
3100000: [22, 11, 7, 4, 13, 8, 13, 4, 19, 12, 17, 2, 2, 2, 2, 2, 4, 2]
3105000: [22, 11, 5, 13, 4, 18, 11, 3, 6, 10, 17, 2, 3, 2, 5, 2, 2, 2, 2]
3110000: [20, 2, 10, 5, 13, 15, 10, 6, 9, 15, 2, 2, 3, 2, 2, 5, 2, 2, 2, 2, 2]
3115000: [9, 20, 18, 9, 12, 3, 15, 9, 2, 5, 3, 3, 4, 2, 3, 2, 2, 2]
3120000: [10, 21, 8, 2, 14, 7, 8, 5, 17, 6, 2, 16, 3, 3, 4, 3]
3125000: [9, 16, 10, 13, 7, 4, 16, 6, 7, 15, 2, 3, 3, 2, 4, 3, 2]
3130000: [14, 8, 18, 14, 7, 5, 15, 3, 2, 3, 9, 16, 3, 2, 3, 2, 2, 2, 2, 4, 2, 2]
3135000: [15, 9, 21, 11, 7, 5, 16, 2, 8, 17, 2, 2, 2, 3, 2, 2, 2]
3140000: [15, 9, 23, 3, 20, 9, 6, 17, 2, 2, 8, 5, 2, 5, 2, 2, 2]
3145000: [14, 8, 2, 20, 11, 17, 6, 16, 3, 2, 10, 2, 2, 2, 6, 2, 4, 2, 2]
3150000: [13, 10, 21, 10, 2, 18, 6, 15, 3, 9, 8, 2, 4, 3, 2]
3155000: [16, 10, 20, 9, 18, 4, 6, 2, 13, 2, 3, 2, 2, 8, 4, 7, 4, 2, 2]
3160000: [17, 10, 21, 8, 18, 3, 5, 2, 2, 13, 5, 7, 3, 4, 2, 7, 3]
3165000: [17, 10, 32, 17, 4, 4, 15, 6, 5, 7, 2, 2, 2, 3, 2, 6, 3]
3170000: [17, 9, 18, 34, 4, 2, 2, 15, 6, 4, 7, 2, 7, 2, 2, 2, 5, 2, 3]
3175000: [18, 10, 18, 31, 2, 3, 6, 17, 5, 6, 6, 3, 4, 2, 3, 3, 2, 2]
3180000: [19, 20, 37, 8, 5, 16, 2, 5, 6, 6, 6, 2, 2, 2, 3, 2, 2, 2, 2, 2, 3]
3185000: [21, 20, 30, 10, 17, 5, 8, 5, 4, 2, 3, 3, 4, 4, 2, 2]
3190000: [21, 9, 2, 21, 29, 10, 17, 6, 4, 2, 5, 2, 2, 2, 2, 2, 2, 2, 3, 3, 2, 4]
3195000: [18, 9, 21, 2, 25, 12, 19, 2, 6, 6, 7, 2, 4, 2, 4, 2, 2, 3, 2, 2]
3200000: [17, 10, 10, 21, 24, 21, 4, 5, 4, 2, 6, 2, 2, 2, 4, 3, 4]
3205000: [15, 11, 9, 5, 3, 24, 23, 7, 23, 4, 2, 6, 2, 2, 2, 2, 5, 2, 2, 2, 2]
3210000: [16, 13, 9, 3, 26, 4, 21, 24, 3, 6, 5, 5, 2, 2, 2, 2, 2, 2]
3215000: [14, 10, 4, 25, 5, 20, 24, 14, 6, 4, 5, 2, 2, 2, 2]
3220000: [28, 12, 2, 9, 24, 5, 20, 18, 4, 8, 3, 2, 2, 4, 2, 2, 2]
3225000: [30, 10, 2, 9, 23, 6, 22, 17, 4, 8, 2, 3, 4, 2, 4, 2]
3230000: [30, 11, 2, 2, 9, 22, 6, 20, 17, 5, 7, 3, 2, 2, 2, 2, 4, 2, 5, 2]
3235000: [30, 12, 8, 4, 21, 6, 2, 23, 2, 16, 2, 8, 5, 2, 2, 2, 2, 2, 2, 2, 3, 3]
3240000: [27, 14, 8, 21, 6, 4, 21, 2, 18, 2, 7, 5, 3, 2, 3, 4, 2, 2, 2]
3245000: [25, 18, 3, 8, 2, 7, 22, 15, 2, 22, 8, 4, 3, 2, 3, 2, 2, 5, 3, 2, 2, 2]
3250000: [28, 18, 21, 10, 2, 7, 22, 17, 8, 4, 2, 4, 2, 6, 2]
3255000: [29, 16, 23, 10, 2, 3, 2, 7, 19, 18, 8, 5, 5, 5, 2]
3260000: [25, 19, 24, 10, 3, 19, 6, 2, 2, 2, 2, 2, 5, 2, 20, 2, 5, 6, 7, 2]
3265000: [19, 27, 10, 2, 25, 17, 6, 5, 19, 3, 2, 6, 2, 2, 4, 4, 6, 2, 2]
3270000: [18, 29, 9, 3, 24, 16, 4, 2, 3, 5, 19, 6, 2, 5, 2, 2, 2, 2, 6, 2, 2, 2]
3275000: [18, 28, 9, 26, 2, 4, 15, 3, 5, 2, 9, 19, 2, 2, 5, 2, 2, 3, 2]
3280000: [17, 11, 27, 26, 4, 5, 6, 4, 8, 2, 20, 11, 4, 2, 2, 2, 3]
3285000: [19, 9, 27, 21, 20, 5, 5, 2, 2, 5, 4, 7, 11, 4, 2, 3, 2]
3290000: [16, 6, 2, 26, 23, 19, 3, 5, 3, 5, 4, 7, 9, 4, 2, 2, 3, 2, 3]
3295000: [15, 2, 29, 22, 2, 18, 5, 6, 5, 5, 5, 7, 9, 2, 2, 2, 3, 2, 4]
3300000: [15, 29, 21, 2, 15, 2, 3, 7, 4, 2, 2, 5, 6, 3, 9, 2, 2, 2, 2, 2, 2, 2, 2]
3305000: [16, 5, 31, 20, 3, 2, 4, 4, 14, 7, 2, 5, 6, 10, 2, 2, 2, 2, 2, 3]
3310000: [16, 4, 22, 31, 2, 3, 3, 14, 5, 3, 4, 6, 11, 3, 2, 2, 3]
3315000: [15, 4, 2, 18, 31, 4, 5, 13, 4, 3, 6, 4, 10, 2, 2, 4, 2, 3, 2, 2]
3320000: [13, 33, 5, 2, 17, 4, 3, 2, 5, 3, 12, 3, 7, 5, 7, 2, 2, 2, 2, 2, 2, 2, 2]
3325000: [12, 7, 16, 32, 3, 5, 2, 6, 14, 2, 5, 7, 3, 9, 2, 2, 2, 2, 2, 2, 2]
3330000: [11, 6, 19, 33, 9, 5, 11, 2, 2, 2, 7, 8, 2, 2, 2, 2, 2, 3, 2]
3335000: [12, 6, 12, 2, 19, 31, 2, 3, 4, 6, 12, 3, 2, 6, 2, 9, 3, 2, 2]
3340000: [11, 7, 11, 2, 3, 21, 30, 2, 2, 4, 2, 5, 15, 4, 2, 5, 8, 2, 2, 2, 2, 4]
3345000: [11, 12, 3, 22, 26, 4, 6, 14, 4, 5, 2, 4, 2, 9, 2, 3, 6, 2]
3350000: [9, 5, 5, 21, 10, 28, 2, 2, 6, 3, 14, 4, 2, 3, 3, 7, 5, 4, 2, 2, 2, 2]
3355000: [11, 5, 5, 10, 23, 18, 7, 14, 5, 2, 6, 4, 2, 2, 3, 6, 2, 2, 2, 2, 4]
3360000: [12, 6, 6, 5, 2, 4, 11, 23, 19, 7, 16, 5, 3, 3, 5, 2, 2, 2, 2, 2, 3]
3365000: [12, 6, 5, 4, 5, 10, 19, 18, 8, 16, 2, 5, 2, 2, 2, 2, 7, 3, 2, 3]
3370000: [14, 5, 7, 5, 12, 22, 14, 6, 10, 7, 19, 6, 3, 2, 2, 3, 4, 2, 2, 2]
3375000: [14, 7, 7, 6, 9, 19, 2, 22, 5, 8, 8, 20, 4, 4, 2, 2, 2, 2]
3380000: [15, 7, 6, 8, 18, 2, 21, 5, 2, 9, 7, 21, 6, 5, 4, 2, 2, 2, 2, 2]
3385000: [13, 7, 8, 21, 8, 21, 5, 21, 7, 7, 3, 5, 2, 2, 5, 2, 2, 2, 3, 2, 2, 2, 2, 2]
3390000: [12, 9, 8, 7, 22, 8, 5, 22, 7, 21, 6, 4, 3, 2, 2, 3, 2, 2]
3395000: [11, 9, 5, 7, 2, 24, 7, 2, 5, 31, 7, 20, 4, 4, 2, 2, 2, 2]
3400000: [10, 9, 7, 8, 4, 22, 6, 32, 7, 24, 3, 3, 3, 3, 2, 2, 2, 2, 2]
3405000: [10, 7, 8, 10, 22, 7, 5, 29, 2, 7, 21, 5, 2, 4, 4, 2, 2, 2, 2, 2, 2, 3]
3410000: [8, 7, 2, 7, 3, 18, 31, 6, 22, 6, 2, 4, 8, 5, 2, 2, 2, 8, 2, 2]
3415000: [7, 8, 6, 17, 28, 7, 20, 6, 2, 4, 2, 10, 5, 2, 2, 2, 2, 2, 2, 8, 2]
3420000: [8, 21, 8, 7, 3, 14, 4, 26, 5, 4, 5, 11, 5, 2, 2, 2, 3, 2, 9, 2, 2]
3425000: [8, 21, 6, 6, 2, 11, 4, 30, 11, 5, 2, 6, 5, 12, 5, 2, 2, 2, 2]
3430000: [8, 18, 5, 11, 27, 6, 3, 13, 4, 4, 6, 10, 5, 2, 2, 4, 2, 3, 2, 2, 2]
3435000: [9, 17, 2, 6, 15, 25, 8, 6, 12, 7, 5, 10, 5, 2, 3, 5, 2, 2, 2]
3440000: [9, 19, 8, 2, 14, 24, 8, 2, 14, 2, 6, 7, 4, 5, 2, 6, 3, 5, 2, 3, 2]
3445000: [21, 2, 8, 8, 3, 14, 6, 5, 26, 7, 14, 5, 5, 2, 7, 2, 2, 2, 2, 4, 2, 2]
3450000: [21, 13, 7, 2, 4, 6, 8, 25, 13, 2, 7, 2, 3, 2, 4, 7, 7, 2, 7, 2]
3455000: [24, 14, 7, 4, 7, 8, 26, 3, 13, 2, 7, 2, 7, 7, 2, 5, 2]
3460000: [27, 7, 15, 7, 28, 2, 13, 6, 2, 8, 8, 5, 2, 2, 4, 3, 2]
3465000: [27, 2, 8, 15, 7, 14, 28, 2, 5, 2, 8, 2, 2, 7, 5, 4, 2, 2]
3470000: [23, 7, 19, 9, 13, 29, 6, 2, 2, 6, 2, 7, 7, 6, 2, 2, 2, 2]
3475000: [22, 7, 7, 22, 13, 3, 11, 30, 7, 2, 6, 2, 7, 6, 2, 2, 2]
3480000: [22, 8, 16, 26, 32, 10, 7, 8, 2, 2, 2, 6, 6, 2, 2, 7]
3485000: [5, 7, 15, 6, 27, 19, 33, 11, 4, 7, 2, 2, 5, 7, 2]
3490000: [9, 18, 8, 26, 19, 34, 9, 8, 2, 2, 5, 2, 7, 2]
3495000: [11, 4, 16, 9, 25, 32, 9, 19, 7, 2, 8, 2, 2, 2, 2, 2]
3500000: [2, 11, 4, 16, 25, 6, 30, 7, 9, 19, 3, 2, 2, 7, 2, 2, 2, 3, 2]
3505000: [2, 10, 15, 26, 6, 31, 7, 9, 19, 2, 3, 2, 5, 2, 4]
3510000: [23, 9, 7, 32, 2, 9, 9, 14, 2, 18, 2, 3, 2, 2, 5, 5, 2, 2, 2, 3]
3515000: [2, 19, 10, 6, 33, 3, 9, 7, 2, 17, 2, 2, 14, 2, 5, 2, 2, 3, 3, 2]
3520000: [19, 2, 11, 8, 2, 34, 2, 9, 6, 17, 3, 2, 13, 5, 2, 3, 2, 2, 3, 3, 2]
3525000: [20, 6, 18, 8, 35, 4, 2, 9, 7, 2, 3, 10, 9, 4, 3, 2, 2, 3]
3530000: [20, 7, 16, 8, 34, 4, 10, 8, 8, 9, 2, 2, 4, 2, 2, 4]
3535000: [18, 6, 15, 11, 32, 3, 2, 8, 7, 2, 8, 6, 5, 2, 3, 2, 3]
3540000: [7, 18, 12, 10, 2, 34, 2, 8, 7, 10, 2, 7, 2, 2, 7, 2, 2, 4]
3545000: [7, 21, 14, 8, 32, 2, 9, 7, 2, 9, 6, 2, 6, 3, 2, 4, 2]
3550000: [8, 24, 15, 2, 8, 27, 2, 2, 9, 8, 8, 6, 2, 2, 2, 5, 2, 3, 2, 2, 2, 2]
3555000: [8, 24, 16, 7, 29, 7, 7, 8, 7, 3, 2, 2, 2, 2, 4, 5, 2, 3, 2, 2, 2, 2]
3560000: [8, 22, 18, 6, 8, 30, 2, 9, 7, 2, 6, 2, 5, 6, 2, 3, 2]
3565000: [8, 23, 20, 6, 2, 29, 3, 2, 7, 6, 2, 6, 8, 6, 2, 2, 4, 2, 2, 2, 2]
3570000: [8, 22, 21, 6, 2, 32, 2, 5, 5, 7, 7, 6, 6, 2, 2, 6, 2, 2, 2]
3575000: [7, 22, 26, 6, 10, 29, 2, 5, 5, 8, 7, 5, 3, 2, 7, 2, 2, 2]
3580000: [25, 26, 2, 6, 11, 27, 2, 7, 2, 9, 2, 7, 5, 4, 4, 6, 4]
3585000: [23, 27, 2, 8, 7, 11, 25, 2, 4, 5, 2, 8, 7, 3, 3, 8, 4, 2, 2, 2]
3590000: [23, 25, 9, 8, 10, 23, 3, 4, 2, 10, 6, 2, 2, 6, 2, 6, 2, 2]
3595000: [19, 20, 8, 6, 22, 3, 2, 2, 10, 9, 6, 2, 2, 2, 6, 4, 2, 6, 2]
3600000: [16, 7, 17, 23, 2, 11, 7, 10, 5, 2, 3, 2, 5, 2, 4, 2]
3605000: [17, 8, 4, 15, 30, 14, 2, 3, 8, 8, 2, 4, 7, 2, 2, 3, 2, 2, 2]
3610000: [8, 4, 17, 17, 32, 15, 4, 8, 8, 10, 2, 2, 2, 2, 3, 2, 2, 2]
3615000: [7, 2, 7, 18, 2, 32, 21, 2, 15, 3, 8, 6, 2, 8, 5, 4, 2]
3620000: [7, 2, 6, 18, 29, 22, 17, 3, 7, 8, 8, 6, 2, 2, 2, 2, 2, 2, 2]
3625000: [8, 3, 20, 24, 3, 6, 27, 15, 5, 8, 7, 9, 6, 2, 2, 2, 2, 2]
3630000: [8, 2, 21, 27, 20, 2, 16, 4, 9, 9, 2, 9, 5, 2, 5, 5, 2, 2, 2, 2, 2]
3635000: [8, 20, 28, 20, 4, 16, 8, 9, 10, 5, 5, 2, 2, 2, 2, 2, 2, 2]
3640000: [2, 9, 20, 2, 22, 28, 3, 2, 5, 8, 16, 8, 6, 12, 7, 2, 2, 2, 2, 2]
3645000: [8, 2, 18, 18, 2, 2, 26, 20, 6, 7, 7, 6, 2, 9, 6, 2, 2, 2, 2, 2]
3650000: [9, 17, 2, 28, 22, 16, 6, 8, 2, 5, 8, 6, 6, 2, 2, 2, 2]
3655000: [10, 16, 3, 27, 20, 3, 15, 6, 8, 7, 2, 2, 9, 7, 8, 2]
3660000: [15, 25, 19, 3, 2, 14, 8, 10, 7, 2, 6, 3, 7, 2, 2, 8, 2, 2, 3, 2, 2, 2]
3665000: [15, 23, 18, 3, 14, 12, 3, 10, 7, 3, 9, 3, 5, 7, 2, 2, 2, 2, 3]
3670000: [2, 17, 27, 19, 2, 11, 10, 2, 10, 8, 6, 3, 9, 2, 7, 2, 2, 2]
3675000: [25, 3, 25, 16, 2, 8, 11, 2, 9, 7, 2, 2, 10, 8, 2]
3680000: [19, 24, 15, 7, 2, 11, 10, 8, 2, 9, 2, 2, 2, 2, 2, 8, 2, 2, 2, 2]
3685000: [2, 16, 25, 14, 7, 14, 9, 8, 8, 2, 2, 2, 2, 2, 6, 2, 2, 2]
3690000: [2, 13, 2, 22, 14, 9, 13, 7, 7, 2, 2, 2, 2, 9, 2, 2, 3, 6, 2, 2, 2]
3695000: [12, 2, 20, 12, 10, 14, 10, 6, 2, 7, 3, 2, 2, 2, 3, 7, 3, 2, 2, 2]
3700000: [9, 2, 12, 13, 2, 18, 10, 12, 10, 6, 7, 3, 3, 2, 2, 2, 2]
3705000: [8, 16, 21, 13, 11, 8, 2, 8, 13, 3, 7, 3, 3, 2, 2, 2, 2, 2, 2, 2]
3710000: [7, 4, 12, 10, 21, 10, 9, 3, 9, 16, 8, 3, 2, 2, 4]
3715000: [6, 5, 10, 14, 10, 19, 11, 2, 9, 14, 7, 2, 3, 2, 4, 3]
3720000: [2, 6, 5, 13, 17, 10, 16, 10, 2, 2, 3, 2, 10, 14, 7, 2, 3, 3, 2]
3725000: [5, 4, 19, 12, 3, 10, 16, 12, 2, 14, 7, 2, 2, 2, 7, 2, 2, 2]
3730000: [4, 5, 12, 16, 10, 16, 12, 12, 2, 2, 9, 2, 7, 2, 2, 3, 2]
3735000: [5, 4, 3, 12, 2, 2, 16, 12, 12, 17, 13, 11, 4, 3, 2, 2, 2, 3, 7, 2, 3, 2]
3740000: [15, 7, 4, 2, 3, 8, 10, 17, 15, 11, 2, 11, 2, 2, 3, 7, 3, 2, 2, 2]
3745000: [17, 7, 2, 3, 11, 8, 17, 15, 11, 10, 2, 4, 9, 4, 2, 2, 2, 2, 2, 2]
3750000: [22, 10, 2, 9, 16, 14, 11, 10, 5, 3, 2, 3, 11, 3, 4, 2, 7, 2, 2, 5, 2]
3755000: [25, 10, 2, 2, 10, 18, 8, 14, 10, 5, 13, 2, 2, 7, 3, 3, 2, 2]
3760000: [23, 8, 2, 9, 8, 14, 8, 17, 10, 6, 12, 2, 4, 2, 2, 2, 3, 2, 3]
3765000: [25, 7, 2, 2, 8, 8, 11, 18, 10, 2, 12, 2, 2, 3, 8, 2, 4, 2, 2, 2, 2, 2, 2, 2, 2]
3770000: [24, 7, 5, 2, 3, 10, 9, 8, 14, 18, 10, 2, 13, 2, 3, 2, 2, 2, 4, 3, 2, 2]
3775000: [26, 6, 5, 4, 2, 8, 9, 8, 14, 19, 4, 9, 2, 2, 10, 2, 2, 2, 4, 2]
3780000: [26, 5, 2, 23, 9, 3, 2, 9, 17, 3, 7, 2, 3, 2, 9, 3, 2, 2, 6, 2, 2, 4]
3785000: [25, 21, 9, 4, 6, 16, 4, 10, 4, 2, 10, 3, 4, 2, 4, 2, 2, 4, 2]
3790000: [25, 2, 19, 3, 2, 8, 7, 14, 2, 4, 5, 9, 9, 2, 2, 6, 2, 2, 2, 2, 2, 3, 2, 4]
3795000: [22, 25, 11, 8, 8, 3, 16, 3, 4, 2, 6, 4, 3, 6, 3, 4, 2, 2, 2, 2, 3, 6, 2]
3800000: [25, 25, 9, 5, 10, 3, 4, 6, 2, 17, 2, 2, 5, 4, 2, 7, 4, 2, 3, 2, 2, 2, 2]
3805000: [21, 4, 28, 9, 2, 5, 2, 20, 4, 3, 3, 3, 2, 2, 3, 8, 2, 4, 2, 3, 2, 2]
3810000: [33, 4, 8, 4, 4, 20, 5, 4, 2, 21, 2, 4, 8, 2, 2, 2, 4, 2, 2, 2, 2, 2, 3]
3815000: [34, 4, 8, 5, 22, 4, 5, 20, 8, 2, 4, 5, 2, 2, 2, 3]
3820000: [32, 2, 5, 8, 5, 2, 21, 3, 7, 23, 9, 7, 3, 4, 3, 2, 3, 3, 2]
3825000: [2, 28, 4, 6, 8, 7, 15, 2, 2, 7, 23, 6, 9, 3, 8, 2, 2, 3, 3, 2, 2, 2]
3830000: [2, 28, 3, 7, 8, 24, 14, 2, 2, 3, 5, 8, 9, 2, 5, 7, 2, 5, 2, 2, 3, 2]
3835000: [4, 4, 28, 2, 7, 2, 8, 2, 25, 13, 2, 2, 5, 9, 2, 9, 6, 6, 5, 2, 2]
3840000: [2, 26, 2, 4, 2, 2, 10, 6, 12, 25, 15, 2, 5, 3, 2, 3, 2, 2, 5, 7, 2, 5, 2, 2, 2]
3845000: [2, 27, 3, 11, 5, 11, 27, 12, 2, 9, 2, 4, 3, 2, 4, 2, 4]
3850000: [23, 3, 33, 7, 12, 12, 2, 9, 2, 4, 2, 3, 2, 2, 4, 2, 2]
3855000: [22, 5, 10, 7, 9, 15, 24, 12, 3, 2, 5, 2, 2, 3, 2]
3860000: [15, 26, 2, 5, 32, 8, 10, 2, 15, 3, 2, 2, 4, 2, 2, 4, 2, 2, 2, 4, 2, 2, 2]
3865000: [15, 28, 6, 31, 9, 9, 2, 17, 4, 2, 2, 4, 2, 4, 2, 2, 4, 2, 2, 2, 2]
3870000: [18, 31, 8, 26, 9, 2, 11, 17, 4, 2, 3, 2, 3, 4, 2, 4, 3]
3875000: [19, 2, 32, 10, 24, 8, 3, 12, 14, 2, 2, 2, 4, 2, 3, 3, 2, 2, 2, 2]
3880000: [21, 2, 31, 10, 26, 8, 2, 3, 14, 2, 12, 2, 2, 3, 5, 4, 2, 3]
3885000: [20, 28, 10, 26, 9, 2, 14, 3, 9, 3, 2, 2, 4, 2, 2]
3890000: [22, 2, 2, 6, 28, 11, 26, 9, 3, 16, 2, 8, 4, 2, 2, 2]
3895000: [23, 2, 8, 32, 29, 11, 7, 17, 2, 8, 2, 5, 3, 2]
3900000: [21, 3, 9, 32, 30, 11, 8, 2, 18, 8, 2, 2, 4, 2, 2, 3, 2, 2]
3905000: [21, 4, 8, 29, 30, 11, 19, 2, 2, 3, 6, 3, 9, 3, 3, 3, 2, 2, 2]
3910000: [4, 27, 29, 12, 17, 17, 2, 2, 6, 3, 10, 2, 3, 7, 2, 2, 2, 2]
3915000: [5, 2, 2, 28, 29, 11, 17, 14, 2, 5, 2, 8, 2, 2, 3, 7]
3920000: [6, 15, 5, 30, 30, 9, 17, 2, 2, 7, 9, 2, 4, 2, 2, 2]
3925000: [4, 16, 3, 30, 31, 9, 15, 2, 2, 9, 7, 2, 4, 2, 2, 3, 2]
3930000: [5, 13, 2, 2, 29, 33, 7, 16, 2, 7, 6, 2, 2, 5, 2, 2, 2, 2]
3935000: [7, 13, 29, 32, 8, 14, 8, 5, 2, 4, 4, 2, 2, 2]
3940000: [5, 13, 15, 26, 32, 7, 7, 5, 2, 2, 2, 4, 3, 2, 2]
3945000: [5, 13, 12, 3, 26, 31, 7, 6, 6, 2, 4, 4, 3, 2]
3950000: [33, 5, 9, 25, 11, 7, 5, 2, 4, 11, 2, 2, 2, 2, 2]
3955000: [35, 5, 11, 4, 24, 9, 5, 3, 2, 9, 2, 4, 12, 3, 2, 2, 3]
3960000: [36, 5, 13, 9, 26, 10, 6, 3, 8, 2, 2, 4, 2, 2, 2]
3965000: [39, 6, 13, 9, 9, 24, 11, 2, 4, 2, 2, 2, 2]
3970000: [6, 11, 11, 37, 2, 26, 2, 2, 11, 6, 2, 2, 8, 2, 2, 2, 2]
3975000: [10, 32, 9, 23, 2, 7, 4, 2, 10, 8, 3, 2, 3, 2, 2]
3980000: [15, 32, 7, 5, 22, 2, 9, 9, 7, 2, 3, 2, 2, 2]
3985000: [14, 9, 4, 25, 27, 10, 9, 3, 2, 9, 3, 2, 3, 2, 2]
3990000: [14, 11, 23, 27, 3, 9, 9, 3, 4, 3, 3, 8, 2, 2, 3, 2, 4, 2, 2, 2]
3995000: [15, 13, 23, 27, 11, 8, 2, 3, 3, 9, 4, 9, 3, 3, 2, 2, 2, 2, 2]
4000000: [13, 5, 13, 2, 2, 21, 3, 2, 26, 4, 4, 11, 2, 10, 7, 3, 2, 2, 8, 3, 2, 2, 5, 2, 2]
4005000: [33, 13, 4, 14, 20, 4, 3, 2, 2, 4, 3, 9, 2, 5, 10, 3, 2, 4, 6]
4010000: [32, 13, 14, 24, 4, 12, 2, 4, 2, 2, 10, 4, 4, 2, 2, 8, 7, 2, 4]
4015000: [27, 13, 3, 11, 4, 20, 11, 5, 2, 2, 12, 2, 2, 8, 2, 9, 2]
4020000: [27, 12, 14, 21, 12, 4, 8, 3, 3, 3, 10, 2, 2, 2, 6, 3, 3, 2, 2, 2]
4025000: [28, 14, 23, 11, 13, 4, 7, 3, 3, 2, 4, 10, 2, 2, 2, 2, 2]
4030000: [34, 3, 2, 14, 2, 4, 23, 9, 2, 4, 8, 3, 2, 4, 5, 10, 2, 11, 2, 2]
4035000: [32, 3, 14, 5, 3, 24, 11, 3, 7, 6, 2, 2, 2, 2, 11, 5, 2, 10, 2, 2]
4040000: [29, 6, 13, 2, 3, 2, 3, 22, 5, 7, 2, 2, 8, 3, 12, 10, 2, 3]
4045000: [30, 7, 17, 5, 3, 5, 20, 4, 4, 6, 3, 9, 12, 2, 10, 2, 2]
4050000: [26, 8, 17, 8, 4, 2, 5, 23, 4, 2, 2, 5, 9, 13, 12, 2, 2, 2, 2]
4055000: [26, 2, 8, 14, 8, 4, 2, 5, 25, 2, 3, 6, 2, 11, 2, 11, 10, 3]
4060000: [24, 7, 18, 4, 6, 6, 22, 4, 2, 5, 10, 9, 10, 2]
4065000: [21, 2, 6, 18, 5, 27, 7, 5, 4, 5, 2, 4, 9, 2, 8, 2, 2, 10, 2, 3, 2]
4070000: [25, 6, 5, 18, 4, 27, 7, 5, 2, 3, 2, 8, 2, 7, 11, 2, 2, 2, 2]
4075000: [27, 6, 6, 19, 8, 3, 24, 7, 2, 4, 8, 2, 3, 2, 2, 11, 2]
4080000: [29, 5, 6, 25, 20, 9, 2, 2, 9, 4, 8, 2, 3, 4, 9]
4085000: [29, 5, 5, 27, 21, 7, 2, 3, 2, 2, 6, 2, 8, 3, 2, 2, 2, 10, 3]
4090000: [27, 5, 6, 26, 20, 9, 3, 2, 2, 3, 4, 6, 6, 3, 2, 2, 2, 8, 2]
4095000: [23, 5, 5, 25, 2, 18, 8, 2, 3, 2, 3, 4, 6, 9, 8, 6, 3, 2, 2, 2, 2, 2]
4100000: [24, 5, 5, 25, 17, 6, 2, 9, 4, 5, 8, 6, 2, 3, 2, 3]
4105000: [2, 25, 5, 4, 25, 18, 5, 8, 3, 8, 8, 2, 7, 3, 2, 3, 2, 2]
4110000: [26, 2, 6, 4, 26, 16, 6, 10, 2, 8, 2, 3, 10, 4, 7, 4, 2]
4115000: [28, 7, 2, 23, 16, 8, 2, 11, 7, 2, 2, 8, 2, 6, 2, 2, 3, 3, 2, 2]
4120000: [5, 2, 42, 11, 9, 24, 2, 6, 6, 2, 8, 2, 2, 2]
4125000: [5, 2, 2, 40, 10, 7, 9, 24, 7, 2, 8, 2, 2]
4130000: [5, 26, 39, 10, 8, 3, 6, 6, 7, 2, 2, 2, 3, 2, 2]
4135000: [2, 38, 24, 4, 10, 6, 2, 7, 6, 6, 2, 3, 2, 2, 2, 2]
4140000: [2, 41, 22, 4, 11, 2, 4, 8, 4, 6, 7, 3, 2, 2, 2, 2]
4145000: [3, 2, 39, 4, 24, 10, 2, 7, 4, 2, 6, 2, 7, 2, 2, 3, 3, 2, 2, 2]
4150000: [2, 6, 41, 24, 2, 2, 10, 2, 7, 2, 3, 2, 2, 7, 2, 2, 2, 2]
4155000: [6, 2, 40, 25, 2, 3, 2, 11, 8, 3, 3, 5, 3]
4160000: [6, 41, 2, 25, 3, 2, 10, 2, 2, 8, 4, 2, 2, 4, 5, 2, 5, 2, 2]
4165000: [8, 3, 42, 3, 23, 2, 2, 2, 9, 10, 2, 2, 3, 6, 2, 7, 2]
4170000: [24, 9, 37, 2, 2, 3, 10, 8, 3, 2, 3, 7, 2, 3, 4, 2]
4175000: [25, 10, 36, 4, 2, 3, 10, 10, 2, 2, 2, 2, 3, 3, 5, 2, 2, 2]
4180000: [26, 11, 33, 2, 4, 13, 9, 2, 3, 2, 2, 6, 2, 2, 3, 2]
4185000: [11, 30, 5, 2, 3, 10, 24, 6, 12, 2, 2, 2, 2, 2, 2, 7, 2, 3, 2, 2]
4190000: [11, 32, 4, 4, 11, 7, 28, 11, 2, 7, 2, 2, 2, 2, 2]
4195000: [12, 27, 32, 5, 4, 5, 2, 8, 9, 3, 11, 4, 2, 7, 3, 2, 2]
4200000: [10, 12, 30, 26, 6, 4, 2, 2, 2, 9, 2, 2, 13, 4, 2, 2, 3, 2, 2, 6]
4205000: [4, 8, 30, 26, 5, 2, 8, 2, 3, 9, 2, 13, 2, 2, 2, 4, 2, 2]
4210000: [2, 4, 7, 32, 33, 5, 3, 8, 2, 5, 11, 4, 2, 10, 2, 2, 2, 2, 2, 2, 2]
4215000: [8, 34, 29, 12, 6, 2, 9, 3, 10, 3, 4, 4, 2, 2, 2, 2, 2, 2]
4220000: [35, 9, 27, 10, 10, 2, 2, 2, 10, 5, 2, 2, 4, 3, 3, 3, 2, 2, 2, 2, 2, 2]
4225000: [34, 6, 13, 3, 8, 2, 7, 3, 6, 26, 5, 2, 2, 2, 3, 6, 2, 2]
4230000: [33, 5, 2, 10, 3, 9, 4, 6, 2, 5, 23, 7, 2, 2, 4]
4235000: [34, 5, 2, 12, 2, 11, 2, 3, 2, 6, 20, 2, 5, 7, 2, 2, 3, 2, 3, 2]
4240000: [28, 8, 12, 12, 3, 21, 4, 2, 7, 5, 6, 3, 2, 2, 2, 2, 2, 2]
4245000: [5, 2, 32, 9, 3, 11, 2, 10, 5, 4, 8, 20, 2, 2, 6, 2, 2, 2, 3]
4250000: [5, 29, 11, 13, 13, 6, 2, 24, 4, 9, 2, 5, 2, 2, 2, 2, 3, 3]
4255000: [5, 27, 12, 2, 12, 2, 2, 12, 5, 4, 9, 19, 2, 2, 4, 5, 3, 2, 2, 2, 3]
4260000: [6, 13, 2, 11, 26, 6, 2, 24, 12, 5, 4, 2, 2, 2, 6, 4, 2, 2, 2, 2]
4265000: [4, 10, 11, 6, 25, 7, 29, 10, 4, 3, 2, 2, 3, 7, 2, 2, 2, 2, 2, 2]
4270000: [3, 27, 12, 10, 21, 2, 3, 11, 5, 2, 5, 3, 5, 5, 2, 3, 6, 2, 3, 2, 2, 2, 2, 2]
4275000: [27, 2, 10, 11, 21, 9, 4, 3, 6, 2, 2, 2, 3, 6, 2, 4, 8, 2, 2, 2, 2, 2, 2]
4280000: [30, 9, 11, 4, 10, 3, 21, 5, 2, 5, 2, 3, 2, 5, 2, 2, 2, 2, 2]
4285000: [33, 8, 10, 3, 11, 4, 24, 5, 2, 2, 4, 3, 2, 3, 3, 2, 6, 3, 2, 2, 2]
4290000: [33, 9, 10, 2, 11, 7, 2, 24, 2, 2, 6, 2, 3, 2, 2, 6, 3, 2, 2, 2, 2, 3, 2]
4295000: [30, 9, 11, 3, 2, 11, 9, 21, 5, 2, 5, 2, 2, 2, 6, 3, 2, 2, 2, 2, 2, 2]
4300000: [36, 7, 4, 23, 3, 13, 2, 2, 9, 2, 2, 6, 9, 5, 2, 2, 8, 4, 2, 2, 2]
4305000: [39, 8, 4, 29, 13, 9, 2, 8, 2, 7, 2, 2, 3, 9, 2, 4, 2, 2, 2]
4310000: [43, 8, 32, 2, 10, 8, 2, 3, 2, 2, 8, 4, 7, 5, 3, 3, 2, 3]
4315000: [43, 8, 12, 30, 10, 8, 2, 4, 5, 2, 7, 2, 4, 2, 2, 3, 2, 2, 2]
4320000: [42, 9, 3, 28, 9, 2, 10, 2, 8, 2, 5, 5, 2, 7, 2, 3, 4, 2, 2, 3, 2]
4325000: [3, 41, 9, 2, 27, 10, 2, 2, 8, 2, 2, 4, 2, 4, 3, 9, 5, 4, 2, 2]
4330000: [44, 9, 2, 28, 10, 2, 6, 5, 4, 2, 6, 2, 9, 2, 2, 2, 2]
4335000: [6, 43, 29, 10, 6, 6, 3, 2, 9, 2, 2, 2, 2, 5, 2, 2]
4340000: [5, 43, 27, 9, 2, 7, 2, 5, 3, 10, 2, 3, 2, 2, 3, 2, 2, 2, 2, 2, 2]
4345000: [7, 26, 44, 9, 5, 10, 2, 7, 2, 4, 8, 4, 2, 2, 2, 2, 2, 3, 2]
4350000: [8, 26, 40, 9, 5, 9, 5, 3, 2, 2, 2, 8, 2, 3, 2, 3, 2, 3, 2, 3]
4355000: [2, 26, 38, 10, 7, 4, 11, 2, 2, 5, 5, 2, 4, 9, 2, 4, 2, 2, 3, 2, 3, 2]
4360000: [25, 2, 44, 10, 11, 10, 2, 8, 5, 2, 5, 2, 3, 2, 2, 2, 4, 2, 2]
4365000: [37, 39, 11, 10, 8, 6, 2, 3, 6, 4, 3, 3, 2]
4370000: [33, 34, 6, 11, 11, 3, 2, 8, 3, 6, 2, 8, 3, 2, 4, 2, 2]
4375000: [35, 36, 12, 11, 4, 9, 2, 7, 2, 7, 2, 2, 2, 3, 2]
4380000: [2, 2, 2, 33, 32, 12, 9, 5, 2, 2, 7, 8, 2, 4, 2, 2, 2, 2, 3, 2]
4385000: [27, 3, 35, 10, 9, 4, 13, 2, 7, 2, 4, 2, 4, 2, 2]
4390000: [27, 2, 11, 35, 13, 4, 11, 2, 7, 2, 2, 3, 6]
4395000: [5, 27, 12, 37, 13, 13, 9, 3, 2, 2, 2, 2, 2, 2, 4, 2, 2]
4400000: [6, 12, 2, 40, 21, 12, 8, 4, 2, 2, 2, 10, 3, 2, 2, 4, 3]
4405000: [10, 39, 23, 5, 13, 2, 8, 2, 4, 2, 10, 5, 4, 3, 2, 2]
4410000: [24, 10, 44, 14, 4, 6, 8, 2, 9, 5, 5, 2, 2, 2, 2]
4415000: [22, 8, 44, 3, 2, 10, 13, 3, 4, 8, 2, 2, 10, 5, 3, 3, 2, 2, 2]
4420000: [27, 8, 43, 6, 7, 11, 5, 4, 9, 3, 9, 2, 3, 2, 2, 2, 2, 2, 2, 2]
4425000: [8, 33, 39, 6, 10, 8, 6, 4, 2, 11, 3, 2, 3, 2, 2, 2, 2, 3, 2]
4430000: [3, 10, 30, 34, 10, 10, 4, 2, 2, 4, 9, 4, 2, 4, 3, 2, 2, 2, 2]
4435000: [4, 12, 32, 33, 2, 9, 3, 3, 2, 3, 9, 9, 2, 5, 4, 2, 3, 2, 2, 2, 5, 2]
4440000: [2, 12, 31, 36, 3, 8, 2, 3, 2, 2, 10, 10, 5, 5, 2, 2]
4445000: [3, 4, 12, 34, 35, 3, 3, 8, 2, 2, 3, 11, 12, 6, 2, 5, 2, 2]
4450000: [13, 33, 3, 35, 6, 3, 2, 2, 8, 4, 9, 12, 6, 2, 5, 2, 2, 2, 2]
4455000: [2, 11, 27, 36, 3, 9, 3, 4, 2, 14, 9, 2, 5, 6, 2, 2]
4460000: [35, 11, 25, 2, 12, 2, 13, 2, 9, 2, 6, 5, 2, 4, 2, 2]
4465000: [35, 11, 14, 21, 7, 2, 2, 3, 2, 10, 2, 2, 7, 2, 3, 4, 2, 2, 2, 2]
4470000: [34, 12, 17, 20, 2, 8, 3, 2, 7, 3, 2, 2, 6, 4, 2]
4475000: [34, 12, 14, 7, 3, 2, 2, 3, 5, 18, 3, 2, 2, 2, 7, 2, 2, 3]
4480000: [2, 6, 36, 2, 10, 12, 23, 3, 7, 2, 2, 2, 2, 3, 8, 2, 2]
4485000: [6, 37, 12, 12, 23, 7, 2, 3, 4, 2, 2, 8, 2, 2, 2, 3, 2]
4490000: [7, 34, 13, 14, 26, 2, 2, 4, 2, 6, 2, 3, 2, 2, 8, 2, 2, 2, 2, 2, 2, 2]
4495000: [7, 36, 11, 14, 31, 2, 2, 3, 3, 6, 3, 12, 2, 2, 2, 3]
4500000: [2, 5, 39, 8, 13, 31, 2, 2, 3, 2, 2, 7, 3, 2, 3, 11, 2, 2, 2, 2]
4505000: [6, 8, 36, 15, 29, 2, 7, 2, 2, 2, 2, 2, 11, 3, 2]
4510000: [8, 36, 15, 4, 6, 28, 7, 2, 2, 3, 4, 2, 12, 2, 2, 2]
4515000: [3, 2, 2, 10, 33, 2, 17, 8, 29, 8, 2, 2, 2, 3, 4, 2, 3, 11, 2, 2]
4520000: [4, 2, 2, 12, 36, 17, 7, 27, 8, 3, 4, 3, 2, 11, 2, 2]
4525000: [30, 2, 11, 36, 13, 6, 2, 2, 7, 2, 2, 4, 3, 12, 2, 3, 3]
4530000: [29, 11, 34, 11, 8, 2, 6, 2, 2, 4, 2, 2, 12, 3]
4535000: [29, 13, 35, 9, 2, 6, 2, 4, 3, 3, 11, 2, 11, 2]
4540000: [30, 33, 3, 9, 11, 2, 3, 4, 12, 10, 2, 11, 2, 2]
4545000: [30, 11, 8, 7, 31, 2, 5, 5, 12, 10, 2, 2, 2]
4550000: [2, 27, 12, 12, 11, 7, 32, 13, 4, 2, 2, 3, 2]
4555000: [2, 29, 2, 12, 13, 3, 12, 7, 32, 2, 3, 12, 3, 2, 2, 2, 2, 2]
4560000: [27, 2, 13, 14, 3, 13, 14, 31, 3, 2, 2, 3, 5, 3, 2, 2, 2, 2]
4565000: [3, 24, 3, 12, 13, 15, 11, 34, 2, 2, 4, 6, 4, 2, 2]
4570000: [2, 23, 13, 13, 14, 11, 33, 3, 3, 2, 6, 2, 2, 2, 2, 3, 3, 2, 2, 2]
4575000: [3, 5, 2, 27, 14, 14, 15, 31, 3, 5, 12, 2, 6, 2, 3, 2, 2, 2, 2, 2]
4580000: [2, 5, 5, 28, 16, 13, 32, 15, 2, 12, 3, 3, 2, 7, 2, 3, 2]
4585000: [4, 2, 7, 2, 12, 14, 31, 14, 29, 3, 3, 10, 6, 2, 3, 2]
4590000: [31, 6, 11, 28, 2, 8, 3, 16, 2, 10, 3, 4, 2, 2, 2, 2, 2]
4595000: [25, 7, 10, 26, 2, 8, 2, 15, 2, 10, 2, 2, 3, 3, 2, 2]
4600000: [27, 7, 2, 12, 26, 2, 4, 2, 8, 2, 2, 11, 4, 2, 2, 2, 2, 2, 13, 2]
4605000: [6, 13, 25, 2, 4, 23, 12, 2, 9, 12, 6, 2, 2, 2, 2]
4610000: [7, 2, 3, 13, 10, 25, 2, 3, 5, 2, 26, 7, 9, 11, 2, 2, 2, 2, 2, 2]
4615000: [7, 28, 10, 9, 24, 11, 2, 5, 3, 6, 8, 2, 2, 2, 2, 2, 2, 2, 2, 2, 2]
4620000: [6, 30, 3, 22, 9, 12, 2, 3, 8, 3, 4, 2, 7, 2, 4, 2, 2, 2]
4625000: [5, 30, 24, 9, 2, 2, 10, 4, 2, 2, 2, 4, 6, 3, 12, 4, 2, 2, 2]
4630000: [6, 27, 26, 8, 4, 2, 2, 7, 2, 2, 5, 2, 3, 13, 3, 2, 2, 2]
4635000: [5, 28, 30, 9, 6, 2, 6, 3, 2, 11, 3, 11, 2, 2]
4640000: [4, 31, 31, 7, 6, 5, 3, 2, 11, 2, 2, 3, 10, 2, 2, 2]
4645000: [5, 29, 9, 2, 6, 27, 6, 3, 2, 2, 3, 4, 13, 6, 2, 2, 2, 2, 2, 2]
4650000: [5, 28, 10, 7, 23, 4, 2, 2, 2, 4, 3, 3, 14, 5, 2, 2, 2, 2, 2, 2, 2, 2, 2]
4655000: [3, 29, 4, 11, 7, 27, 4, 2, 2, 5, 3, 3, 13, 2, 4, 2, 4]
4660000: [4, 31, 3, 13, 4, 7, 27, 4, 5, 3, 12, 2, 2, 5, 2]
4665000: [34, 3, 16, 5, 7, 27, 2, 4, 4, 2, 13, 2, 4, 2, 2, 2, 2]
4670000: [2, 36, 3, 15, 7, 7, 30, 2, 3, 10, 2, 2, 2, 5, 2, 2, 2, 3]
4675000: [34, 2, 2, 4, 15, 9, 32, 5, 2, 3, 2, 3, 6, 3, 5, 11, 4, 3, 3, 2]
4680000: [8, 38, 32, 2, 3, 6, 9, 6, 4, 4, 2, 2, 13, 3, 5, 11, 3, 2, 2]
4685000: [8, 30, 2, 4, 40, 10, 5, 5, 2, 2, 6, 2, 13, 4, 5, 11, 3, 2, 2]
4690000: [8, 30, 3, 4, 41, 9, 7, 2, 3, 4, 13, 4, 2, 4, 11, 4, 2, 2, 2]
4695000: [3, 27, 2, 4, 43, 12, 6, 13, 12, 2, 4, 4, 9, 4, 4, 2, 2, 2]
4700000: [7, 29, 2, 3, 40, 11, 5, 3, 12, 13, 3, 3, 3, 2, 4, 9, 2, 2, 2, 2, 2]
4705000: [7, 2, 2, 3, 43, 12, 7, 2, 12, 25, 13, 2, 4, 2, 3, 9, 2, 2, 2]
4710000: [7, 2, 2, 4, 38, 11, 7, 13, 2, 12, 2, 5, 3, 9, 21, 2, 2, 2, 2]
4715000: [8, 2, 3, 36, 9, 7, 13, 3, 12, 2, 2, 4, 10, 18, 2, 2]
4720000: [7, 3, 31, 9, 6, 13, 5, 13, 2, 4, 10, 19, 2, 2, 2, 3, 2, 2, 2]
4725000: [7, 2, 2, 2, 9, 33, 2, 11, 5, 14, 7, 3, 10, 16, 2, 2, 2, 2, 2]
4730000: [8, 2, 3, 2, 2, 36, 9, 11, 23, 14, 2, 2, 2, 10, 3, 2, 5, 2]
4735000: [6, 4, 2, 3, 15, 41, 11, 24, 10, 2, 6, 3, 2, 2, 2, 2, 3, 2]
4740000: [2, 7, 4, 2, 14, 38, 2, 12, 24, 2, 2, 12, 6, 2, 2, 2, 3]
4745000: [8, 4, 4, 14, 36, 2, 12, 21, 10, 4, 2, 2, 5, 2, 2, 2, 2]
4750000: [9, 3, 3, 2, 33, 20, 13, 10, 12, 4, 3, 6, 2, 2, 2]
4755000: [20, 4, 12, 31, 3, 11, 2, 2, 11, 2, 2, 9, 3, 2, 2, 6, 4, 2]
4760000: [18, 2, 13, 33, 2, 2, 3, 2, 7, 3, 9, 10, 8, 3, 2, 2, 7, 2, 2]
4765000: [16, 13, 2, 38, 2, 2, 2, 3, 2, 2, 2, 6, 2, 11, 2, 3, 2, 7, 2, 2, 2, 2, 9, 2, 8, 4, 2, 2]
4770000: [19, 36, 2, 2, 2, 3, 5, 2, 12, 2, 13, 4, 2, 6, 2, 8, 2, 9, 2, 3]
4775000: [22, 2, 31, 3, 4, 3, 2, 2, 3, 5, 3, 10, 2, 12, 11, 3, 2, 7, 7, 2]
4780000: [25, 14, 2, 4, 36, 3, 2, 3, 5, 9, 11, 4, 7, 3, 7, 4]
4785000: [15, 2, 8, 35, 3, 25, 2, 4, 2, 8, 11, 4, 2, 2, 6, 7, 2, 3, 2, 2]
4790000: [3, 6, 34, 3, 2, 32, 2, 2, 3, 5, 2, 11, 7, 7, 10, 4, 2, 2, 3, 2, 3]
4795000: [6, 34, 3, 5, 24, 2, 7, 11, 6, 2, 10, 7, 7, 3, 2, 3, 2, 2, 3, 2, 2, 3]
4800000: [33, 2, 5, 24, 7, 9, 3, 9, 9, 7, 2, 4, 4, 2, 2, 2, 3, 2, 2, 2, 3, 4]
4805000: [34, 11, 7, 22, 7, 3, 10, 2, 7, 4, 2, 6, 2, 2, 2, 2, 2, 3, 3, 2, 3]
4810000: [34, 11, 10, 7, 23, 7, 10, 7, 3, 2, 4, 2, 2, 2, 2, 3, 2, 2, 2, 2]
4815000: [31, 11, 6, 2, 26, 10, 7, 10, 7, 2, 2, 5, 3, 2, 2, 4, 2]
4820000: [36, 4, 28, 10, 8, 9, 7, 2, 3, 6, 2, 2, 5, 2, 2]
4825000: [32, 5, 26, 13, 9, 10, 7, 6, 2, 3, 2, 2]
4830000: [32, 2, 5, 25, 12, 8, 8, 2, 10, 2, 2, 6, 2, 3, 2, 2]
4835000: [34, 5, 24, 12, 6, 8, 8, 5, 12, 2, 3, 2, 3, 2, 3, 2]
4840000: [2, 36, 2, 6, 22, 6, 7, 8, 3, 13, 2, 2, 2, 10, 2, 3, 2, 2, 2]
4845000: [8, 37, 2, 5, 20, 8, 4, 14, 6, 7, 3, 2]
4850000: [7, 2, 34, 6, 19, 8, 7, 3, 12, 6, 5, 2, 2, 2, 2, 2]
4855000: [5, 35, 2, 6, 2, 19, 8, 2, 8, 12, 6, 2, 6, 2, 2, 3, 2, 2, 2]
4860000: [5, 37, 3, 20, 4, 8, 8, 10, 2, 3, 2, 6, 2, 4]
4865000: [4, 35, 6, 2, 21, 4, 2, 10, 7, 11, 2, 2, 2, 5, 3, 2, 2, 2, 2, 2]
4870000: [4, 2, 40, 5, 3, 19, 5, 3, 2, 4, 10, 2, 7, 11, 4, 2, 2, 2]
4875000: [7, 42, 5, 24, 2, 2, 11, 2, 7, 12, 2, 5, 4, 2, 2, 2, 2, 2]
4880000: [7, 41, 5, 26, 4, 10, 9, 2, 2, 10, 6, 4, 2, 4, 2]
4885000: [8, 40, 7, 2, 24, 4, 10, 7, 2, 8, 3, 9, 2, 3, 2, 2, 3]
4890000: [7, 2, 37, 7, 2, 3, 26, 2, 6, 9, 3, 8, 6, 8, 2, 2, 2, 3, 2, 2]
4895000: [7, 3, 37, 9, 4, 28, 6, 9, 2, 7, 2, 7, 8, 2, 2, 2, 2, 2, 2, 2]
4900000: [6, 2, 37, 8, 4, 4, 6, 29, 8, 2, 7, 6, 7, 2, 3, 2, 2, 2, 2]
4905000: [9, 36, 8, 4, 4, 26, 9, 8, 2, 3, 4, 8, 2, 3]
4910000: [9, 8, 38, 8, 3, 30, 6, 9, 2, 2, 2, 4, 7, 2, 2, 2]
4915000: [9, 8, 36, 8, 2, 25, 4, 9, 2, 2, 2, 6, 7, 2, 2, 2, 2]
4920000: [6, 8, 39, 7, 2, 5, 23, 9, 2, 3, 2, 4, 8, 2, 2, 2, 2, 2]
4925000: [6, 9, 40, 8, 2, 5, 22, 9, 2, 5, 6, 2, 2, 2, 3, 2, 2, 3, 2]
4930000: [8, 9, 7, 41, 9, 6, 20, 10, 3, 5, 3, 4, 2, 2, 2, 2, 2]
4935000: [8, 11, 7, 41, 9, 4, 30, 2, 7, 2, 2, 2, 2, 2, 2, 2, 2, 2, 3]
4940000: [8, 12, 8, 40, 13, 2, 30, 2, 3, 2, 6, 2, 2, 2, 2, 2]
4945000: [9, 29, 9, 9, 37, 14, 2, 2, 3, 3, 6, 2, 2, 2, 2, 2, 2, 2]
4950000: [10, 29, 7, 8, 37, 12, 3, 5, 3, 2, 2, 2, 2, 2, 2, 2, 2]
4955000: [10, 29, 9, 38, 13, 2, 2, 3, 2, 3, 8, 8, 2, 2, 3, 2, 2]
4960000: [10, 30, 8, 34, 10, 2, 2, 2, 2, 3, 5, 7, 2, 2, 2, 2, 2]
4965000: [10, 31, 34, 9, 2, 2, 2, 2, 2, 7, 2, 2, 6, 2, 7, 3, 2, 2, 2, 2]
4970000: [8, 29, 34, 3, 9, 3, 9, 2, 2, 7, 3, 2, 8, 2, 2, 3, 4, 2, 2]
4975000: [10, 29, 4, 31, 2, 2, 2, 9, 2, 9, 7, 2, 6, 2, 3, 3, 2]
4980000: [9, 26, 3, 37, 3, 3, 2, 6, 10, 5, 2, 7, 2, 2, 2, 2, 2, 2, 2, 2]
4985000: [10, 31, 4, 5, 2, 42, 3, 8, 10, 2, 2, 8, 2, 2, 2]
4990000: [10, 32, 4, 6, 40, 4, 2, 10, 10, 2, 9, 2, 2, 2, 2, 2, 2]
4995000: [10, 32, 4, 7, 2, 41, 2, 4, 11, 8, 2, 2, 3, 9, 2, 2, 2, 2, 2, 2, 2]
5000000: [10, 29, 5, 9, 38, 3, 4, 11, 9, 2, 7, 2, 2, 2, 2, 2, 2]
5005000: [10, 6, 9, 5, 3, 36, 2, 2, 27, 3, 10, 2, 11, 4, 2, 7, 2]
5010000: [4, 8, 6, 2, 2, 34, 2, 2, 36, 4, 9, 2, 11, 2, 6, 2, 2, 2]
5015000: [3, 7, 5, 32, 3, 3, 28, 2, 7, 2, 10, 6, 8, 2, 2, 2, 2]
5020000: [4, 9, 6, 2, 34, 2, 3, 2, 2, 10, 19, 3, 8, 4, 9, 2, 2, 2]
5025000: [4, 7, 3, 33, 4, 8, 22, 2, 8, 3, 2, 2, 8, 2, 2, 3]
5030000: [3, 7, 2, 2, 35, 32, 3, 5, 8, 2, 9, 2, 3, 2, 3, 2, 2, 2]
5035000: [2, 6, 3, 35, 2, 37, 2, 9, 9, 4, 3, 5, 2, 2, 3, 2, 2]
5040000: [3, 6, 3, 34, 2, 37, 2, 3, 10, 2, 10, 5, 6, 2, 2, 2]
5045000: [5, 2, 28, 2, 32, 3, 2, 12, 2, 8, 4, 4, 7, 2, 2, 2, 2]
5050000: [5, 27, 2, 32, 3, 9, 3, 3, 10, 3, 3, 2, 7, 2, 2, 4, 2, 2]
5055000: [5, 25, 7, 2, 2, 31, 9, 6, 2, 2, 9, 3, 4, 2, 4, 2, 4, 2]
5060000: [4, 25, 6, 28, 9, 5, 5, 9, 4, 3, 4, 2]
5065000: [5, 7, 23, 11, 26, 2, 6, 7, 11, 3, 5, 2, 3, 4, 4]
5070000: [5, 7, 26, 11, 2, 22, 2, 5, 2, 9, 10, 2, 2, 2, 2, 2, 4, 2, 2, 4]
5075000: [6, 7, 28, 4, 20, 10, 2, 4, 9, 11, 2, 2, 2, 5, 2, 2, 2, 2, 2, 2]
5080000: [3, 7, 30, 11, 4, 19, 3, 10, 3, 8, 2, 2, 2, 4, 2, 2, 2, 2, 2, 2, 2]
5085000: [3, 8, 36, 2, 3, 23, 9, 7, 2, 6, 10, 2, 3, 5, 2]
5090000: [4, 7, 43, 24, 8, 7, 2, 6, 5, 10, 5, 2, 2, 2, 3, 2]
5095000: [5, 7, 40, 20, 11, 5, 3, 2, 8, 6, 2, 3, 3, 2, 2, 3, 2]
5100000: [6, 9, 2, 42, 3, 18, 11, 4, 11, 6, 2, 2, 2, 4, 2, 3, 2, 2, 2, 2]
5105000: [5, 8, 42, 18, 9, 4, 5, 2, 10, 2, 7, 2, 2, 3, 3]
5110000: [6, 9, 43, 20, 8, 4, 8, 9, 2, 2, 2, 8, 2, 2, 2, 3, 2]
5115000: [8, 7, 39, 20, 7, 5, 2, 9, 9, 7, 2, 2, 2, 2, 2]
5120000: [7, 8, 38, 3, 21, 7, 5, 7, 9, 9, 2, 2, 2, 2]
5125000: [34, 20, 8, 8, 3, 5, 6, 2, 9, 9, 2, 2, 2, 2, 8, 2, 2]
5130000: [32, 23, 6, 9, 4, 5, 2, 10, 9, 3, 2, 2, 7, 2]
5135000: [2, 7, 33, 25, 6, 2, 10, 2, 2, 10, 2, 2, 2, 9, 4, 2, 6, 2, 3, 2, 2]
5140000: [9, 34, 3, 26, 4, 7, 12, 2, 7, 9, 3, 8, 2, 2, 2]
5145000: [2, 10, 33, 3, 25, 8, 12, 8, 10, 3, 2, 8, 2, 2, 2, 2]
5150000: [11, 35, 2, 9, 3, 24, 9, 11, 4, 7, 10, 2, 2, 2, 2]
5155000: [35, 12, 11, 3, 23, 10, 4, 6, 7, 9, 2, 2, 2, 3, 2, 2]
5160000: [34, 2, 14, 14, 3, 24, 11, 5, 2, 8, 2, 2, 6, 3, 2]
5165000: [13, 12, 2, 35, 2, 4, 24, 10, 2, 7, 9, 2, 3, 2, 2, 6, 3, 2]
5170000: [14, 2, 2, 34, 8, 23, 11, 10, 7, 8, 2, 2, 3, 2, 2, 2, 4]
5175000: [12, 10, 35, 19, 11, 2, 9, 2, 6, 2, 2, 2, 9, 2, 2, 3, 2, 2, 2]
5180000: [11, 2, 21, 12, 11, 34, 7, 10, 2, 2, 2, 2, 7, 2, 2]
5185000: [13, 34, 19, 11, 9, 2, 2, 2, 6, 9, 3, 2, 2, 2, 6, 3, 2, 2, 2]
5190000: [12, 36, 20, 11, 9, 2, 5, 10, 2, 2, 2, 6, 2, 2, 2, 2, 2]
5195000: [10, 11, 35, 20, 13, 2, 3, 2, 2, 5, 11, 3, 3, 2, 2, 2, 6, 2, 2, 2, 2]
5200000: [10, 10, 36, 5, 2, 18, 15, 5, 2, 2, 2, 4, 11, 3, 6]
5205000: [10, 10, 37, 2, 2, 20, 2, 15, 2, 2, 5, 4, 2, 10, 7, 2, 2, 2]
5210000: [9, 10, 39, 2, 2, 21, 13, 2, 2, 4, 2, 3, 10, 6, 6, 2, 2, 2]
5215000: [10, 10, 2, 24, 37, 12, 2, 8, 2, 5, 2, 2, 10, 2, 2, 2, 5, 2]
5220000: [9, 10, 26, 35, 13, 8, 3, 5, 2, 9, 2, 2, 5, 2, 2]
5225000: [9, 9, 25, 33, 2, 13, 3, 4, 6, 2, 2, 9, 7, 2, 2, 5, 2, 3]
5230000: [10, 11, 2, 2, 29, 2, 2, 24, 13, 2, 2, 2, 2, 5, 3, 10, 2, 7, 2, 6, 3, 2, 2]
5235000: [9, 12, 28, 12, 19, 2, 5, 6, 2, 10, 6, 6, 2, 3, 2]
5240000: [9, 11, 19, 30, 2, 13, 2, 4, 6, 10, 7, 5, 2, 3, 2, 2]
5245000: [13, 8, 11, 20, 30, 2, 2, 8, 3, 2, 8, 10, 6, 2, 3, 3, 2, 2]
5250000: [14, 3, 9, 12, 19, 35, 2, 2, 2, 2, 7, 2, 12, 3, 8, 2, 6, 2, 4, 3, 2]
5255000: [12, 10, 13, 37, 20, 3, 7, 13, 3, 8, 6, 2, 5, 2, 2]
5260000: [13, 15, 39, 18, 10, 2, 7, 6, 2, 11, 3, 8, 2, 4, 2, 2, 2, 2]
5265000: [12, 15, 36, 20, 2, 2, 5, 6, 12, 12, 4, 8, 2, 2, 2, 2, 3, 2]
5270000: [13, 13, 36, 21, 2, 2, 4, 5, 12, 12, 4, 2, 9, 2, 3, 2, 2, 2, 2, 2]
5275000: [14, 11, 35, 19, 5, 8, 2, 11, 3, 2, 6, 3, 12, 2]
5280000: [14, 9, 35, 20, 2, 5, 9, 11, 2, 2, 4, 4, 5, 9, 2, 2, 2, 2, 2]
5285000: [12, 9, 38, 21, 2, 2, 5, 8, 13, 2, 3, 5, 10, 4, 3, 2]
5290000: [10, 9, 9, 35, 20, 13, 2, 3, 5, 9, 2, 5, 2, 3, 2, 2, 2]
5295000: [10, 9, 9, 32, 20, 3, 3, 12, 3, 8, 2, 2, 7, 4, 2, 2, 2, 2]
5300000: [9, 8, 9, 31, 22, 2, 2, 14, 4, 7, 8, 2, 2, 2, 3, 2]
5305000: [9, 8, 8, 29, 21, 13, 3, 4, 8, 2, 2, 7, 2, 4, 3, 2, 2, 2]
5310000: [10, 7, 31, 13, 22, 8, 2, 3, 2, 5, 6, 7, 4, 3, 2, 2]
5315000: [9, 11, 25, 8, 2, 2, 3, 2, 2, 4, 8, 29, 5, 2, 8, 2, 2, 2, 2]
5320000: [7, 2, 14, 24, 9, 2, 2, 2, 2, 5, 10, 29, 2, 4, 2, 3, 7, 2, 2, 2, 2]
5325000: [9, 3, 15, 24, 7, 2, 2, 2, 2, 12, 9, 26, 4, 2, 2, 2, 2]
5330000: [9, 3, 5, 7, 18, 3, 12, 11, 2, 2, 8, 4, 2, 24, 5, 2, 2, 2, 2, 2, 2]
5335000: [8, 23, 7, 19, 4, 12, 4, 2, 8, 2, 5, 14, 3, 2, 2, 2, 2, 2]
5340000: [7, 27, 9, 19, 12, 3, 2, 9, 5, 3, 3, 12, 3, 2, 2, 2, 2, 2]
5345000: [8, 30, 6, 2, 21, 12, 4, 8, 2, 5, 2, 2, 4, 11, 2, 2, 2, 2]
5350000: [8, 31, 10, 12, 24, 3, 7, 5, 4, 10, 2, 2, 2, 2, 2, 2, 2]
5355000: [2, 10, 28, 9, 12, 23, 2, 4, 2, 6, 7, 8, 2, 9, 2, 2, 2, 2, 2]
5360000: [2, 10, 29, 10, 14, 23, 5, 8, 5, 8, 4, 2, 2, 3, 2, 4, 2, 3]
5365000: [8, 31, 9, 13, 2, 23, 2, 5, 8, 6, 2, 7, 5, 2, 2, 3, 2, 2, 4, 2]
5370000: [7, 28, 9, 4, 20, 11, 5, 5, 8, 7, 2, 3, 9, 2, 3, 2, 3, 2, 2]
5375000: [9, 27, 12, 2, 2, 2, 11, 7, 7, 20, 2, 10, 5, 2, 2, 2, 3, 2, 2, 2, 2]
5380000: [11, 2, 32, 12, 2, 2, 9, 7, 7, 19, 2, 5, 10, 5, 2, 2, 2, 2, 2, 2]
5385000: [11, 10, 22, 2, 27, 11, 3, 2, 2, 3, 6, 7, 11, 2, 5, 2, 2, 4, 3, 2, 2, 3]
5390000: [11, 13, 6, 26, 3, 24, 10, 4, 2, 4, 5, 2, 12, 2, 2, 2, 6, 3, 2, 4, 2]
5395000: [12, 13, 5, 24, 20, 9, 5, 2, 3, 5, 10, 2, 2, 2, 6, 3, 2, 2, 2, 3, 2, 2]
5400000: [11, 13, 6, 9, 5, 4, 21, 23, 5, 12, 2, 2, 3, 6, 3, 3, 2, 2, 2, 2]
5405000: [11, 12, 7, 9, 5, 2, 20, 2, 22, 4, 6, 11, 6, 3, 3, 3, 3, 2, 2]
5410000: [10, 13, 7, 10, 4, 24, 20, 4, 2, 10, 5, 2, 2, 2, 2, 6, 2, 2, 3, 2, 2, 3, 2]
5415000: [11, 15, 8, 2, 3, 23, 26, 11, 6, 4, 10, 5, 2, 2, 2, 2, 2, 2, 3, 2, 2]
5420000: [10, 13, 10, 5, 2, 23, 13, 3, 23, 7, 4, 5, 2, 3, 2, 2, 2]
5425000: [9, 12, 11, 4, 18, 2, 26, 11, 7, 2, 3, 2, 4, 3, 2, 4, 4, 2, 2]
5430000: [10, 13, 2, 17, 2, 12, 29, 7, 11, 2, 2, 2, 2, 3, 2, 2, 2, 3]
5435000: [10, 12, 3, 5, 17, 13, 27, 8, 3, 11, 3, 2, 4, 2, 2, 2, 2, 2]
5440000: [13, 11, 18, 3, 14, 28, 3, 7, 2, 10, 2, 2, 2, 5]
5445000: [13, 11, 2, 2, 32, 20, 14, 2, 9, 3, 9, 2, 2, 4, 2, 2]
5450000: [14, 11, 3, 2, 31, 2, 20, 2, 3, 9, 9, 2, 11, 3, 2, 4, 2, 2, 2]
5455000: [14, 13, 2, 2, 33, 2, 18, 12, 11, 8, 2, 2, 2, 3, 3, 2, 2, 2, 3, 2, 2]
5460000: [14, 2, 38, 22, 2, 13, 2, 10, 12, 8, 3, 4, 2, 2, 3, 2, 3, 2, 2, 2]
5465000: [15, 2, 33, 19, 2, 9, 14, 3, 9, 11, 4, 4, 3, 2, 2, 2]
5470000: [15, 35, 22, 9, 14, 2, 9, 2, 10, 2, 5, 2, 3, 2, 3]
5475000: [13, 36, 21, 10, 13, 2, 9, 10, 2, 3, 2, 2]
5480000: [2, 36, 10, 11, 15, 13, 21, 2, 8, 2, 2, 2, 2, 3]
5485000: [2, 34, 12, 12, 2, 14, 13, 25, 2, 2, 6, 2, 2, 2, 2, 4, 2, 2, 2, 2]
5490000: [2, 33, 10, 11, 4, 2, 2, 15, 15, 23, 3, 7, 2, 2, 2, 2, 3, 2, 2, 2]
5495000: [24, 2, 32, 12, 10, 4, 14, 13, 3, 10, 3, 2, 3, 2, 2]
5500000: [24, 2, 32, 11, 14, 6, 16, 13, 9, 3, 3, 2, 2, 2, 2]
5505000: [21, 32, 2, 11, 14, 7, 15, 11, 10, 3, 2, 2, 2, 3]
5510000: [2, 22, 33, 10, 11, 2, 14, 11, 11, 3, 7, 2, 2, 2, 2, 2, 2, 3, 2]
5515000: [21, 3, 37, 12, 9, 3, 17, 11, 11, 3, 5, 2, 2, 3, 3, 4, 2, 3]
5520000: [22, 31, 14, 2, 8, 19, 11, 10, 2, 2, 3, 6, 2, 3, 2, 2, 2, 3, 2, 2, 3]
5525000: [21, 28, 16, 2, 3, 8, 19, 10, 10, 6, 2, 5, 2, 2, 2, 2, 2, 3, 2, 3]
5530000: [20, 26, 3, 2, 2, 9, 19, 11, 10, 14, 6, 5, 2, 2, 4, 2, 2, 2, 2, 2]
5535000: [20, 29, 10, 17, 2, 11, 9, 3, 14, 4, 2, 5, 3, 2, 2, 2, 3, 2, 2, 2, 4]
5540000: [23, 29, 2, 3, 2, 11, 16, 9, 2, 7, 3, 10, 3, 3, 6, 4, 2, 2, 4]
5545000: [23, 29, 11, 2, 11, 15, 10, 10, 2, 2, 6, 2, 4, 2, 2, 5, 2, 2]
5550000: [3, 32, 10, 2, 7, 10, 16, 2, 21, 2, 11, 10, 5, 2, 3, 4, 2, 2, 3]
5555000: [28, 10, 7, 10, 17, 21, 7, 11, 7, 2, 4, 2, 3, 3, 2, 2]
5560000: [32, 2, 10, 5, 7, 19, 18, 8, 12, 7, 4, 2, 2, 2, 2]
5565000: [2, 32, 5, 2, 8, 19, 8, 18, 3, 11, 8, 2, 2, 2, 2, 3]
5570000: [33, 2, 24, 19, 7, 2, 9, 10, 7, 4, 3, 2, 2, 2, 2, 2]
5575000: [35, 24, 18, 8, 10, 3, 9, 8, 4, 2, 2, 2, 2, 2]
5580000: [38, 4, 25, 2, 15, 9, 2, 2, 3, 8, 9, 11, 5, 2, 2]
5585000: [37, 4, 22, 2, 10, 2, 10, 4, 3, 2, 10, 9, 14, 2, 4, 2, 2, 2]
5590000: [38, 2, 10, 2, 24, 11, 12, 2, 2, 8, 2, 13, 3, 4, 2, 3, 2]
5595000: [33, 2, 10, 24, 3, 11, 10, 4, 2, 2, 10, 15, 3, 2]
5600000: [32, 2, 12, 11, 26, 2, 2, 9, 2, 2, 10, 2, 14, 3, 2, 2, 2, 2, 2, 2, 4, 2]
5605000: [33, 13, 9, 30, 3, 3, 11, 6, 2, 2, 11, 14, 2, 2, 2, 2, 2]
5610000: [29, 11, 13, 6, 31, 3, 2, 2, 3, 2, 10, 13, 4, 2, 2, 2, 2, 2, 2, 2, 4]
5615000: [30, 11, 11, 8, 10, 29, 2, 2, 2, 4, 3, 2, 2, 2, 13, 3, 4, 2, 2, 3, 2, 3]
5620000: [29, 10, 2, 6, 11, 8, 8, 32, 2, 4, 2, 2, 4, 3, 2, 11, 2, 2, 2, 2, 2, 2, 4, 2, 3, 2]
5625000: [30, 7, 2, 7, 13, 8, 9, 28, 4, 6, 2, 12, 2, 2, 3, 2, 6, 2, 2, 2, 2, 4]
5630000: [30, 8, 6, 8, 9, 25, 4, 2, 4, 4, 13, 2, 13, 2, 5, 2, 3, 3]
5635000: [30, 7, 9, 9, 8, 24, 3, 2, 4, 4, 14, 13, 5, 2, 3, 2, 2]
5640000: [30, 6, 4, 6, 10, 25, 8, 4, 13, 11, 5, 2, 2, 2, 3, 3, 2, 2]
5645000: [31, 7, 5, 5, 9, 23, 9, 4, 2, 2, 15, 12, 4, 5, 2, 2, 2, 2, 2]
5650000: [35, 7, 6, 4, 12, 22, 9, 5, 17, 2, 11, 6, 4, 2]
5655000: [40, 7, 14, 6, 12, 23, 2, 15, 3, 2, 2, 11, 2, 5, 4, 2, 2, 2, 2]
5660000: [38, 8, 15, 7, 10, 27, 2, 2, 3, 12, 2, 2, 12, 7, 2, 2, 2, 2]
5665000: [34, 8, 18, 2, 8, 8, 28, 11, 2, 13, 7, 3, 2, 2, 2, 2, 2, 2]
5670000: [37, 10, 20, 2, 7, 8, 26, 2, 2, 11, 2, 2, 2, 2, 13, 6, 4, 3, 2, 2]
5675000: [37, 10, 19, 26, 2, 2, 11, 5, 5, 2, 13, 6, 5, 2, 2, 2]
5680000: [36, 11, 18, 2, 27, 2, 11, 5, 6, 14, 7, 4, 2, 2]
5685000: [35, 11, 17, 9, 29, 2, 4, 11, 5, 6, 12, 3, 2, 2]
5690000: [34, 10, 17, 2, 8, 29, 2, 3, 2, 10, 9, 4, 13, 2, 3, 2, 2, 3]
5695000: [29, 11, 19, 7, 30, 2, 2, 11, 2, 5, 15, 6, 2, 3, 2, 2]
5700000: [10, 18, 7, 30, 30, 12, 3, 4, 14, 8, 2, 3, 3, 2]
5705000: [11, 18, 6, 29, 28, 10, 7, 2, 3, 14, 8, 2, 4, 2, 2, 2, 2, 2]
5710000: [12, 16, 3, 7, 31, 29, 9, 2, 12, 3, 2, 8, 6, 2, 3, 2, 2, 2, 2, 4, 2, 2]
5715000: [12, 16, 2, 6, 37, 29, 2, 3, 8, 2, 13, 9, 3, 4, 2, 3, 2, 2, 2]
5720000: [4, 12, 14, 5, 27, 11, 2, 3, 4, 34, 2, 6, 2, 13, 2, 3, 2, 2, 2, 2, 2, 2, 2]
5725000: [4, 10, 16, 5, 28, 7, 6, 3, 5, 34, 2, 13, 3, 2, 2, 2, 2, 2]
5730000: [12, 16, 4, 29, 8, 7, 6, 31, 2, 13, 2, 2, 3, 2, 3, 2, 2]
5735000: [12, 15, 4, 26, 7, 5, 5, 29, 14, 2, 2, 4, 3, 2, 2, 2, 2, 2, 2]
5740000: [11, 15, 24, 7, 5, 6, 26, 2, 15, 2, 4, 2, 3, 2, 2]
5745000: [15, 24, 6, 5, 26, 2, 4, 10, 14, 2, 3, 2, 2, 3, 2, 2, 2, 2, 2]
5750000: [16, 6, 29, 22, 5, 3, 4, 11, 13, 2, 5, 2, 2, 2]
5755000: [15, 9, 30, 22, 6, 4, 13, 9, 5, 2, 2, 2, 2]
5760000: [15, 9, 28, 22, 6, 8, 2, 5, 2, 15, 2, 10, 2, 2, 2, 2]
5765000: [15, 2, 8, 25, 20, 8, 2, 2, 2, 2, 2, 2, 15, 5, 9, 9, 2, 2, 2]
5770000: [2, 15, 9, 27, 20, 10, 6, 16, 2, 5, 2, 2, 9, 3, 2, 2]
5775000: [2, 14, 10, 29, 21, 11, 6, 15, 3, 5, 3, 2, 9, 3, 3, 2, 2]
5780000: [3, 14, 10, 30, 22, 12, 7, 2, 14, 2, 2, 5, 2, 2, 2, 2, 2, 8, 2, 2, 2, 2, 2, 2]
5785000: [11, 13, 30, 20, 10, 3, 15, 2, 6, 2, 7, 8, 2, 2, 2, 2, 3, 2]
5790000: [13, 9, 2, 31, 18, 13, 4, 13, 2, 6, 2, 6, 8, 2, 3, 2, 3, 2, 2, 2]
5795000: [13, 35, 3, 9, 14, 14, 13, 2, 5, 2, 2, 5, 8, 2, 2, 3, 2, 2, 2]
5800000: [13, 35, 8, 11, 16, 2, 13, 2, 2, 8, 4, 9, 5, 3, 2, 2, 2]
5805000: [13, 2, 8, 37, 11, 15, 12, 3, 3, 2, 2, 2, 9, 4, 6, 7, 2, 2, 2]
5810000: [12, 2, 37, 9, 13, 12, 3, 4, 4, 2, 8, 7, 6, 5, 6, 2, 2, 2, 2]
5815000: [12, 9, 14, 12, 2, 36, 2, 2, 5, 4, 2, 9, 7, 7, 2, 5, 2]
5820000: [11, 2, 5, 9, 14, 12, 35, 2, 6, 2, 4, 9, 8, 10, 2, 2, 2, 2, 2, 2, 3, 2]
5825000: [14, 6, 10, 15, 14, 31, 3, 3, 5, 2, 4, 5, 2, 8, 7, 3, 8, 2, 2, 2, 2, 2, 3]
5830000: [14, 6, 8, 12, 15, 29, 12, 2, 5, 2, 3, 5, 2, 2, 4, 2, 8, 8, 2, 2, 2, 2, 3, 3]
5835000: [13, 16, 6, 8, 14, 32, 12, 2, 5, 6, 3, 4, 2, 9, 7, 2, 2, 2, 3]
5840000: [14, 2, 16, 4, 9, 32, 14, 5, 2, 12, 3, 4, 7, 7, 2, 3, 4, 2, 2, 2, 2]
5845000: [14, 10, 37, 15, 4, 2, 14, 2, 10, 3, 3, 3, 2, 6, 6, 6, 2, 3, 3]
5850000: [16, 10, 34, 2, 21, 4, 2, 15, 2, 11, 2, 4, 3, 8, 2, 6, 4, 2, 2, 2]
5855000: [17, 20, 8, 35, 7, 7, 14, 2, 12, 2, 3, 9, 2, 2, 5, 2, 2]
5860000: [15, 19, 36, 5, 7, 8, 13, 12, 2, 2, 9, 7]
5865000: [14, 22, 37, 5, 7, 15, 9, 3, 12, 11, 3, 2, 4, 3, 2, 2]
5870000: [13, 22, 31, 6, 5, 15, 10, 12, 3, 9, 2, 5, 2, 2, 2, 3]
5875000: [12, 2, 22, 32, 8, 7, 2, 2, 15, 10, 11, 9, 2, 2, 6, 2, 4, 2, 2]
5880000: [11, 21, 31, 5, 15, 6, 10, 9, 10, 2, 2, 2, 3, 2, 4, 2, 2, 2, 2, 2, 2, 2, 2]
5885000: [9, 2, 24, 28, 4, 17, 8, 12, 11, 2, 9, 2, 6, 2, 2, 2, 2]
5890000: [11, 21, 30, 3, 20, 7, 13, 10, 2, 7, 3, 6, 2, 2, 3, 2]
5895000: [13, 21, 25, 4, 17, 10, 11, 2, 6, 13, 2, 2, 5, 2, 2, 2, 2, 2, 2, 3, 3]
5900000: [12, 22, 23, 4, 18, 8, 7, 11, 2, 7, 2, 7, 4, 2, 2]
5905000: [11, 21, 20, 2, 4, 17, 10, 6, 12, 2, 2, 8, 5, 2, 2, 2, 2]
5910000: [11, 24, 25, 4, 16, 2, 7, 11, 8, 3, 2, 2, 6, 3, 2, 6, 2, 2, 2, 4]
5915000: [11, 22, 26, 5, 15, 6, 10, 9, 3, 2, 2, 2, 5, 5, 3, 2, 2, 2, 2, 2]
5920000: [10, 8, 19, 27, 15, 6, 3, 9, 7, 5, 2, 3, 5, 5, 2, 2, 2, 2, 2, 3, 2, 2]
5925000: [10, 10, 19, 26, 11, 6, 10, 7, 6, 3, 2, 3, 5, 2, 3, 3, 2]
5930000: [8, 10, 20, 27, 10, 2, 6, 10, 2, 2, 5, 2, 3, 3, 3, 5, 2, 2, 3, 5, 2, 2]
5935000: [10, 10, 33, 9, 17, 7, 2, 10, 4, 7, 2, 2, 2, 2, 2, 5, 2, 2]
5940000: [9, 8, 37, 12, 13, 9, 12, 2, 2, 3, 3, 6, 4, 2]
5945000: [13, 7, 36, 13, 2, 12, 14, 7, 2, 3, 3, 4, 2, 2, 2, 2, 2, 2]
5950000: [27, 7, 37, 13, 13, 6, 3, 2, 3, 3, 2, 2, 5, 4, 3, 2, 3]
5955000: [9, 3, 30, 13, 2, 20, 12, 3, 2, 2, 4, 5, 4, 5, 4, 2, 3, 2]
5960000: [29, 3, 33, 12, 3, 2, 11, 4, 2, 3, 2, 3, 3, 2, 3, 4, 2, 2, 2]
5965000: [31, 4, 34, 14, 2, 3, 10, 4, 2, 3, 2, 3, 3, 2, 2, 2, 2, 2, 2, 2, 3]
5970000: [28, 3, 32, 13, 3, 8, 2, 5, 5, 5, 2, 2, 4, 4, 2, 2, 2, 6, 3, 2]
5975000: [28, 2, 32, 11, 5, 2, 9, 2, 6, 5, 3, 2, 3, 3, 2, 2, 2, 4, 2, 2, 2]
5980000: [25, 3, 34, 9, 6, 4, 9, 6, 7, 2, 2, 6, 3, 2, 2, 2, 3, 2, 2, 2, 2, 2]
5985000: [25, 4, 38, 9, 5, 3, 4, 12, 5, 9, 6, 3, 2, 2, 2, 2, 2, 2, 2, 3, 2, 2]
5990000: [5, 42, 10, 26, 7, 3, 10, 9, 2, 9, 2, 2, 6, 2, 3, 3, 2]
5995000: [44, 4, 10, 27, 8, 2, 8, 2, 2, 8, 2, 3, 8, 5, 2, 3, 2]
6000000: [43, 3, 12, 9, 28, 3, 7, 2, 9, 2, 2, 8, 5, 2, 2, 2, 2]
6005000: [38, 3, 10, 7, 32, 3, 7, 2, 2, 10, 2, 9, 5, 2, 2, 2, 2, 3]
6010000: [38, 3, 13, 8, 29, 3, 6, 7, 2, 2, 9, 2, 2, 2, 8, 2, 2, 2, 2]
6015000: [40, 4, 12, 2, 7, 31, 2, 6, 2, 3, 6, 2, 3, 10, 3, 2, 8, 2, 2, 2, 2]
6020000: [41, 12, 4, 29, 8, 2, 4, 3, 6, 2, 3, 3, 2, 9, 2, 3, 2, 9, 2, 2, 2, 2, 2, 2]
6025000: [45, 2, 14, 2, 29, 7, 3, 2, 3, 6, 3, 2, 2, 9, 2, 2, 8, 2, 3, 2, 3, 2]
6030000: [47, 3, 15, 2, 28, 4, 3, 6, 3, 2, 9, 8, 3, 3, 2, 2]
6035000: [46, 5, 4, 16, 2, 28, 2, 8, 5, 2, 2, 2, 2, 4, 11, 2, 2, 8, 2, 2, 2, 2]
6040000: [41, 5, 6, 4, 2, 8, 5, 28, 2, 2, 3, 16, 4, 11, 3, 9, 2]
6045000: [40, 5, 6, 6, 3, 10, 2, 24, 3, 2, 2, 15, 9, 2, 9, 4, 2, 4, 2, 2]
6050000: [25, 37, 6, 6, 2, 8, 2, 2, 3, 13, 2, 8, 2, 7, 2, 8, 4, 2]
6055000: [29, 6, 6, 8, 3, 4, 12, 36, 2, 8, 3, 7, 2, 2, 8, 2, 2, 2, 3, 2]
6060000: [25, 5, 7, 6, 8, 3, 12, 2, 39, 4, 4, 3, 2, 2, 4, 2, 2, 7, 2, 2, 2, 2, 2]
6065000: [6, 5, 23, 7, 9, 3, 2, 2, 12, 41, 2, 2, 4, 4, 3, 6, 7, 3, 3]
6070000: [6, 5, 23, 5, 9, 10, 35, 2, 2, 7, 4, 5, 2, 8, 2, 3, 2, 2]
6075000: [9, 8, 27, 4, 2, 4, 8, 35, 2, 12, 3, 2, 6, 7, 3, 2, 2, 2, 2, 2]
6080000: [9, 7, 21, 3, 5, 8, 34, 12, 3, 5, 5, 9, 7, 2, 2, 4, 2, 3, 2]
6085000: [9, 4, 14, 6, 39, 8, 2, 24, 6, 3, 8, 9, 6, 2, 2, 4, 2, 2, 2, 2, 2]
6090000: [10, 7, 3, 12, 7, 36, 7, 2, 20, 7, 8, 6, 2, 2, 2, 2, 2, 3, 3, 2, 2, 2]
6095000: [2, 13, 6, 6, 13, 8, 36, 2, 9, 19, 2, 8, 8, 2, 2, 2, 3, 4, 2, 2, 4]
6100000: [13, 8, 5, 16, 6, 36, 2, 21, 2, 8, 7, 8, 3, 4, 2, 2, 2, 4, 2, 3]
6105000: [5, 5, 33, 8, 8, 19, 16, 3, 2, 7, 6, 2, 4, 12, 3, 2, 5, 2, 3, 2]
6110000: [8, 6, 5, 33, 9, 3, 20, 3, 2, 6, 16, 2, 2, 15, 7, 3, 2, 4, 3, 2, 2]
6115000: [8, 24, 6, 30, 9, 10, 6, 16, 4, 2, 2, 15, 2, 4, 2, 2, 4, 2, 2, 2, 2]
6120000: [6, 7, 20, 7, 30, 7, 10, 2, 16, 7, 4, 3, 13, 2, 5, 3, 3, 2, 2]
6125000: [2, 8, 7, 19, 8, 28, 5, 10, 3, 15, 7, 6, 2, 13, 2, 3, 2, 3, 3, 3]
6130000: [9, 8, 17, 6, 25, 7, 14, 7, 7, 2, 14, 2, 2, 2, 2, 2, 8, 3, 3, 2]
6135000: [8, 9, 19, 5, 27, 2, 12, 7, 8, 12, 9, 6, 2, 6, 2, 2, 2]
6140000: [7, 31, 2, 2, 3, 8, 22, 5, 11, 7, 8, 13, 2, 5, 3, 2, 6, 8, 2]
6145000: [32, 9, 22, 5, 8, 6, 2, 7, 8, 2, 2, 6, 14, 3, 12, 2, 2, 7, 2, 3, 2]
6150000: [31, 2, 9, 19, 5, 7, 4, 8, 7, 2, 2, 8, 13, 12, 4, 6, 2]
6155000: [28, 20, 3, 7, 2, 4, 13, 7, 8, 7, 7, 13, 4, 7, 3]
6160000: [30, 20, 3, 3, 2, 11, 2, 6, 9, 7, 9, 2, 14, 6, 4, 3, 2, 8]
6165000: [29, 24, 2, 2, 2, 3, 12, 6, 7, 8, 8, 2, 2, 2, 15, 3, 6, 2, 3, 8, 2]
6170000: [32, 2, 23, 4, 2, 2, 2, 3, 12, 8, 8, 8, 7, 2, 9, 16, 4, 2, 2, 2, 2, 2]
6175000: [32, 3, 22, 4, 2, 3, 7, 12, 4, 8, 6, 9, 2, 4, 14, 5, 2, 2, 2, 2]
6180000: [25, 30, 13, 2, 3, 9, 9, 14, 9, 8, 2, 5, 2, 4, 2, 2, 2]
6185000: [24, 26, 13, 10, 2, 12, 2, 3, 10, 7, 8, 4, 3, 5, 2, 2, 2, 2, 2]
6190000: [25, 12, 2, 26, 2, 9, 12, 5, 9, 10, 10, 4, 2, 2, 3, 3, 6, 2, 2, 3, 2]
6195000: [12, 2, 26, 26, 7, 12, 2, 10, 10, 4, 7, 4, 2, 6, 2, 2, 2, 2]
6200000: [7, 32, 25, 8, 2, 12, 11, 11, 4, 12, 7, 2, 4, 2, 2, 2]
6205000: [35, 26, 8, 2, 12, 7, 13, 13, 10, 4, 6, 2, 2, 2, 2, 2]
6210000: [24, 33, 9, 4, 2, 11, 7, 11, 14, 8, 2, 4, 7, 2, 2, 2, 2, 2]
6215000: [24, 32, 7, 9, 7, 7, 13, 12, 9, 5, 2, 2, 4, 2, 2, 2]
6220000: [24, 2, 31, 10, 2, 9, 8, 6, 2, 13, 11, 9, 2, 5, 5, 2, 2]
6225000: [23, 31, 9, 11, 10, 2, 8, 2, 14, 2, 14, 9, 3, 3, 2, 2, 7, 4, 2, 2]
6230000: [19, 8, 16, 10, 12, 31, 7, 12, 9, 4, 2, 7, 6, 2, 2]
6235000: [21, 12, 18, 10, 26, 2, 7, 13, 2, 6, 2, 2, 3, 8, 7, 7, 4, 2, 2]
6240000: [23, 13, 18, 11, 27, 11, 2, 2, 2, 3, 7, 6, 2, 2, 8, 6, 4, 7, 2, 2]
6245000: [27, 14, 3, 17, 11, 12, 31, 9, 2, 7, 9, 6, 2, 2, 7, 2, 2]
6250000: [26, 14, 2, 2, 18, 10, 30, 11, 2, 6, 9, 7, 6, 2, 2, 7]
6255000: [25, 13, 11, 21, 9, 30, 9, 2, 2, 6, 2, 4, 2, 6, 2, 11, 3]
6260000: [22, 15, 11, 21, 10, 8, 27, 3, 9, 2, 2, 6, 4, 2, 2, 9, 2]
6265000: [21, 13, 2, 13, 8, 9, 21, 4, 7, 25, 2, 5, 4, 3, 2, 7]
6270000: [11, 13, 10, 11, 20, 19, 3, 6, 23, 3, 5, 3, 7, 2, 2, 6]
6275000: [12, 8, 12, 8, 19, 19, 2, 7, 24, 6, 3, 7, 2, 2, 5]
6280000: [11, 12, 10, 18, 20, 7, 25, 7, 2, 2, 6, 2, 7, 2, 5]
6285000: [2, 12, 13, 10, 18, 23, 2, 7, 24, 8, 4, 2, 7, 2, 6]
6290000: [25, 11, 15, 10, 18, 28, 2, 7, 2, 2, 7, 2, 5, 8, 2, 7]
6295000: [9, 18, 27, 9, 16, 28, 6, 2, 8, 2, 2, 6, 3, 4, 2, 11, 2, 2, 2]
6300000: [10, 26, 19, 9, 16, 30, 6, 2, 8, 6, 6, 4, 11, 2, 2]
6305000: [8, 2, 24, 21, 2, 14, 35, 8, 8, 4, 9, 3, 2, 11, 2, 2]
6310000: [2, 7, 10, 23, 19, 14, 2, 35, 2, 8, 4, 3, 11, 6, 2, 3]
6315000: [8, 11, 24, 18, 14, 29, 9, 5, 4, 3, 10, 6, 3, 4, 2]
6320000: [7, 12, 22, 17, 14, 6, 28, 8, 6, 3, 9, 3, 8, 3]
6325000: [7, 13, 21, 15, 15, 26, 9, 4, 5, 2, 2, 8, 7, 2, 2, 2, 2, 2, 3]
6330000: [9, 14, 22, 14, 2, 18, 26, 8, 2, 2, 2, 3, 9, 6, 2, 3, 6, 2]
6335000: [26, 8, 21, 14, 15, 2, 8, 7, 3, 2, 3, 2, 8, 10, 6, 2, 2]
6340000: [30, 2, 7, 20, 14, 2, 12, 2, 8, 2, 10, 3, 7, 3, 3, 10, 5, 2, 2, 2, 2, 2, 2]
6345000: [30, 2, 8, 2, 13, 12, 2, 7, 2, 13, 20, 3, 7, 4, 2, 7, 3, 2, 4]
6350000: [10, 32, 11, 14, 7, 20, 2, 6, 4, 6, 2, 12, 2, 8, 2, 3]
6355000: [2, 32, 11, 6, 11, 14, 15, 2, 6, 21, 6, 4, 2, 2, 2, 2, 9, 2, 2, 2]
6360000: [11, 30, 2, 13, 15, 5, 2, 2, 17, 15, 8, 2, 6, 2, 2, 9, 3, 4]
6365000: [11, 30, 12, 2, 14, 4, 9, 5, 2, 17, 13, 6, 6, 11, 2, 2, 2, 2]
6370000: [26, 2, 11, 14, 9, 4, 11, 2, 9, 19, 13, 3, 7, 2, 2, 6, 2]
6375000: [2, 16, 12, 2, 27, 9, 5, 9, 3, 9, 18, 11, 2, 5, 3, 2, 8, 2, 2, 2, 2]
6380000: [19, 12, 28, 8, 5, 2, 8, 3, 8, 2, 2, 19, 11, 5, 2, 2, 6, 2, 3, 2, 2]
6385000: [13, 3, 28, 16, 8, 7, 8, 8, 18, 9, 6, 2, 5, 2]
6390000: [14, 11, 2, 15, 29, 6, 2, 10, 9, 7, 18, 3, 4, 2, 3, 3]
6395000: [15, 10, 2, 16, 30, 5, 9, 10, 9, 18, 2, 4, 2, 2, 2, 3, 2, 2]
6400000: [13, 16, 12, 2, 28, 6, 9, 7, 20, 4, 4, 8, 2, 2, 2]
6405000: [3, 13, 14, 14, 2, 2, 26, 7, 20, 6, 3, 7, 4, 8, 2, 2, 2, 2, 2]
6410000: [12, 13, 15, 33, 6, 19, 2, 5, 6, 8, 4, 2, 9, 2, 2]
6415000: [6, 9, 15, 12, 30, 2, 8, 3, 20, 5, 6, 10, 3, 8, 2, 2, 2]
6420000: [7, 12, 16, 14, 2, 3, 29, 2, 4, 19, 6, 6, 10, 2, 6, 2, 2, 2, 3, 2]
6425000: [7, 13, 13, 28, 4, 19, 14, 9, 5, 12, 2, 2, 2, 5, 2, 3, 3, 3, 2, 2]
6430000: [6, 9, 14, 12, 30, 4, 17, 2, 11, 5, 10, 2, 3, 2, 3, 2, 3, 2, 3]
6435000: [5, 11, 12, 15, 14, 28, 5, 18, 5, 9, 5, 4, 3, 2, 2, 4, 2]
6440000: [6, 11, 14, 12, 15, 26, 5, 15, 2, 2, 9, 5, 3, 2, 3, 5, 2, 2]
6445000: [2, 3, 12, 14, 12, 15, 24, 4, 4, 14, 4, 10, 2, 4, 6, 5, 2, 3, 2]
6450000: [4, 10, 11, 13, 13, 23, 5, 14, 2, 8, 5, 4, 5, 3, 3]
6455000: [5, 9, 2, 14, 13, 24, 5, 14, 8, 3, 2, 11, 2, 4, 4, 3, 5, 2, 2, 2, 3, 2]
6460000: [8, 11, 3, 12, 13, 26, 5, 10, 13, 2, 13, 2, 2, 4, 5, 2, 2, 4, 2, 4, 2, 3]
6465000: [8, 10, 4, 2, 12, 13, 27, 5, 2, 9, 13, 14, 2, 3, 4, 5, 2, 3, 4]
6470000: [11, 7, 8, 3, 12, 30, 3, 12, 15, 2, 16, 4, 2, 3, 4, 2, 2, 2, 4, 2, 2, 3, 2]
6475000: [12, 6, 8, 3, 11, 30, 4, 13, 14, 3, 4, 15, 3, 4, 2, 4, 3, 2, 2]
6480000: [12, 7, 10, 3, 13, 11, 31, 3, 14, 14, 3, 2, 3, 4, 3, 4, 3]
6485000: [11, 7, 11, 13, 10, 31, 4, 14, 14, 5, 2, 2, 2, 4, 2, 2, 2, 4, 3, 2]
6490000: [12, 7, 9, 13, 11, 35, 3, 14, 2, 14, 3, 3, 4, 4, 2]
6495000: [11, 5, 10, 2, 16, 29, 2, 15, 12, 3, 3, 3, 10, 4, 4, 2]
6500000: [12, 7, 2, 2, 16, 2, 32, 9, 15, 14, 2, 3, 2, 5, 2, 8, 4, 3, 4]
6505000: [9, 12, 16, 2, 30, 10, 14, 2, 15, 3, 2, 5, 9, 3, 6, 2]
6510000: [8, 19, 5, 11, 17, 2, 15, 31, 10, 2, 2, 2, 2, 4, 10, 6]
6515000: [2, 9, 20, 12, 6, 10, 18, 2, 16, 30, 2, 8, 2, 11, 2]
6520000: [2, 8, 22, 12, 18, 5, 8, 3, 2, 15, 29, 8, 2, 2, 11, 2, 2]
6525000: [2, 7, 23, 11, 17, 5, 10, 11, 2, 16, 31, 2, 2, 2, 2, 10, 2, 3]
6530000: [2, 7, 21, 14, 17, 5, 29, 11, 2, 15, 2, 8, 5, 2, 9, 2]
6535000: [2, 15, 5, 35, 9, 16, 3, 14, 2, 20, 2, 7, 8, 5, 3, 7]
6540000: [2, 12, 23, 6, 2, 35, 10, 16, 10, 2, 8, 2, 2, 8, 4, 3, 2, 2, 2, 8]
6545000: [2, 2, 11, 25, 5, 2, 35, 17, 10, 10, 7, 2, 2, 2, 5, 3, 2, 7, 2, 2]
6550000: [26, 9, 4, 33, 7, 9, 10, 13, 2, 2, 2, 2, 3, 5, 2, 2, 8, 2]
6555000: [24, 9, 15, 3, 2, 2, 32, 11, 10, 3, 2, 9, 4, 2, 2, 4, 7, 2]
6560000: [27, 12, 13, 3, 2, 31, 8, 2, 8, 2, 5, 8, 10, 4, 6]
6565000: [23, 12, 15, 3, 2, 12, 28, 9, 3, 7, 2, 9, 2, 2, 2, 6, 2, 2, 2]
6570000: [21, 11, 18, 4, 2, 11, 28, 2, 2, 9, 4, 12, 5, 2, 2, 2, 5]
6575000: [20, 11, 15, 4, 3, 12, 28, 6, 10, 4, 2, 2, 9, 5, 2, 3, 2]
6580000: [24, 9, 9, 4, 3, 12, 28, 4, 2, 3, 12, 10, 2, 7, 2]
6585000: [25, 3, 9, 6, 2, 3, 12, 27, 13, 2, 4, 4, 8, 13, 2, 2, 2, 6, 2, 2, 2]
6590000: [22, 10, 9, 8, 3, 13, 12, 35, 3, 2, 11, 7, 2, 2]
6595000: [8, 8, 2, 24, 3, 13, 13, 33, 3, 7, 11, 8, 2, 2]
6600000: [8, 9, 2, 3, 11, 14, 32, 3, 17, 2, 5, 9, 7, 2, 2, 2]
6605000: [6, 7, 9, 2, 3, 11, 13, 27, 2, 16, 6, 2, 7, 2, 2, 3, 2]
6610000: [7, 9, 8, 5, 11, 26, 18, 3, 4, 10, 8, 3, 7, 3, 2, 2]
6615000: [9, 7, 7, 4, 11, 30, 16, 3, 3, 7, 9, 2, 9, 2, 2, 2]
6620000: [9, 7, 6, 4, 2, 12, 28, 17, 4, 3, 8, 10, 13, 2, 2]
6625000: [10, 2, 8, 4, 8, 5, 29, 11, 5, 19, 4, 10, 2, 10, 12, 2, 2]
6630000: [9, 8, 4, 7, 6, 30, 12, 3, 22, 10, 9, 2, 2, 8, 2, 2, 2, 2, 2]
6635000: [12, 11, 3, 5, 7, 31, 10, 2, 20, 9, 3, 9, 2, 2, 9, 3, 2, 2]
6640000: [13, 3, 12, 2, 5, 2, 6, 31, 9, 11, 21, 9, 3, 10, 2, 3, 2, 2, 2]
6645000: [12, 3, 10, 5, 6, 31, 9, 6, 4, 22, 8, 10, 2, 4, 2, 2]
6650000: [13, 4, 11, 11, 5, 29, 8, 2, 24, 2, 7, 2, 11, 5, 4, 3, 2]
6655000: [11, 11, 32, 15, 10, 5, 10, 2, 2, 24, 2, 4, 2, 4, 2, 4, 2, 2, 2]
6660000: [12, 11, 30, 16, 10, 4, 11, 24, 4, 3, 3, 4, 2, 2, 3, 2, 2]
6665000: [13, 9, 32, 14, 9, 12, 22, 4, 3, 4, 4, 2, 2, 2, 2, 2, 2]
6670000: [12, 11, 36, 13, 8, 13, 22, 4, 2, 2, 4, 2, 2, 2, 2, 2, 2, 2, 2, 2]
6675000: [11, 13, 10, 34, 14, 22, 5, 5, 10, 2, 2, 2, 3, 2]
6680000: [12, 29, 14, 10, 17, 22, 3, 3, 6, 11, 2, 2, 2, 3, 2, 2]
6685000: [32, 8, 11, 15, 9, 3, 20, 5, 10, 2, 2, 2, 3, 2, 2, 4, 2]
6690000: [28, 9, 2, 9, 11, 2, 14, 3, 19, 5, 10, 3, 2, 2, 3, 2]
6695000: [25, 11, 3, 19, 12, 2, 7, 4, 14, 5, 12, 3, 4, 2, 2, 3]
6700000: [14, 11, 26, 14, 16, 3, 6, 12, 2, 7, 2, 8, 7]
6705000: [13, 10, 2, 22, 15, 2, 5, 13, 8, 5, 2, 14, 2, 8, 3, 2, 2, 2, 2, 2]
6710000: [11, 9, 2, 22, 15, 2, 2, 2, 13, 11, 5, 14, 4, 2, 8]
6715000: [12, 10, 22, 15, 7, 2, 12, 9, 4, 11, 4, 4, 2, 2, 2, 2]
6720000: [8, 6, 2, 21, 17, 4, 2, 11, 9, 10, 4, 8, 4, 2, 2, 2, 2]
6725000: [11, 3, 6, 20, 22, 3, 2, 8, 13, 10, 11, 2, 2, 4, 2]
6730000: [12, 25, 2, 6, 3, 16, 2, 3, 2, 8, 16, 9, 12, 2, 2, 2, 3, 4, 2, 2, 2]
6735000: [12, 31, 7, 2, 14, 6, 3, 16, 9, 2, 9, 11, 2, 2, 2, 2, 2, 2]
6740000: [13, 34, 7, 15, 2, 6, 3, 14, 11, 10, 10, 2, 2, 2, 2]
6745000: [14, 8, 7, 33, 3, 4, 18, 2, 15, 11, 11, 3, 10, 3, 2, 2, 2, 2, 2]
6750000: [15, 3, 7, 8, 19, 31, 2, 17, 10, 2, 11, 11, 2, 3, 2, 2]
6755000: [14, 30, 7, 8, 21, 2, 18, 9, 12, 13, 2, 3, 2, 2, 2, 3]
6760000: [14, 8, 7, 21, 28, 18, 2, 8, 13, 15, 6, 3, 2, 2]
6765000: [14, 10, 6, 2, 26, 17, 8, 2, 14, 13, 5, 3, 20, 2, 2, 2]
6770000: [14, 12, 24, 6, 3, 2, 31, 2, 15, 8, 2, 11, 12, 3, 2, 3, 3, 2]
6775000: [13, 12, 23, 6, 33, 16, 9, 10, 13, 2, 3, 3, 2, 4, 2, 2]
6780000: [22, 5, 12, 13, 13, 2, 33, 2, 2, 9, 3, 17, 7, 3, 3, 2, 2, 2, 3, 2, 2]
6785000: [3, 23, 4, 11, 12, 2, 12, 19, 2, 34, 9, 8, 3, 2, 2, 2, 2, 2]
6790000: [2, 2, 21, 12, 12, 9, 17, 35, 8, 3, 8, 3, 2, 2, 2]
6795000: [2, 12, 3, 21, 13, 10, 18, 39, 8, 5, 10, 6, 2, 2, 2]
6800000: [13, 23, 12, 8, 9, 20, 2, 37, 5, 10, 6, 2, 2, 2, 2]
6805000: [11, 22, 12, 9, 7, 19, 31, 4, 9, 2, 6, 2, 2, 2, 2, 2]
6810000: [13, 20, 2, 12, 10, 6, 18, 27, 4, 7, 7, 2, 2, 2, 3]
6815000: [12, 19, 2, 13, 10, 20, 30, 4, 7, 2, 6, 2, 2, 2, 2, 2, 6]
6820000: [11, 21, 11, 9, 18, 2, 29, 6, 2, 7, 2, 2, 4, 6, 2]
6825000: [8, 21, 9, 8, 15, 29, 4, 2, 7, 5, 2, 2, 2, 7, 2, 2]
6830000: [8, 21, 8, 16, 28, 9, 2, 5, 2, 8, 6, 8, 2, 2, 2, 2]
6835000: [8, 20, 8, 2, 16, 28, 2, 6, 8, 3, 6, 2, 10, 2, 4, 2, 7, 2]
6840000: [7, 21, 8, 9, 10, 2, 17, 29, 8, 2, 2, 8, 3, 7, 2, 5, 2, 2, 2]
6845000: [6, 22, 7, 9, 11, 15, 34, 7, 6, 2, 9, 9, 3, 3, 2, 2, 3]
6850000: [8, 20, 9, 10, 16, 28, 7, 5, 2, 10, 2, 2, 2, 9, 2, 5, 2]
6855000: [20, 10, 8, 9, 31, 9, 14, 2, 3, 5, 9, 3, 4, 8, 2, 3]
6860000: [23, 11, 6, 2, 9, 2, 9, 3, 4, 14, 28, 2, 4, 2, 9, 9, 4, 2, 2]
6865000: [20, 12, 5, 8, 2, 4, 13, 2, 26, 2, 8, 4, 4, 2, 5, 7, 2, 8, 2, 4]
6870000: [22, 3, 13, 5, 2, 4, 13, 26, 2, 8, 5, 4, 2, 5, 7, 7, 9, 2, 2, 2]
6875000: [26, 2, 12, 6, 3, 12, 25, 9, 2, 4, 3, 5, 8, 6, 6, 2, 2, 2, 2]
6880000: [21, 2, 14, 7, 27, 12, 10, 12, 4, 2, 2, 8, 6, 2, 6, 2, 2, 2]
6885000: [22, 2, 13, 8, 33, 2, 9, 2, 2, 8, 11, 5, 8, 2, 5, 6, 2, 2]
6890000: [17, 14, 9, 4, 31, 2, 8, 13, 4, 8, 2, 7, 2, 2, 2, 2, 5]
6895000: [18, 15, 8, 3, 30, 8, 2, 12, 2, 3, 6, 9, 2, 2, 3, 4, 2, 2]
6900000: [18, 2, 2, 33, 2, 14, 2, 15, 6, 2, 8, 2, 12, 11, 3, 2, 2, 2, 3, 2, 3]
6905000: [16, 35, 15, 11, 7, 6, 13, 2, 12, 3, 2, 3, 2]
6910000: [17, 2, 2, 33, 13, 10, 7, 2, 7, 14, 2, 13, 3, 6, 2, 3]
6915000: [8, 19, 2, 14, 2, 2, 32, 2, 2, 2, 13, 11, 7, 6, 13, 3, 2, 2, 3]
6920000: [8, 20, 2, 16, 11, 17, 2, 35, 2, 17, 2, 2, 2, 2, 11, 3, 2, 6, 2, 2, 2, 2, 2, 3]
6925000: [21, 14, 10, 2, 14, 31, 16, 3, 2, 2, 10, 9, 3, 3, 7, 2]
6930000: [23, 11, 2, 15, 29, 19, 2, 7, 2, 9, 9, 2, 13, 3, 2, 3, 2, 2]
6935000: [25, 11, 15, 2, 34, 14, 2, 7, 2, 9, 8, 2, 15, 2, 2, 2]
6940000: [26, 11, 14, 34, 16, 3, 8, 2, 8, 9, 12, 2, 2, 2, 2, 2, 3, 2]
6945000: [30, 11, 17, 15, 37, 3, 7, 7, 9, 10, 11, 2, 3, 2]
6950000: [31, 11, 18, 13, 35, 3, 6, 3, 7, 12, 10, 6, 2, 2, 2, 3, 2]
6955000: [32, 9, 11, 18, 12, 2, 32, 13, 6, 9, 2, 2, 6, 2, 2, 4, 2]
6960000: [31, 9, 9, 15, 4, 32, 3, 5, 7, 8, 14, 10, 2, 3, 3, 2, 3, 2]
6965000: [3, 29, 7, 13, 3, 29, 14, 6, 2, 9, 8, 8, 2, 10, 3, 2, 2, 2, 2, 2, 4, 2, 2]
6970000: [28, 7, 13, 30, 2, 12, 2, 10, 5, 7, 7, 12, 2, 3, 2, 2, 2, 2, 2]
6975000: [22, 8, 14, 31, 2, 11, 12, 4, 3, 8, 11, 2, 3, 7, 3, 2]
6980000: [20, 5, 13, 14, 7, 31, 9, 12, 3, 6, 2, 11, 3, 2, 3, 2]
6985000: [20, 5, 13, 14, 6, 7, 31, 11, 12, 3, 2, 2, 11, 3, 2, 2, 4, 2]
6990000: [21, 6, 2, 15, 12, 6, 8, 32, 11, 4, 11, 3, 11, 2, 2, 2]
6995000: [23, 5, 2, 15, 12, 6, 32, 6, 11, 7, 2, 11, 2, 2, 2, 2]
7000000: [2, 22, 6, 30, 15, 14, 9, 6, 3, 15, 5, 2, 9, 2, 2, 2, 2]
7005000: [25, 9, 33, 14, 11, 11, 7, 2, 2, 12, 4, 2, 4, 8, 2, 4, 2, 2, 2, 2]
7010000: [12, 28, 9, 11, 12, 13, 28, 8, 2, 11, 5, 2, 3, 2, 2, 2, 2, 2]
7015000: [10, 27, 12, 14, 7, 14, 28, 6, 3, 2, 2, 11, 6, 2, 2, 2, 2]
7020000: [10, 28, 13, 3, 14, 9, 13, 33, 7, 3, 11, 2, 2, 3, 2]
7025000: [10, 26, 11, 13, 8, 14, 36, 7, 2, 3, 2, 11, 2, 2, 2, 2, 2]
7030000: [8, 13, 24, 12, 9, 11, 37, 8, 2, 12, 2, 2, 2]
7035000: [8, 14, 23, 14, 11, 38, 2, 8, 14, 2, 2, 6, 2, 2, 2, 2, 2, 2]
7040000: [8, 12, 22, 2, 14, 9, 13, 33, 2, 14, 2, 3, 2, 4, 2, 2, 2]
7045000: [7, 13, 12, 14, 4, 13, 33, 21, 2, 14, 2, 2]
7050000: [7, 47, 3, 14, 15, 10, 14, 24, 2, 2, 4, 2]
7055000: [7, 45, 15, 10, 11, 28, 15, 2, 2, 2, 5, 2, 2]
7060000: [7, 45, 13, 6, 9, 4, 2, 13, 27, 14, 2, 2, 2, 2, 2, 2, 2, 2]
7065000: [7, 45, 16, 8, 26, 12, 10, 2, 2, 2, 6, 2, 2]
7070000: [25, 44, 15, 8, 13, 14, 2, 2, 2, 3, 6, 2, 6, 2]
7075000: [25, 7, 14, 42, 11, 14, 3, 6, 4, 2, 5, 2, 2, 2]
7080000: [16, 23, 5, 38, 3, 10, 12, 7, 6, 2, 2]
7085000: [16, 5, 35, 11, 3, 14, 24, 2, 6, 2, 3, 5, 2, 2, 2, 2]
7090000: [18, 5, 37, 10, 3, 13, 26, 2, 2, 2, 5, 2, 2, 5, 2, 2]
7095000: [6, 20, 39, 2, 9, 2, 11, 24, 2, 5, 4, 3, 2, 3, 2, 2, 2]
7100000: [6, 20, 2, 41, 3, 2, 12, 10, 22, 2, 4, 4, 2, 2, 2, 2]
7105000: [6, 19, 22, 45, 2, 13, 10, 2, 2, 2, 4, 2, 4, 2, 3, 2, 2, 2]
7110000: [18, 6, 44, 5, 12, 10, 18, 2, 3, 4, 2, 3, 2, 2]
7115000: [17, 2, 9, 45, 5, 19, 10, 10, 2, 3, 2, 5, 2, 2, 2, 3, 2, 2]
7120000: [14, 7, 9, 39, 5, 19, 2, 12, 11, 3, 3, 3, 2, 2, 2, 2, 3, 2, 2]
7125000: [15, 7, 10, 42, 7, 2, 21, 4, 12, 2, 9, 2, 2, 2, 2, 3, 2, 3, 2, 2]
7130000: [14, 23, 8, 9, 48, 2, 6, 12, 9, 2, 2, 2, 2, 2, 2, 4, 2]
7135000: [8, 15, 26, 3, 2, 46, 5, 5, 10, 2, 10, 2, 7, 2, 3, 2, 2, 2]
7140000: [8, 13, 26, 46, 6, 5, 2, 4, 11, 2, 9, 2, 2, 6, 2]
7145000: [9, 13, 28, 50, 6, 4, 4, 11, 2, 2, 8, 2, 7, 2]
7150000: [8, 12, 27, 2, 11, 45, 6, 2, 6, 2, 7, 11, 2, 2, 2, 2, 2, 2]
7155000: [8, 12, 28, 10, 39, 6, 6, 2, 7, 12, 2, 2, 4, 2]
7160000: [8, 11, 27, 2, 9, 43, 5, 6, 8, 15, 2, 3, 2, 2, 5]
7165000: [11, 9, 12, 18, 45, 5, 7, 29, 9, 2, 2, 2, 2, 4, 2, 2]
7170000: [10, 10, 11, 18, 42, 8, 3, 7, 29, 9, 2, 3]
7175000: [11, 10, 11, 18, 45, 6, 2, 9, 28, 8, 2, 2, 2, 2, 2, 2]
7180000: [10, 9, 14, 21, 2, 45, 7, 9, 24, 8, 2, 2, 3, 2, 3]
7185000: [10, 12, 21, 2, 10, 45, 6, 8, 2, 23, 8, 2, 2, 2, 2, 2, 2]
7190000: [10, 10, 10, 20, 39, 6, 2, 3, 7, 25, 8, 2, 2, 3, 2]
7195000: [2, 11, 11, 10, 20, 3, 38, 5, 5, 4, 24, 9, 3, 2, 2, 2, 2, 3, 2, 3, 2, 2, 4, 3]
7200000: [2, 14, 12, 8, 17, 32, 6, 2, 5, 2, 24, 8, 3, 2, 2, 2, 2, 2, 2, 2, 2]
7205000: [2, 13, 11, 6, 16, 28, 7, 27, 9, 4, 2, 2, 2, 3, 3, 2, 2]
7210000: [3, 16, 10, 7, 16, 27, 4, 26, 7, 6, 2, 2, 3, 2, 2, 2, 2]
7215000: [13, 14, 7, 14, 25, 5, 2, 28, 7, 6, 2, 2, 3, 3, 2]
7220000: [3, 13, 12, 27, 7, 14, 29, 6, 2, 5, 3, 2, 2, 3, 3, 2, 4, 2, 2, 3, 2, 2]
7225000: [3, 7, 12, 12, 28, 2, 4, 6, 25, 17, 2, 4, 3, 2, 2, 2, 2, 3, 2, 2, 2, 3]
7230000: [3, 8, 14, 13, 29, 2, 2, 2, 4, 7, 27, 2, 4, 17, 2, 2, 2, 2, 2, 2]
7235000: [8, 13, 14, 24, 4, 4, 29, 2, 2, 2, 16, 2, 2, 2, 2, 2, 2]
7240000: [2, 14, 26, 12, 4, 5, 26, 7, 2, 16, 2, 3, 3, 2, 3, 2, 2, 2]
7245000: [3, 14, 28, 10, 3, 6, 25, 17, 7, 3, 5, 2, 2]
7250000: [14, 31, 12, 3, 4, 6, 24, 2, 18, 6, 3, 2, 2, 4, 3, 6, 2, 2]
7255000: [11, 29, 3, 10, 6, 2, 4, 23, 18, 8, 2, 2, 3, 5, 2, 2]
7260000: [12, 28, 25, 2, 11, 6, 5, 18, 7, 3, 6, 2, 2, 2, 2]
7265000: [10, 25, 25, 9, 21, 8, 2, 4, 2, 10, 3, 2, 2, 2, 6, 2, 2]
7270000: [26, 25, 4, 7, 19, 7, 10, 3, 2, 2, 2, 5, 2, 2, 2, 2, 10, 2]
7275000: [25, 22, 10, 18, 4, 11, 4, 7, 2, 3, 4, 11, 2, 2, 2, 2]
7280000: [26, 21, 11, 16, 3, 5, 5, 12, 2, 2, 3, 2, 2, 6, 2, 11, 3, 2, 2]
7285000: [25, 23, 11, 15, 2, 6, 4, 12, 2, 2, 3, 2, 2, 9, 10, 3, 2]
7290000: [26, 24, 13, 12, 2, 9, 4, 12, 3, 4, 7, 12, 3, 2]
7295000: [26, 10, 14, 2, 9, 4, 14, 28, 2, 2, 3, 2, 5, 2, 13, 2, 3, 2]
7300000: [28, 9, 13, 3, 9, 5, 15, 28, 2, 2, 13, 4, 4, 2, 2, 2, 2]
7305000: [28, 13, 7, 4, 15, 2, 2, 26, 2, 6, 8, 13, 2, 5, 3, 2, 2, 2]
7310000: [26, 13, 7, 3, 14, 25, 8, 2, 12, 2, 5, 3, 3, 2, 3, 2, 2, 2, 4]
7315000: [22, 3, 12, 7, 7, 12, 28, 3, 2, 8, 2, 2, 2, 12, 2, 2, 6, 4, 2, 2, 4, 2, 5]
7320000: [24, 2, 11, 6, 6, 15, 29, 2, 3, 2, 3, 8, 2, 12, 5, 4, 2, 4, 2]
7325000: [2, 25, 2, 12, 5, 6, 16, 5, 2, 29, 9, 2, 2, 2, 11, 6, 3, 2, 2]
7330000: [15, 5, 26, 2, 13, 4, 6, 32, 8, 2, 2, 3, 11, 2]
7335000: [14, 5, 2, 34, 3, 6, 31, 3, 2, 2, 2, 11, 11, 2, 7, 2]
7340000: [13, 5, 12, 36, 35, 3, 2, 7, 2, 3, 2, 3, 11, 2, 2, 2, 7, 3]
7345000: [14, 6, 11, 33, 43, 7, 7, 2, 2, 9, 8, 3, 3, 2, 2]
7350000: [13, 12, 29, 41, 7, 6, 2, 2, 8, 2, 4, 7, 3, 2, 2]
7355000: [15, 7, 12, 43, 29, 7, 10, 7, 2, 3, 3, 4, 2, 2, 2, 2, 2]
7360000: [7, 9, 41, 28, 14, 6, 8, 6, 2, 10, 3, 2, 2, 3, 2, 2, 3, 2]
7365000: [6, 9, 30, 37, 15, 6, 11, 6, 10, 2, 2, 2, 2, 2, 2]
7370000: [9, 10, 3, 30, 40, 15, 6, 9, 4, 10, 2, 2, 7, 2]
7375000: [10, 12, 2, 29, 44, 15, 7, 8, 2, 2, 6, 8, 2, 3, 7, 5, 2, 2, 2, 2]
7380000: [9, 12, 30, 43, 15, 7, 9, 6, 6, 9, 3, 2, 2, 2, 2, 2, 3]
7385000: [10, 2, 12, 8, 30, 50, 12, 9, 7, 11, 2, 2, 2, 2, 2, 4, 2]
7390000: [8, 2, 10, 7, 25, 44, 2, 14, 8, 2, 6, 12, 2, 2, 2, 4, 3]
7395000: [7, 12, 7, 26, 41, 13, 6, 2, 5, 4, 13, 3, 2, 2, 2, 2, 2, 2]
7400000: [8, 12, 2, 25, 40, 13, 6, 2, 10, 7, 2, 2, 3, 2, 3, 2]
7405000: [2, 15, 25, 6, 35, 2, 14, 8, 7, 2, 2, 10, 4, 4, 2, 2]
7410000: [2, 16, 20, 4, 34, 2, 4, 13, 8, 8, 2, 3, 11, 2, 3, 2, 2, 2]
7415000: [15, 20, 5, 35, 5, 13, 8, 6, 16, 2, 3, 2, 2, 3, 2]
7420000: [2, 17, 6, 21, 6, 35, 2, 14, 7, 7, 2, 12, 2, 3, 4, 2, 2, 2, 2]
7425000: [24, 17, 6, 5, 41, 2, 8, 13, 7, 12, 2, 2, 3, 5, 3, 2, 2, 2, 2, 2, 2]
7430000: [24, 16, 4, 38, 2, 2, 6, 13, 8, 5, 3, 12, 2, 2, 2, 5, 2]
7435000: [23, 39, 17, 4, 9, 14, 10, 4, 11, 2, 2, 2, 2, 5, 2, 2, 2]
7440000: [22, 35, 18, 9, 4, 11, 15, 10, 2, 7, 4, 2, 2, 2, 2, 2, 2]
7445000: [21, 2, 33, 15, 5, 12, 8, 15, 10, 2, 2, 4, 7, 2, 2, 2, 2, 2, 2]
7450000: [24, 36, 16, 4, 11, 10, 14, 10, 4, 9, 2, 2, 3]
7455000: [36, 15, 24, 4, 13, 10, 13, 10, 10, 2, 2, 2, 2, 2, 2, 2, 4]
7460000: [33, 24, 4, 16, 12, 13, 8, 2, 6, 2, 2, 10, 2, 2, 2, 2, 4, 3]
7465000: [33, 23, 4, 19, 11, 7, 2, 2, 9, 2, 3, 11, 3, 6, 2, 2, 3]
7470000: [34, 26, 5, 2, 11, 3, 15, 2, 2, 6, 9, 2, 2, 9, 2, 7, 2, 3]
7475000: [35, 17, 30, 5, 11, 2, 6, 3, 2, 8, 11, 2, 9, 2, 3]
7480000: [2, 38, 19, 31, 6, 2, 12, 4, 3, 13, 3, 2, 2, 7, 2, 9, 2, 2, 4, 2]
7485000: [2, 35, 18, 7, 2, 12, 31, 4, 3, 13, 3, 7, 2, 10, 2, 2, 2, 4]
7490000: [39, 17, 5, 2, 13, 2, 26, 4, 5, 3, 11, 8, 2, 9, 2, 4]
7495000: [38, 18, 5, 13, 2, 4, 5, 11, 24, 9, 3, 7, 3, 3, 2]
7500000: [2, 28, 42, 16, 6, 3, 12, 3, 7, 12, 2, 7, 8, 2, 2, 2]
7505000: [2, 3, 24, 45, 16, 6, 11, 10, 3, 6, 3, 12, 8, 2, 3]
7510000: [20, 40, 13, 11, 2, 7, 2, 6, 10, 4, 7, 2, 2, 2, 2, 2]
7515000: [22, 11, 12, 36, 2, 3, 2, 5, 12, 6, 8, 8, 2, 2, 2, 2, 2, 3]
7520000: [11, 12, 35, 2, 2, 2, 9, 3, 5, 2, 13, 19, 9, 5, 2, 2, 2, 2]
7525000: [11, 2, 12, 2, 33, 2, 2, 2, 6, 13, 19, 9, 4, 3, 2, 7, 2]
7530000: [10, 38, 11, 3, 2, 3, 9, 6, 17, 9, 9, 6, 2, 3]
7535000: [13, 11, 37, 10, 2, 15, 2, 3, 2, 3, 2, 2, 2, 2, 5, 22, 10, 8, 2, 2, 2]
7540000: [13, 8, 37, 10, 14, 9, 29, 3, 4, 7, 2, 3, 2, 2]
7545000: [12, 8, 35, 12, 8, 27, 3, 2, 2, 2, 4, 9, 2, 7, 2]
7550000: [12, 8, 38, 26, 10, 3, 2, 7, 2, 6, 3, 9, 2, 2, 2]
7555000: [9, 8, 36, 24, 11, 2, 2, 3, 7, 7, 2, 3, 8, 3, 2, 2, 2, 2, 2, 2, 2]
7560000: [8, 7, 38, 23, 11, 2, 2, 3, 2, 2, 2, 7, 2, 3, 2, 7, 5, 2, 2, 2, 2]
7565000: [10, 8, 38, 25, 11, 2, 3, 2, 3, 2, 7, 2, 8, 6, 4, 2, 2, 2]
7570000: [13, 8, 38, 25, 10, 3, 4, 2, 2, 5, 3, 8, 5, 5, 2, 2, 2, 2]
7575000: [13, 7, 38, 24, 9, 5, 3, 3, 6, 9, 2, 5, 2, 5, 3, 2, 3, 2]
7580000: [13, 6, 37, 7, 24, 10, 4, 11, 2, 5, 4, 2, 2, 2, 3, 2]
7585000: [11, 5, 39, 23, 6, 3, 10, 8, 4, 2, 2]
7590000: [12, 6, 42, 2, 25, 7, 5, 2, 8, 8, 2, 2, 2, 2, 5, 2, 2, 3, 2]
7595000: [12, 9, 40, 24, 9, 7, 8, 2, 2, 5, 7, 2, 3, 6, 2, 2, 2, 3]
7600000: [41, 12, 8, 25, 7, 9, 2, 4, 7, 2, 2, 6, 7, 2, 3, 2, 3, 2]
7605000: [6, 36, 8, 22, 2, 8, 3, 13, 9, 2, 5, 2, 7, 2, 2, 2, 2]
7610000: [2, 8, 35, 20, 6, 14, 7, 5, 7, 2, 3, 2, 2, 7, 2, 2, 3, 2, 2]
7615000: [8, 35, 20, 4, 2, 4, 3, 15, 8, 8, 9, 2, 7, 2, 2, 3, 2]
7620000: [6, 35, 23, 6, 2, 10, 17, 7, 7, 2, 2, 7, 2, 2, 2, 2]
7625000: [6, 38, 25, 6, 2, 9, 3, 17, 7, 2, 7, 2, 2, 3, 8, 2, 2, 2, 2, 2]
7630000: [36, 25, 3, 2, 7, 2, 11, 14, 4, 6, 8, 2, 8, 3, 3, 2, 2]
7635000: [38, 4, 27, 2, 6, 2, 10, 2, 13, 5, 8, 6, 9, 4]
7640000: [38, 5, 28, 2, 2, 6, 2, 2, 9, 7, 8, 6, 5, 2, 6, 2, 2, 2]
7645000: [36, 4, 26, 7, 2, 2, 9, 6, 9, 4, 4, 2, 6, 3, 2, 2, 2]
7650000: [37, 4, 27, 2, 6, 6, 10, 3, 6, 3, 2, 7, 12, 2, 2, 2, 2]
7655000: [33, 3, 27, 2, 2, 6, 7, 6, 2, 2, 13, 2, 7, 6, 10, 3, 2, 2]
7660000: [33, 6, 29, 5, 7, 8, 2, 11, 7, 2, 2, 4, 2, 8, 2, 3, 2, 2]
7665000: [29, 2, 6, 29, 2, 6, 12, 7, 8, 5, 2, 2, 2, 2, 2, 6, 3, 2, 4, 2, 2]
7670000: [29, 6, 31, 5, 11, 10, 5, 2, 4, 4, 2, 7, 2, 2, 7, 2, 2, 2, 2]
7675000: [31, 5, 31, 3, 2, 5, 8, 11, 6, 5, 3, 4, 8, 7, 2, 2]
7680000: [38, 5, 31, 3, 4, 8, 9, 11, 6, 7, 2, 4, 2, 7, 2, 2, 2, 2, 2]
7685000: [42, 30, 2, 6, 7, 11, 11, 6, 8, 4, 3, 6, 2]
7690000: [45, 12, 31, 2, 6, 10, 4, 8, 2, 2, 6, 2, 7, 2]
7695000: [42, 12, 30, 7, 2, 5, 10, 6, 7, 3, 2, 2, 8, 2, 2, 2]
7700000: [43, 10, 9, 3, 30, 11, 6, 6, 2, 6, 2, 9, 3, 2, 2, 2]
7705000: [42, 28, 10, 10, 2, 2, 6, 6, 4, 7, 2, 10, 3, 9, 2, 2, 2, 2, 2]
7710000: [12, 40, 26, 3, 9, 7, 5, 4, 2, 6, 10, 4, 9, 2, 2, 2]
7715000: [13, 39, 2, 31, 2, 10, 9, 5, 3, 12, 5, 11, 3, 2, 2]
7720000: [39, 7, 28, 2, 2, 8, 13, 7, 6, 2, 9, 3, 10, 2, 2]
7725000: [33, 6, 29, 10, 4, 4, 9, 11, 8, 6, 11, 2, 2]
7730000: [36, 7, 29, 9, 2, 9, 10, 8, 2, 4, 5, 2, 12, 4, 2, 3, 2, 2, 2]
7735000: [38, 5, 30, 9, 10, 9, 7, 3, 5, 12, 2, 2, 5, 3, 3, 2, 2]
7740000: [37, 3, 5, 30, 9, 8, 6, 3, 5, 6, 11, 2, 2, 7, 2, 2, 2, 2]
7745000: [10, 38, 6, 32, 2, 2, 5, 3, 9, 6, 11, 2, 2, 4, 2, 6, 3, 2, 2, 2]
7750000: [9, 34, 5, 32, 2, 5, 10, 6, 4, 9, 2, 3, 7, 3, 2]
7755000: [9, 5, 31, 37, 6, 5, 10, 7, 9, 2, 3, 8, 3, 3, 2, 2, 2, 2, 2, 2]
7760000: [10, 2, 4, 28, 39, 7, 6, 5, 5, 11, 4, 2, 7, 2, 3, 2, 2, 2, 2, 2]
7765000: [10, 27, 3, 40, 8, 6, 6, 12, 2, 3, 3, 2, 8, 3, 3, 2]
7770000: [12, 25, 4, 4, 37, 2, 2, 8, 5, 8, 6, 11, 3, 3, 3, 2, 2, 2, 2, 2, 2, 2]
7775000: [13, 28, 5, 39, 6, 2, 7, 8, 2, 5, 10, 2, 2, 2, 3, 3, 2, 3, 2, 2, 2, 2, 2, 2]
7780000: [13, 4, 26, 7, 4, 6, 2, 37, 9, 4, 12, 4, 2, 4, 2, 2, 2]
7785000: [17, 13, 25, 3, 5, 10, 36, 3, 6, 4, 2, 3, 2, 5, 2, 2, 2, 2, 2, 2]
7790000: [15, 21, 2, 10, 11, 3, 35, 2, 3, 11, 4, 5, 2, 2, 2, 2, 2]
7795000: [22, 2, 7, 8, 3, 32, 14, 4, 10, 9, 4, 3, 2]
7800000: [23, 2, 2, 2, 7, 7, 4, 4, 32, 13, 7, 4, 10, 5, 2, 2]
7805000: [26, 2, 3, 2, 2, 2, 7, 5, 30, 11, 6, 4, 9, 7, 2, 5, 2, 2, 2]
7810000: [26, 6, 3, 2, 2, 9, 31, 10, 6, 4, 2, 7, 2, 3, 2, 3]
7815000: [4, 28, 6, 3, 9, 11, 6, 30, 5, 3, 6, 2, 2, 4, 2, 2]
7820000: [27, 11, 5, 3, 33, 14, 5, 2, 2, 7, 2, 2, 2, 3, 3, 6, 2, 4, 4, 2]
7825000: [11, 6, 3, 28, 33, 13, 2, 2, 5, 4, 4, 2, 6, 2, 3, 3]
7830000: [12, 27, 2, 31, 12, 2, 2, 2, 2, 2, 3, 2, 2, 2, 3, 3, 2, 6, 2, 3, 3, 2]
7835000: [5, 30, 25, 2, 7, 2, 11, 2, 4, 4, 2, 3, 2, 3, 3, 10, 3]
7840000: [5, 27, 26, 2, 2, 2, 10, 3, 2, 5, 2, 5, 5, 3, 4, 4, 11, 2, 3]
7845000: [2, 5, 30, 26, 2, 2, 2, 6, 9, 2, 11, 6, 6, 3, 5, 2, 10, 2, 2]
7850000: [27, 7, 6, 2, 2, 2, 28, 5, 10, 3, 10, 2, 11, 2, 7, 7, 2, 2]
7855000: [2, 6, 2, 5, 26, 2, 4, 29, 2, 11, 2, 5, 3, 10, 2, 10, 3, 7, 8, 3, 2]
7860000: [5, 6, 14, 25, 29, 2, 10, 2, 5, 4, 10, 7, 7, 5, 2, 2, 3, 3, 2, 2]
7865000: [5, 27, 7, 15, 2, 2, 30, 9, 6, 4, 12, 2, 6, 9, 6, 2, 2]
7870000: [3, 28, 6, 13, 5, 2, 25, 10, 7, 5, 9, 2, 2, 12, 2, 4]
7875000: [3, 29, 13, 2, 24, 5, 4, 10, 2, 8, 4, 10, 2, 3, 2, 12, 2, 4, 2]
7880000: [3, 27, 13, 25, 5, 4, 10, 7, 2, 10, 3, 2, 11, 2, 2, 2, 4]
7885000: [5, 27, 13, 28, 5, 4, 10, 5, 11, 3, 10, 2, 2, 2, 2, 4, 2]
7890000: [6, 12, 26, 24, 5, 4, 4, 9, 6, 11, 2, 9, 5]
7895000: [26, 5, 13, 22, 5, 3, 9, 2, 6, 12, 2, 2, 2, 6, 2, 2, 5, 2, 2]
7900000: [21, 16, 10, 2, 2, 23, 7, 4, 3, 3, 7, 12, 2, 2, 6, 3, 2, 2, 5]
7905000: [9, 21, 16, 11, 18, 4, 2, 9, 2, 9, 6, 2, 3, 4, 2, 3]
7910000: [10, 22, 18, 13, 17, 5, 2, 4, 2, 8, 3, 2, 7, 3, 2, 2, 7, 2, 2, 3]
7915000: [17, 14, 20, 21, 5, 2, 4, 6, 7, 3, 8, 2, 7, 2, 6, 2, 4]
7920000: [17, 11, 2, 21, 3, 26, 5, 3, 2, 4, 3, 8, 3, 9, 6, 2, 2, 7, 5, 2]
7925000: [18, 21, 34, 4, 2, 4, 2, 7, 4, 7, 10, 6, 2, 7, 2, 5, 2, 2]
7930000: [18, 2, 20, 32, 5, 4, 3, 7, 3, 8, 10, 7, 2, 4, 6, 2, 2]
7935000: [16, 6, 20, 29, 4, 9, 8, 8, 2, 6, 3, 2, 4, 5, 2, 2, 2]
7940000: [17, 6, 21, 29, 5, 5, 9, 7, 8, 2, 5, 2, 3, 8, 2, 2, 2]
7945000: [11, 13, 4, 23, 8, 32, 2, 6, 8, 6, 3, 2, 3, 4, 3, 4, 3, 2]
7950000: [9, 2, 3, 3, 19, 8, 34, 2, 9, 2, 13, 6, 4, 6, 2, 3, 2, 2, 2, 2, 2]
7955000: [8, 4, 19, 8, 13, 33, 3, 6, 8, 2, 3, 4, 7, 4, 3, 3, 2, 2]
7960000: [9, 23, 9, 3, 14, 29, 8, 5, 3, 3, 5, 6, 3, 2, 4, 2, 2]
7965000: [9, 23, 5, 2, 10, 2, 16, 9, 2, 5, 26, 3, 5, 2, 3, 5, 2, 3, 2, 3]
7970000: [12, 2, 2, 27, 6, 2, 9, 17, 11, 5, 20, 7, 3, 2, 2, 5, 2, 2, 2, 2, 2, 2, 2]
7975000: [14, 6, 2, 26, 8, 3, 7, 14, 12, 7, 21, 2, 2, 2, 2, 2, 2, 4, 4]
7980000: [14, 5, 20, 10, 27, 9, 12, 12, 2, 8, 2, 2, 2, 2, 2, 2, 2, 4, 3]
7985000: [15, 11, 29, 10, 13, 11, 8, 21, 2, 4, 2, 2, 4, 2, 5, 2, 2]
7990000: [13, 27, 11, 12, 13, 3, 11, 8, 21, 4, 3, 2, 2, 3, 2]
7995000: [11, 19, 26, 10, 11, 13, 3, 9, 9, 4, 2, 4, 2, 2, 2]
8000000: [26, 9, 24, 10, 12, 15, 9, 7, 5, 3, 2, 3, 3, 3, 2, 2, 2, 2]
8005000: [29, 10, 23, 10, 11, 14, 9, 7, 4, 5, 2, 2, 4, 3, 2, 3]
8010000: [27, 7, 22, 10, 12, 6, 6, 11, 5, 2, 2, 2, 2, 3, 3, 3, 2, 2, 2, 2, 2]
8015000: [32, 10, 21, 3, 2, 12, 5, 14, 7, 6, 2, 12, 3, 6, 3, 2, 2, 3, 2]
8020000: [30, 2, 10, 25, 2, 11, 10, 6, 2, 10, 12, 4, 6, 2, 3, 2, 2, 2, 4]
8025000: [33, 3, 10, 24, 4, 11, 2, 8, 7, 12, 11, 4, 3, 4, 2, 2, 2, 2, 2]
8030000: [31, 2, 4, 8, 11, 9, 2, 23, 7, 11, 10, 2, 2, 3, 4, 4, 2, 2, 2, 3, 3]
8035000: [2, 8, 11, 3, 2, 2, 12, 10, 2, 24, 26, 5, 2, 11, 4, 3, 2, 2, 3, 3, 3]
8040000: [9, 11, 4, 3, 8, 7, 21, 26, 2, 13, 4, 2, 7, 2, 2, 2, 3, 2, 4, 2, 2]
8045000: [9, 11, 9, 3, 10, 7, 26, 21, 2, 14, 2, 7, 2, 2, 2, 2, 3, 3, 2, 4]
8050000: [8, 8, 2, 10, 2, 9, 9, 27, 23, 12, 3, 7, 4, 2, 2, 4, 3, 3, 2]
8055000: [7, 8, 9, 3, 6, 9, 27, 26, 2, 11, 8, 5, 3, 2, 4, 2, 2]
8060000: [28, 7, 10, 3, 8, 5, 31, 8, 2, 9, 7, 2, 4, 2, 2, 4, 3, 2, 2]
8065000: [2, 23, 8, 11, 10, 3, 7, 7, 33, 8, 2, 8, 2, 3, 2, 4]
8070000: [2, 2, 11, 7, 4, 5, 7, 26, 32, 8, 2, 2, 2, 8, 2, 6, 3, 2, 3]
8075000: [4, 2, 2, 2, 10, 7, 2, 7, 26, 31, 7, 4, 2, 6, 7, 4, 2]
8080000: [3, 2, 9, 9, 28, 30, 8, 5, 2, 4, 2, 2, 2, 6, 2, 6, 2, 3, 4, 2, 2, 2, 2, 2, 2]
8085000: [2, 3, 2, 7, 2, 10, 25, 7, 2, 5, 6, 2, 2, 31, 3, 6, 7, 4, 2]
8090000: [3, 7, 2, 3, 24, 6, 7, 30, 2, 3, 9, 4, 7, 9, 5, 2, 3]
8095000: [26, 2, 9, 2, 6, 7, 2, 27, 2, 7, 6, 9, 2, 7, 4, 7, 2, 2, 2]
8100000: [27, 3, 8, 4, 30, 2, 8, 3, 2, 2, 8, 6, 2, 8, 2, 6, 2, 2, 7, 2, 2, 2]
8105000: [30, 32, 4, 11, 2, 9, 10, 9, 6, 2, 3, 6, 2, 2, 2, 2, 7, 2, 2, 2]
8110000: [33, 31, 3, 9, 10, 2, 9, 2, 7, 5, 4, 3, 6, 3, 2, 3, 7, 2, 3]
8115000: [34, 10, 31, 9, 9, 2, 8, 5, 3, 2, 6, 3, 2, 3, 3, 4, 2, 2, 2]
8120000: [32, 10, 33, 9, 4, 7, 2, 6, 3, 9, 5, 3, 2, 2, 3, 5, 2, 2]
8125000: [33, 2, 11, 7, 7, 12, 4, 30, 2, 2, 10, 6, 4, 5, 3, 3]
8130000: [30, 11, 8, 8, 2, 3, 4, 12, 32, 2, 10, 7, 6, 2, 3, 4, 2]
8135000: [31, 7, 7, 3, 7, 4, 9, 32, 2, 11, 2, 9, 7, 2, 2, 5, 4]
8140000: [32, 9, 8, 3, 2, 8, 3, 30, 9, 2, 10, 9, 8, 5, 4]
8145000: [31, 31, 6, 9, 3, 9, 3, 11, 2, 10, 3, 9, 6, 2, 3, 2, 6]
8150000: [34, 33, 6, 10, 3, 8, 12, 2, 10, 2, 10, 3, 4, 3, 2, 2, 5]
8155000: [29, 12, 10, 2, 7, 29, 12, 8, 8, 6, 10, 2, 2, 4, 3]
8160000: [27, 9, 10, 31, 2, 2, 6, 11, 9, 6, 3, 2, 2, 3, 9, 2, 4, 3, 2, 5, 2, 2, 2]
8165000: [26, 2, 7, 15, 12, 33, 8, 10, 6, 10, 2, 2, 3, 5, 3, 2, 4, 2, 2]
8170000: [30, 3, 8, 16, 11, 3, 36, 7, 9, 10, 9, 2, 2, 5, 3, 2, 2]
8175000: [30, 2, 18, 7, 8, 3, 37, 7, 9, 11, 2, 10, 2, 3, 3, 2]
8180000: [30, 16, 9, 13, 2, 34, 4, 9, 8, 3, 9, 2, 2, 2, 2, 2]
8185000: [27, 18, 9, 11, 4, 34, 2, 4, 9, 9, 2, 2, 2, 2, 4, 10, 3, 3, 3, 3, 2, 2]
8190000: [25, 18, 9, 11, 34, 3, 10, 2, 10, 4, 10, 3, 4, 2, 3]
8195000: [20, 19, 9, 11, 30, 4, 11, 10, 4, 2, 3, 10, 2, 3, 2, 2]
8200000: [21, 19, 8, 11, 29, 2, 4, 12, 7, 8, 3, 11, 3, 2, 2]
8205000: [21, 8, 11, 33, 3, 17, 9, 3, 7, 10, 2, 12, 3, 2, 2, 2]
8210000: [20, 7, 11, 34, 4, 2, 17, 9, 16, 2, 2, 7, 10]
8215000: [4, 6, 9, 34, 5, 10, 15, 2, 19, 8, 11, 16]
8220000: [6, 11, 35, 5, 2, 16, 8, 7, 15, 10, 15, 2, 2, 2, 2, 3]
8225000: [14, 8, 9, 35, 8, 2, 14, 8, 7, 9, 12, 2, 2, 2, 2, 2]
8230000: [16, 2, 7, 10, 35, 7, 3, 18, 2, 8, 7, 6, 2, 11, 2, 2, 2, 2, 2]
8235000: [24, 16, 7, 10, 35, 9, 3, 8, 9, 6, 2, 10, 3, 2]
8240000: [23, 2, 14, 2, 6, 11, 35, 7, 2, 8, 8, 2, 6, 2, 11, 3, 2, 2, 2]
8245000: [25, 4, 13, 5, 10, 35, 6, 7, 8, 10, 10, 2, 2, 3, 2]
8250000: [26, 4, 14, 10, 7, 13, 33, 6, 2, 2, 8, 9, 2, 2, 2, 9, 2, 2, 2]
8255000: [27, 3, 14, 10, 12, 31, 5, 2, 2, 4, 9, 7, 9, 2, 11, 2, 2, 2]
8260000: [24, 3, 14, 9, 14, 34, 4, 2, 6, 3, 11, 7, 2, 11, 2, 2]
8265000: [22, 3, 14, 8, 2, 15, 33, 4, 7, 3, 10, 2, 7, 14, 3, 2, 2]
8270000: [24, 16, 14, 9, 2, 31, 4, 13, 7, 4, 11, 7, 3, 2, 2]
8275000: [14, 13, 11, 34, 6, 25, 13, 6, 12, 6, 2, 3, 3]
8280000: [15, 15, 11, 2, 29, 8, 2, 25, 10, 2, 12, 5, 2, 3, 4, 2, 2]
8285000: [12, 14, 15, 10, 2, 31, 8, 22, 10, 6, 2, 2, 4, 2, 2, 2]
8290000: [12, 11, 14, 10, 3, 33, 19, 2, 2, 13, 5, 2, 2, 5, 7, 2]
8295000: [11, 12, 14, 10, 3, 31, 3, 18, 12, 3, 5, 6, 4, 2]
8300000: [12, 10, 13, 11, 2, 29, 17, 6, 2, 2, 15, 2, 6, 4, 2, 7, 2, 2, 2]
8305000: [11, 12, 14, 8, 10, 3, 17, 34, 2, 3, 14, 2, 5, 6, 2, 2, 2]
8310000: [2, 10, 13, 15, 9, 9, 2, 16, 2, 30, 13, 6, 3, 6, 2, 2]
8315000: [3, 17, 9, 14, 9, 9, 2, 2, 11, 2, 31, 13, 2, 6, 7, 2, 2]
8320000: [19, 7, 16, 10, 2, 7, 9, 29, 2, 12, 2, 2, 7, 2, 6, 2, 2, 2, 2]
8325000: [19, 16, 9, 7, 7, 12, 4, 28, 11, 2, 8, 2, 2, 4]
8330000: [20, 13, 9, 7, 2, 10, 3, 11, 25, 2, 9, 3, 2, 10, 2, 2, 5, 2, 2]
8335000: [22, 10, 11, 2, 2, 2, 9, 12, 23, 11, 3, 8, 5, 3]
8340000: [23, 9, 2, 4, 12, 2, 24, 9, 9, 14, 2, 8, 5, 2]
8345000: [20, 2, 2, 11, 28, 2, 9, 7, 12, 9, 9, 2, 6, 3, 2, 2, 2, 2]
8350000: [19, 2, 3, 9, 32, 8, 7, 12, 7, 2, 2, 9, 8, 2, 2, 2, 2]
8355000: [20, 3, 2, 7, 32, 3, 8, 6, 13, 8, 7, 2, 9, 2, 2, 2, 2]
8360000: [18, 5, 7, 32, 7, 7, 7, 2, 8, 7, 2, 9, 2, 3, 2, 2, 2, 2, 2, 2]
8365000: [18, 9, 6, 4, 10, 6, 31, 2, 5, 2, 6, 8, 2, 8, 2, 2]
8370000: [2, 2, 7, 17, 6, 3, 2, 33, 2, 8, 7, 9, 2, 8, 8, 4, 2, 2, 2, 2]
8375000: [2, 2, 9, 23, 5, 2, 9, 33, 7, 4, 8, 3, 9, 5, 2, 2, 2, 2, 2]
8380000: [2, 8, 21, 10, 6, 4, 8, 3, 30, 6, 2, 2, 2, 4, 7, 3, 4, 2, 3, 2, 2]
8385000: [2, 7, 21, 31, 8, 6, 4, 8, 2, 2, 2, 2, 9, 2, 3, 7, 3, 2, 3, 2, 2]
8390000: [2, 3, 8, 19, 32, 10, 6, 2, 8, 2, 2, 2, 7, 3, 6, 2, 3, 2]
8395000: [4, 7, 17, 32, 10, 8, 9, 2, 4, 3, 6, 2, 4, 2]
8400000: [22, 6, 7, 35, 10, 8, 7, 7, 5, 2, 4, 2, 7, 2, 3, 3, 3, 2]
8405000: [22, 5, 7, 11, 9, 8, 35, 7, 5, 6, 2, 5, 2, 3, 2, 2]
8410000: [25, 5, 8, 10, 7, 9, 34, 2, 6, 11, 2, 7, 6, 2, 3, 2]
8415000: [25, 5, 7, 10, 8, 10, 32, 6, 2, 11, 4, 4, 2, 6, 6, 2, 2]
8420000: [25, 4, 6, 10, 7, 10, 30, 5, 12, 2, 4, 2, 2, 5, 2, 7, 2, 2]
8425000: [25, 5, 6, 13, 13, 7, 10, 30, 2, 5, 5, 5, 7, 2]
8430000: [29, 6, 8, 14, 2, 12, 9, 10, 33, 2, 7, 6, 6, 6, 2, 2, 2, 2]
8435000: [31, 11, 5, 14, 13, 10, 31, 6, 4, 2, 7, 7, 3, 8, 2, 2, 2]
8440000: [28, 9, 7, 15, 31, 2, 14, 9, 6, 4, 6, 8, 8, 2, 2]
8445000: [30, 10, 6, 16, 30, 14, 9, 5, 4, 7, 5, 8, 2, 2, 2]
8450000: [27, 11, 7, 16, 31, 16, 3, 7, 7, 6, 3, 6, 6, 2, 4, 2, 2]
8455000: [27, 9, 6, 14, 30, 14, 9, 2, 7, 8, 5, 4, 6, 4, 2, 3, 2]
8460000: [29, 9, 6, 15, 29, 13, 8, 6, 6, 5, 7, 5, 3, 2, 2, 3, 2]
8465000: [10, 5, 13, 28, 30, 13, 7, 6, 7, 6, 5, 4, 6, 2, 2, 2, 2]
8470000: [31, 9, 5, 10, 28, 10, 10, 9, 6, 6, 6, 4, 4, 6, 2, 2, 2, 2]
8475000: [32, 10, 5, 8, 10, 5, 10, 11, 7, 23, 2, 7, 4, 4, 7]
8480000: [31, 6, 10, 9, 3, 12, 9, 7, 6, 2, 23, 2, 2, 6, 4, 5, 2, 3, 2, 3, 3]
8485000: [29, 9, 12, 10, 7, 3, 11, 9, 6, 8, 4, 28, 2, 2, 2, 5, 5, 4, 2, 2, 2]
8490000: [27, 9, 12, 11, 6, 4, 10, 8, 2, 7, 4, 28, 3, 5, 3, 2, 2, 4, 2]
8495000: [27, 10, 12, 11, 7, 3, 9, 9, 6, 2, 30, 2, 2, 6, 4, 2, 5]
8500000: [26, 10, 12, 10, 7, 5, 3, 6, 6, 2, 2, 2, 26, 7, 3, 7, 4, 2, 7, 2, 2]
8505000: [30, 10, 13, 9, 8, 5, 29, 2, 6, 11, 2, 7, 6, 6, 2, 2, 2, 2, 2]
8510000: [28, 10, 14, 10, 8, 6, 2, 7, 12, 27, 4, 2, 2, 9, 9, 6, 3, 2, 2, 2]
8515000: [25, 2, 27, 11, 13, 10, 9, 6, 7, 12, 2, 10, 2, 2, 9, 2, 2, 5, 3, 3, 2, 2]
8520000: [23, 28, 12, 11, 7, 2, 4, 3, 7, 13, 2, 2, 7, 2, 9, 2, 8, 2, 2, 4, 2, 2, 2, 2]
8525000: [22, 26, 9, 10, 2, 4, 2, 10, 9, 14, 4, 2, 7, 8, 7, 4, 2, 2, 2, 2]
8530000: [19, 38, 9, 4, 9, 10, 14, 3, 2, 7, 6, 2, 7, 5, 2]
8535000: [22, 8, 39, 10, 4, 10, 2, 14, 2, 3, 8, 8, 2, 3, 5, 5, 2, 2, 2, 2, 2, 2]
8540000: [23, 11, 36, 10, 2, 4, 12, 8, 13, 5, 2, 7, 2, 8, 5, 2, 2, 2]
8545000: [25, 12, 9, 37, 4, 8, 10, 12, 5, 6, 2, 2, 2, 6, 2, 7, 2, 2, 2, 2]
8550000: [23, 11, 11, 45, 4, 8, 2, 3, 12, 8, 7, 4, 8, 2, 4, 2, 2, 2]
8555000: [26, 12, 41, 4, 9, 2, 10, 8, 2, 11, 9, 2, 2, 7, 4, 2]
8560000: [27, 12, 42, 5, 2, 10, 12, 9, 2, 10, 7, 2, 4, 9, 2, 2]
8565000: [28, 12, 40, 4, 8, 10, 9, 2, 11, 8, 10, 2, 2, 2, 2, 2, 2, 2, 2, 2]
8570000: [26, 12, 34, 2, 2, 9, 8, 11, 9, 7, 10, 2, 3, 2, 3, 2, 2, 2]
8575000: [25, 12, 36, 3, 5, 9, 9, 12, 2, 5, 7, 2, 2, 11, 2, 2, 2, 2, 2]
8580000: [25, 11, 33, 5, 8, 8, 13, 5, 9, 10, 3, 3, 4, 2, 2, 2, 2, 2]
8585000: [28, 12, 33, 2, 6, 2, 9, 7, 9, 2, 2, 2, 3, 8, 9, 2, 3, 2, 2, 2, 2, 2]
8590000: [25, 13, 3, 28, 7, 12, 7, 10, 2, 11, 3, 4, 8, 2, 2, 2, 2, 3]
8595000: [27, 12, 2, 4, 27, 5, 10, 9, 9, 11, 5, 8, 2, 2, 2, 2]
8600000: [27, 11, 2, 4, 26, 9, 12, 4, 2, 10, 5, 7, 8, 2, 2, 3, 3]
8605000: [12, 27, 24, 2, 11, 14, 3, 5, 3, 13, 7, 8, 3, 3, 3, 3, 2, 2, 2, 2]
8610000: [8, 27, 26, 3, 11, 16, 5, 12, 5, 8, 3, 2, 3, 2, 3, 2, 2]
8615000: [9, 26, 31, 4, 10, 17, 5, 11, 7, 8, 4, 6]
8620000: [9, 32, 4, 28, 9, 17, 3, 2, 3, 7, 8, 5, 10, 2, 6, 2, 3, 2, 2, 2, 2, 2, 2]
8625000: [10, 2, 29, 4, 31, 7, 18, 5, 2, 2, 6, 8, 5, 2, 10, 2, 5, 2, 2, 2, 2]
8630000: [10, 5, 19, 28, 31, 3, 5, 6, 9, 2, 2, 2, 5, 2, 5, 3, 7, 2, 2, 2]
8635000: [10, 18, 2, 26, 35, 3, 6, 5, 9, 2, 5, 2, 6, 5, 3, 3, 7, 2]
8640000: [9, 17, 2, 34, 10, 26, 6, 10, 4, 2, 6, 5, 2, 3, 8, 2, 2]
8645000: [9, 2, 19, 32, 10, 28, 7, 12, 2, 4, 2, 6, 2, 9, 5, 2, 3, 2, 2, 2]
8650000: [9, 2, 19, 33, 34, 2, 9, 6, 13, 2, 3, 3, 2, 10, 6, 5, 2, 2, 2, 3]
8655000: [10, 18, 34, 34, 12, 3, 8, 7, 12, 2, 4, 6, 2, 7, 2, 2, 2]
8660000: [9, 17, 7, 30, 12, 2, 8, 31, 9, 10, 2, 2, 6, 2, 6, 3, 2, 2]
8665000: [6, 19, 6, 2, 30, 13, 8, 32, 2, 7, 10, 2, 7, 7, 2, 2]
8670000: [6, 17, 28, 13, 5, 10, 32, 2, 6, 10, 2, 3, 2, 7, 2, 2, 2, 5]
8675000: [7, 30, 15, 6, 11, 31, 3, 9, 2, 2, 13, 3, 10, 4, 2, 6]
8680000: [8, 30, 14, 5, 10, 31, 3, 7, 2, 2, 12, 3, 2, 9, 6, 6, 2, 2, 2]
8685000: [9, 26, 16, 9, 35, 3, 2, 6, 2, 3, 3, 11, 3, 3, 9, 4, 7, 2]
8690000: [7, 23, 2, 12, 2, 10, 32, 2, 5, 2, 2, 10, 2, 5, 2, 5, 2, 2, 5, 2, 7]
8695000: [7, 26, 16, 12, 32, 3, 2, 3, 2, 8, 2, 2, 6, 3, 5, 2, 2, 6, 2]
8700000: [6, 24, 16, 6, 11, 33, 2, 7, 2, 2, 2, 3, 4, 2, 2, 7]
8705000: [7, 23, 2, 16, 7, 11, 35, 7, 2, 6, 4, 2, 2, 7, 2, 2, 2]
8710000: [9, 24, 3, 14, 8, 9, 35, 2, 2, 4, 7, 5, 9, 2, 9, 2]
8715000: [9, 20, 3, 10, 6, 9, 6, 10, 31, 2, 2, 10, 2, 2, 5, 2, 9, 2]
8720000: [10, 7, 16, 10, 4, 7, 32, 10, 7, 2, 8, 3, 8, 2, 2, 2, 2]
8725000: [11, 16, 2, 4, 7, 6, 36, 12, 3, 11, 10, 2, 8, 8, 2, 2, 2, 2, 2]
8730000: [10, 18, 3, 4, 6, 7, 35, 2, 12, 2, 10, 9, 2, 8, 7, 2, 2, 2, 2, 2]
8735000: [9, 22, 5, 3, 8, 33, 3, 16, 8, 9, 3, 2, 9, 2, 6]
8740000: [10, 2, 25, 4, 8, 4, 29, 2, 2, 3, 14, 3, 10, 11, 5, 8, 2, 7, 2, 2, 2, 3]
8745000: [25, 3, 7, 6, 26, 2, 15, 3, 14, 9, 9, 5, 8, 2, 3, 2, 2, 6, 2, 2]
8750000: [2, 25, 2, 6, 24, 5, 13, 2, 13, 10, 4, 8, 2, 2, 5, 7, 3]
8755000: [26, 5, 12, 5, 14, 2, 23, 3, 10, 2, 4, 6, 8, 3, 2, 3, 2]
8760000: [2, 26, 2, 6, 13, 4, 16, 2, 2, 23, 2, 4, 8, 7, 6, 8, 3, 4, 2]
8765000: [25, 5, 13, 4, 15, 2, 24, 6, 8, 7, 6, 3, 2, 2, 2, 2, 2]
8770000: [7, 24, 12, 3, 13, 23, 5, 3, 8, 6, 6, 3, 2, 2]
8775000: [2, 23, 27, 2, 8, 13, 5, 13, 6, 2, 4, 2, 8, 7, 5, 2, 6, 2, 2]
8780000: [25, 28, 3, 8, 10, 5, 12, 2, 2, 6, 9, 8, 6, 6, 2, 2, 2, 2, 2, 2]
8785000: [25, 29, 3, 7, 8, 4, 10, 2, 2, 9, 7, 10, 7, 6, 2, 2, 2, 2]
8790000: [22, 28, 2, 11, 9, 4, 10, 2, 4, 9, 2, 11, 7, 2, 9, 9, 2]
8795000: [7, 23, 28, 11, 9, 4, 12, 4, 10, 9, 7, 9]
8800000: [6, 21, 32, 13, 8, 5, 11, 2, 4, 9, 2, 8, 11, 8]
8805000: [5, 24, 34, 13, 8, 2, 6, 10, 12, 3, 8, 7, 9, 2, 2, 2, 2]
8810000: [4, 22, 34, 12, 8, 7, 12, 3, 3, 6, 6, 10, 8, 2, 2, 2, 2]
8815000: [4, 26, 31, 7, 11, 2, 3, 12, 7, 3, 6, 10, 7, 5, 2, 2]
8820000: [5, 30, 33, 12, 3, 9, 2, 11, 3, 7, 12, 7, 6, 2, 5]
8825000: [4, 30, 35, 11, 14, 3, 2, 7, 9, 11, 7, 5, 3, 2, 4, 2, 2]
8830000: [5, 30, 31, 2, 12, 4, 9, 9, 14, 8, 12, 5, 5, 3, 2, 2, 2]
8835000: [4, 29, 34, 9, 3, 9, 10, 9, 16, 10, 6, 4, 2, 2, 2, 2, 2]
8840000: [3, 27, 35, 9, 2, 5, 8, 23, 15, 2, 11, 3, 2, 3, 3, 2, 2]
8845000: [3, 24, 31, 9, 10, 6, 2, 20, 14, 10, 3, 2, 3, 2, 2]
8850000: [6, 24, 27, 10, 8, 5, 4, 18, 16, 12, 2, 2, 2, 3]
8855000: [5, 24, 9, 22, 2, 6, 7, 2, 2, 15, 14, 10, 3, 2, 2, 5]
8860000: [5, 27, 10, 11, 23, 8, 17, 8, 2, 12, 2, 2, 2, 4, 2, 2]
8865000: [7, 25, 10, 8, 2, 21, 8, 10, 13, 14, 2, 2, 2, 5, 2]
8870000: [6, 25, 2, 8, 6, 24, 7, 9, 12, 2, 14, 3, 5, 2]
8875000: [7, 28, 8, 5, 23, 12, 6, 7, 15, 2, 2, 2, 3, 6, 2]
8880000: [7, 29, 22, 5, 14, 8, 3, 7, 13, 2, 7, 3, 2, 6, 2, 2]
8885000: [8, 29, 25, 7, 2, 14, 9, 2, 8, 11, 8, 2, 7, 2, 2, 2]
8890000: [10, 30, 2, 26, 2, 6, 14, 3, 8, 2, 7, 11, 2, 7, 4, 2, 2, 2, 6, 2, 3]
8895000: [28, 21, 5, 9, 13, 2, 8, 3, 7, 10, 3, 8, 11, 2, 4, 2, 2, 2, 7, 2, 2]
8900000: [8, 2, 27, 23, 3, 13, 3, 2, 12, 2, 8, 3, 6, 12, 12, 2, 2, 3, 2, 2, 2, 4, 3, 2]
8905000: [8, 27, 22, 2, 14, 12, 6, 3, 7, 14, 14, 2, 2, 3, 3, 3, 2, 2]
8910000: [2, 8, 2, 28, 23, 3, 13, 2, 14, 7, 2, 9, 13, 2, 16, 2, 2, 3, 2, 2, 4, 3, 2]
8915000: [29, 8, 2, 10, 22, 13, 16, 8, 15, 2, 2, 14, 2, 2, 4, 2, 2, 3, 2, 2]
8920000: [7, 25, 21, 11, 16, 8, 9, 17, 2, 12, 2, 2, 6, 2, 2, 2]
8925000: [24, 8, 15, 23, 2, 12, 2, 18, 3, 7, 10, 2, 3, 2, 11, 2, 5]
8930000: [27, 8, 12, 15, 21, 15, 2, 11, 3, 3, 6, 12, 2, 2, 2, 4, 2, 2, 2]
8935000: [28, 9, 14, 13, 11, 2, 19, 15, 2, 3, 4, 5, 2, 11, 2, 2, 4]
8940000: [25, 8, 15, 12, 10, 20, 13, 17, 3, 2, 2, 6, 5, 2, 2, 2, 2, 4, 2, 2]
8945000: [24, 9, 14, 14, 11, 20, 10, 16, 4, 2, 2, 3, 5, 5, 4, 2, 2, 2, 2, 2]
8950000: [25, 9, 11, 22, 11, 13, 9, 4, 2, 2, 4, 14, 2, 4, 3, 2, 2]
8955000: [30, 9, 11, 21, 12, 3, 12, 10, 4, 17, 4, 2, 4, 4, 2, 2, 2]
8960000: [33, 9, 10, 22, 12, 3, 8, 5, 12, 15, 4, 4, 2, 2, 4, 2]
8965000: [34, 7, 11, 22, 12, 3, 7, 5, 10, 2, 16, 3, 5, 2]
8970000: [33, 6, 15, 21, 10, 7, 6, 9, 16, 2, 2, 7, 2, 2, 2, 2, 2]
8975000: [32, 12, 21, 11, 9, 5, 2, 6, 10, 2, 15, 2, 5, 4, 2, 2]
8980000: [11, 19, 10, 2, 11, 8, 30, 7, 5, 17, 5, 3, 2]
8985000: [9, 18, 10, 12, 8, 28, 7, 2, 4, 16, 2, 3, 5, 3, 2]
8990000: [7, 17, 13, 6, 27, 8, 2, 2, 2, 4, 11, 14, 5, 3, 2, 2, 2]
8995000: [7, 21, 14, 5, 26, 8, 2, 2, 4, 12, 14, 3, 2, 6, 2, 5, 2, 2]
9000000: [18, 5, 6, 20, 15, 6, 27, 9, 3, 3, 6, 12, 6, 3, 6, 2, 2, 2, 2]
9005000: [16, 7, 16, 15, 7, 28, 9, 2, 6, 14, 2, 5, 3, 6, 3, 3]
9010000: [14, 8, 9, 17, 7, 29, 2, 15, 5, 2, 3, 5, 2, 15, 2, 5, 2, 2, 2, 2]
9015000: [13, 8, 2, 9, 18, 26, 13, 5, 5, 5, 15, 4, 5, 2, 2]
9020000: [8, 8, 19, 28, 14, 6, 13, 5, 5, 13, 6, 5, 2, 3, 2]
9025000: [7, 2, 7, 27, 23, 5, 13, 5, 12, 5, 13, 7, 6, 2]
9030000: [6, 2, 8, 32, 12, 23, 4, 14, 5, 5, 10, 2, 4, 3, 10, 2]
9035000: [5, 8, 35, 10, 3, 20, 3, 15, 2, 4, 3, 7, 4, 13, 2, 2]
9040000: [4, 8, 28, 2, 11, 2, 24, 3, 15, 2, 4, 5, 12, 2, 4, 2, 2, 12, 2]
9045000: [6, 6, 32, 11, 4, 14, 5, 22, 11, 2, 2, 2, 4, 2, 13, 2, 2]
9050000: [6, 6, 3, 29, 16, 11, 3, 2, 5, 6, 21, 2, 2, 11, 2, 4, 2, 3, 4, 2, 13, 2]
9055000: [7, 2, 31, 16, 13, 14, 8, 4, 6, 3, 20, 10, 3, 2, 3, 2, 2]
9060000: [10, 33, 10, 7, 4, 15, 2, 14, 6, 4, 21, 9, 2, 3, 3, 2]
9065000: [11, 32, 11, 7, 15, 4, 13, 5, 6, 19, 10, 2, 3, 2, 2, 2, 2, 2, 2, 2]
9070000: [6, 12, 28, 9, 8, 2, 14, 5, 13, 4, 2, 22, 8, 3, 2, 2]
9075000: [6, 12, 30, 2, 9, 7, 3, 13, 3, 2, 11, 5, 24, 2, 8, 2, 4, 2, 2, 3]
9080000: [6, 11, 2, 26, 8, 9, 3, 12, 5, 25, 11, 8, 4, 3, 3, 2]
9085000: [4, 13, 28, 7, 9, 8, 2, 3, 26, 4, 12, 7, 3, 2, 3, 2, 2]
9090000: [5, 12, 29, 6, 12, 9, 2, 3, 24, 3, 12, 2, 3, 2, 8, 3, 2, 2]
9095000: [5, 13, 27, 8, 11, 2, 10, 24, 4, 12, 2, 6, 8, 3, 2, 4, 2, 2, 2, 2]
9100000: [13, 9, 27, 2, 12, 2, 7, 9, 22, 4, 10, 5, 2, 7, 2, 2, 2, 2, 2, 2]
9105000: [12, 9, 28, 3, 11, 6, 8, 11, 27, 8, 5, 2, 2, 2, 4, 2, 2, 2, 2]
9110000: [12, 9, 26, 12, 7, 6, 9, 25, 8, 2, 2, 4, 2, 3, 2, 3, 2]
9115000: [15, 25, 2, 13, 8, 2, 10, 30, 8, 7, 2, 6, 2, 6, 2, 2, 2]
9120000: [16, 2, 25, 15, 8, 2, 2, 9, 32, 9, 5, 5, 4, 6, 2, 2]
9125000: [17, 2, 23, 15, 2, 9, 7, 30, 2, 7, 7, 2, 5, 5, 2, 2]
9130000: [18, 16, 8, 25, 9, 2, 6, 2, 2, 27, 7, 5, 2, 2, 6, 2, 2, 2]
9135000: [14, 8, 25, 29, 10, 18, 5, 2, 7, 4, 6, 2]
9140000: [10, 14, 7, 24, 28, 17, 6, 2, 4, 8, 2, 2, 8, 2]
9145000: [2, 13, 2, 15, 23, 27, 2, 18, 5, 2, 5, 8, 2, 2, 6, 6, 2]
9150000: [2, 13, 14, 26, 23, 3, 16, 5, 3, 5, 7, 2, 8, 8, 2, 3]
9155000: [12, 15, 24, 13, 7, 3, 8, 21, 7, 3, 6, 2, 2, 7, 2, 2]
9160000: [12, 12, 14, 26, 2, 2, 20, 6, 6, 2, 2, 6, 7, 7, 3, 2]
9165000: [2, 14, 6, 13, 15, 2, 2, 8, 22, 6, 25, 2, 2, 2, 2, 7, 6, 2]
9170000: [13, 9, 14, 16, 2, 2, 10, 24, 6, 19, 7, 7, 3]
9175000: [12, 11, 16, 18, 27, 2, 2, 5, 2, 10, 22, 6, 2, 8, 6, 2, 2]
9180000: [12, 11, 18, 28, 3, 2, 13, 25, 12, 2, 5, 4, 6, 7, 3, 2, 2, 2, 2]
9185000: [14, 12, 7, 16, 29, 14, 23, 13, 2, 2, 6, 2, 2, 2, 4, 2, 2]
9190000: [14, 14, 8, 14, 31, 2, 12, 2, 25, 8, 12, 2, 3, 2, 4, 3]
9195000: [13, 11, 8, 14, 30, 25, 12, 2, 14, 2, 3, 5, 2, 6, 2, 2, 2, 2]
9200000: [12, 10, 8, 16, 29, 27, 7, 10, 2, 13, 2, 2, 2, 3, 5, 2, 2, 2]
9205000: [11, 8, 10, 15, 28, 26, 5, 2, 7, 10, 12, 2, 2, 2, 2, 2, 2]
9210000: [11, 8, 15, 32, 26, 5, 12, 9, 9, 3, 4, 2, 2, 2]
9215000: [11, 9, 14, 29, 26, 6, 13, 8, 7, 4, 2, 3, 7, 2]
9220000: [13, 13, 26, 7, 14, 8, 7, 4, 2, 27, 7, 2, 4, 2, 2, 2, 2, 2, 2, 2, 2]
9225000: [14, 12, 22, 5, 14, 8, 5, 2, 6, 30, 7, 6, 3, 2]
9230000: [14, 13, 25, 5, 14, 11, 6, 6, 8, 25, 5, 2, 2, 2, 2, 2]
9235000: [15, 15, 26, 5, 2, 14, 8, 6, 9, 21, 2, 2, 5, 2, 10, 2, 2, 2]
9240000: [15, 15, 22, 4, 17, 7, 6, 9, 3, 18, 5, 2, 2, 2, 9, 2, 2, 2, 2, 2]
9245000: [15, 14, 25, 5, 18, 9, 2, 6, 10, 3, 16, 2, 4, 2, 2, 2, 10, 2]
9250000: [16, 24, 2, 2, 7, 4, 2, 17, 16, 10, 8, 2, 12, 3, 3, 10, 2, 2, 2]
9255000: [15, 23, 2, 6, 4, 16, 21, 13, 4, 10, 4, 7, 2, 2, 2, 9, 3]
9260000: [12, 22, 6, 17, 2, 24, 12, 6, 9, 3, 7, 2, 3, 9, 3]
9265000: [8, 21, 5, 24, 13, 5, 10, 2, 4, 8, 2, 14, 2, 10, 3]
9270000: [9, 22, 4, 25, 7, 4, 8, 8, 2, 2, 15, 2, 12, 5, 2, 2, 2, 2, 2, 2, 2]
9275000: [8, 26, 4, 23, 7, 4, 11, 9, 3, 2, 14, 2, 12, 4, 2, 2, 2, 2]
9280000: [9, 25, 2, 5, 22, 8, 4, 2, 10, 15, 8, 2, 3, 11, 4, 2, 2, 2, 2]
9285000: [9, 26, 4, 23, 10, 4, 2, 8, 15, 8, 2, 2, 10, 4, 2, 3]
9290000: [9, 27, 27, 4, 9, 5, 14, 9, 10, 8, 3, 2, 2, 3]
9295000: [10, 5, 2, 24, 26, 7, 5, 14, 2, 8, 9, 2, 2, 8, 2, 2]
9300000: [9, 5, 2, 24, 31, 6, 6, 15, 8, 2, 3, 10, 7, 2, 2]
9305000: [8, 6, 2, 28, 28, 8, 7, 15, 11, 3, 4, 9, 2, 3, 6, 2, 2]
9310000: [7, 27, 28, 9, 7, 6, 14, 11, 2, 2, 7, 2, 6, 3, 2, 2, 5, 2]
9315000: [7, 32, 2, 25, 9, 6, 6, 13, 8, 4, 2, 2, 4, 2, 6, 7]
9320000: [7, 28, 27, 9, 4, 6, 13, 10, 6, 7, 2, 2, 2, 4, 3]
9325000: [11, 24, 5, 24, 10, 4, 2, 7, 11, 7, 5, 13, 3, 2]
9330000: [11, 23, 2, 25, 10, 4, 2, 7, 12, 8, 5, 13, 4, 3, 2, 2, 2, 2, 3, 3, 2]
9335000: [9, 2, 2, 28, 2, 8, 3, 8, 12, 20, 4, 8, 6, 11, 3, 2]
9340000: [11, 2, 35, 2, 9, 21, 6, 15, 8, 4, 9, 3, 3, 2, 2, 2, 2, 2]
9345000: [3, 9, 34, 17, 19, 8, 5, 9, 5, 2, 4, 2, 2, 4, 9, 2, 2]
9350000: [3, 11, 34, 2, 2, 18, 5, 11, 23, 5, 2, 10, 2, 4, 2, 6, 3, 8, 2]
9355000: [34, 2, 9, 18, 4, 22, 10, 5, 8, 3, 5, 7, 2, 2, 2]
9360000: [39, 8, 2, 9, 2, 16, 4, 20, 9, 6, 3, 4, 2, 2, 5, 2]
9365000: [35, 6, 11, 2, 16, 4, 22, 10, 2, 3, 2, 2, 5, 6, 5, 2, 2, 2]
9370000: [2, 34, 2, 6, 12, 17, 3, 2, 3, 21, 9, 3, 3, 3, 6, 7, 2, 5]
9375000: [2, 36, 6, 7, 13, 16, 2, 2, 24, 10, 3, 8, 6, 4, 3, 2]
9380000: [9, 16, 37, 6, 5, 14, 2, 2, 25, 8, 3, 4, 4, 6, 2, 2]
9385000: [9, 2, 17, 25, 35, 7, 5, 15, 9, 2, 3, 2, 5, 2, 5, 2, 2, 2, 2]
9390000: [8, 14, 24, 37, 4, 5, 5, 15, 9, 2, 5, 2, 2, 5, 2, 2]
9395000: [9, 13, 21, 35, 2, 9, 5, 15, 11, 3, 3, 6, 5, 2, 3, 2]
9400000: [7, 5, 12, 21, 37, 3, 9, 4, 14, 11, 4, 2, 2, 2, 7, 3, 2, 2, 3, 2, 2]
9405000: [8, 5, 12, 9, 20, 33, 4, 12, 8, 11, 3, 2, 5, 3, 2, 3, 4, 2, 2, 2, 2, 2]
9410000: [8, 5, 35, 9, 21, 5, 11, 8, 12, 3, 11, 3, 2, 3, 2, 4, 3]
9415000: [9, 6, 32, 25, 9, 6, 2, 13, 11, 6, 2, 4, 2, 3, 3, 2, 4, 8, 3, 2, 2]
9420000: [9, 7, 28, 23, 11, 5, 2, 12, 5, 11, 8, 6, 8, 4, 2, 3, 2]
9425000: [7, 7, 29, 23, 2, 10, 4, 17, 13, 4, 2, 2, 8, 2, 2, 9, 5, 2, 3, 3, 2]
9430000: [5, 9, 32, 25, 9, 6, 3, 19, 9, 14, 4, 3, 6, 2, 3, 2, 2, 3, 2, 2]
9435000: [5, 7, 35, 25, 8, 2, 18, 8, 11, 3, 5, 4, 6, 3, 2, 2, 2, 2, 3, 2]
9440000: [6, 9, 34, 10, 23, 18, 8, 10, 4, 3, 4, 7, 3, 2, 2]
9445000: [34, 2, 10, 22, 19, 8, 2, 12, 8, 4, 4, 6, 2, 2, 6, 2, 2, 4, 2]
9450000: [37, 2, 18, 21, 7, 11, 10, 6, 5, 9, 4, 7, 3, 2, 2, 2, 5, 2, 2]
9455000: [33, 2, 2, 20, 22, 2, 8, 11, 2, 12, 5, 6, 7, 3, 9, 4, 7, 2, 3]
9460000: [35, 22, 20, 3, 11, 2, 4, 2, 7, 6, 8, 9, 2, 10, 4, 2, 7]
9465000: [28, 21, 20, 10, 2, 2, 2, 2, 7, 3, 9, 8, 9, 3, 11, 4, 8]
9470000: [27, 3, 20, 12, 2, 19, 9, 5, 4, 8, 10, 10, 2, 2, 7, 2, 2, 4]
9475000: [26, 18, 12, 16, 7, 11, 5, 3, 2, 8, 7, 10, 7, 2, 2, 4, 2, 2]
9480000: [26, 2, 19, 12, 8, 17, 4, 10, 11, 2, 2, 8, 10, 6, 2, 5]
9485000: [27, 2, 18, 19, 10, 12, 8, 3, 3, 6, 2, 5, 5, 10, 3, 5, 3]
9490000: [3, 25, 2, 16, 9, 12, 8, 17, 4, 11, 3, 6, 5, 5, 3, 4, 3, 2, 2, 2]
9495000: [2, 24, 5, 10, 11, 9, 18, 15, 11, 7, 6, 3, 2, 2, 2, 2, 2, 3]
9500000: [23, 2, 5, 10, 13, 10, 2, 18, 2, 2, 12, 13, 2, 3, 6, 6, 4, 2, 2, 2, 2, 2, 3]
9505000: [24, 5, 9, 12, 13, 6, 14, 2, 2, 13, 2, 4, 7, 8, 2, 2, 2, 2, 2, 3]
9510000: [24, 2, 6, 11, 11, 7, 14, 13, 2, 10, 6, 8, 3, 2, 2]
9515000: [25, 3, 11, 11, 8, 12, 3, 9, 2, 9, 6, 5, 8, 3, 2, 2]
9520000: [31, 11, 10, 7, 2, 13, 6, 8, 2, 10, 7, 8, 2, 2, 2, 2, 2]
9525000: [31, 2, 14, 9, 7, 2, 15, 9, 7, 9, 7, 2, 2, 6, 3]
9530000: [35, 14, 10, 7, 3, 17, 11, 6, 9, 2, 7, 2, 2, 2, 2, 3, 2]
9535000: [40, 16, 10, 4, 18, 8, 10, 7, 2, 2, 9, 6, 2, 2, 2, 3]
9540000: [38, 15, 10, 17, 8, 7, 2, 9, 10, 5, 3, 2, 3, 2]
9545000: [3, 40, 18, 8, 20, 2, 9, 5, 11, 2, 2, 9, 7, 2, 2, 2, 2, 2, 2, 2, 2]
9550000: [2, 2, 38, 19, 10, 19, 10, 5, 14, 2, 12, 6, 2, 2, 2, 2, 4, 2]
9555000: [37, 9, 20, 16, 9, 7, 14, 10, 5, 2, 6, 2, 2, 2]
9560000: [2, 2, 37, 2, 8, 23, 15, 9, 6, 14, 6, 14, 2, 2, 6, 2, 3, 2]
9565000: [2, 38, 9, 23, 13, 10, 2, 7, 12, 9, 15, 6, 2, 2]
9570000: [39, 9, 2, 13, 9, 10, 12, 8, 22, 14, 2, 5, 2, 2, 2]
9575000: [34, 2, 11, 12, 10, 9, 11, 2, 8, 22, 11, 2, 4, 2, 2, 2, 2]
9580000: [10, 2, 11, 34, 9, 12, 11, 21, 13, 2, 8, 4, 2, 2]
9585000: [11, 2, 12, 35, 9, 22, 9, 13, 6, 4, 2, 12, 2]
9590000: [12, 2, 2, 12, 37, 21, 10, 2, 10, 13, 5, 2, 5, 12, 2, 2, 2]
9595000: [14, 10, 38, 23, 9, 7, 13, 2, 6, 5, 13, 2, 2, 2]
9600000: [10, 11, 40, 19, 7, 6, 12, 3, 3, 2, 2, 4, 2, 5, 11, 2, 2]
9605000: [8, 9, 42, 18, 2, 2, 8, 6, 13, 3, 2, 4, 4, 11]
9610000: [8, 8, 41, 19, 7, 2, 6, 12, 5, 2, 4, 5, 11, 2, 2]
9615000: [8, 9, 38, 18, 7, 7, 12, 2, 2, 2, 4, 7, 11, 3, 2]
9620000: [8, 7, 7, 43, 18, 2, 8, 6, 2, 12, 2, 3, 12, 2, 3, 2, 2, 2]
9625000: [7, 9, 43, 19, 2, 7, 8, 8, 13, 11, 2, 3, 2, 2]
9630000: [6, 42, 23, 9, 12, 9, 12, 14, 2, 3, 8, 3, 2, 2, 2]
9635000: [5, 43, 24, 11, 12, 2, 2, 11, 15, 2, 2, 9, 7, 2, 3, 2, 2]
9640000: [5, 43, 25, 11, 2, 12, 11, 15, 2, 10, 5, 2, 3, 2, 2]
9645000: [4, 40, 24, 13, 2, 3, 11, 7, 14, 2, 2, 3, 9, 10, 4, 2]
9650000: [4, 42, 22, 13, 2, 11, 2, 10, 8, 12, 8, 2, 3, 2, 3]
9655000: [14, 7, 41, 24, 11, 9, 3, 8, 2, 2, 7, 9, 2, 2, 2, 3, 3, 4]
9660000: [7, 35, 26, 11, 11, 2, 9, 11, 3, 3, 7, 8, 2, 5, 5, 2]
9665000: [43, 24, 11, 2, 12, 2, 2, 8, 11, 3, 2, 2, 7, 7, 6, 6, 2, 2, 2]
9670000: [44, 9, 25, 9, 10, 3, 2, 8, 2, 11, 3, 2, 8, 2, 4, 7, 2, 2, 2, 2]
9675000: [9, 44, 10, 25, 13, 9, 2, 10, 2, 3, 7, 6, 2, 2, 2, 2]
9680000: [10, 42, 9, 25, 9, 12, 11, 2, 2, 2, 9, 4, 3, 5, 2, 2, 2, 2]
9685000: [26, 10, 8, 12, 11, 40, 2, 9, 2, 3, 4, 5, 2, 7, 2]
9690000: [25, 11, 7, 40, 10, 12, 2, 2, 2, 2, 9, 3, 5, 10, 2]
9695000: [22, 15, 4, 34, 9, 12, 2, 2, 4, 11, 2, 2, 3, 5, 12, 3, 2]
9700000: [24, 3, 17, 4, 32, 13, 8, 2, 2, 2, 11, 4, 3, 12, 2, 2, 2]
9705000: [21, 3, 19, 5, 31, 13, 13, 4, 11, 4, 4, 2, 2, 3, 12, 2, 2, 2, 2]
9710000: [12, 23, 3, 18, 5, 32, 13, 2, 2, 13, 2, 3, 2, 4, 3, 10, 3, 2, 2, 2]
9715000: [11, 25, 3, 18, 8, 30, 12, 3, 2, 2, 2, 13, 6, 4, 2, 3, 3, 8, 3, 2, 2, 2]
9720000: [11, 27, 3, 17, 8, 14, 3, 32, 6, 5, 2, 15, 3, 3, 2, 6, 2, 2, 2, 2, 2]
9725000: [12, 26, 10, 18, 14, 2, 28, 2, 4, 16, 2, 4, 6, 2, 2, 2, 2, 5, 3]
9730000: [31, 11, 17, 14, 11, 30, 2, 13, 2, 6, 2, 2, 2, 3, 2, 2, 2, 2, 2]
9735000: [31, 9, 15, 13, 11, 2, 2, 29, 2, 10, 2, 3, 2, 3, 2, 7, 2, 3, 2, 3, 2]
9740000: [28, 10, 15, 10, 11, 3, 25, 3, 11, 3, 2, 3, 8, 2, 2, 2, 2, 2, 2, 2, 2, 2]
9745000: [30, 11, 19, 9, 12, 9, 13, 2, 23, 3, 2, 3, 3, 2, 2, 2, 2, 2, 2, 2, 2]
9750000: [24, 13, 21, 9, 10, 10, 12, 25, 2, 2, 2, 3, 2, 5, 5, 3, 2, 2, 2, 2, 2, 2]
9755000: [23, 11, 2, 17, 12, 10, 11, 2, 25, 3, 4, 2, 3, 4, 2, 2, 2, 2, 4, 8, 2, 2, 2, 2, 2]
9760000: [21, 11, 17, 12, 10, 13, 22, 4, 2, 3, 2, 9, 3, 2, 3, 2, 2, 3]
9765000: [19, 8, 15, 19, 9, 10, 25, 2, 5, 3, 2, 9, 2, 3, 2, 2, 3]
9770000: [9, 21, 9, 13, 7, 23, 18, 4, 2, 2, 3, 2, 5, 9, 4, 2, 2]
9775000: [11, 14, 21, 2, 8, 8, 23, 5, 17, 2, 2, 4, 2, 10, 3, 2, 2, 2, 4, 3, 2, 2, 3, 2]
9780000: [11, 16, 23, 2, 6, 8, 27, 18, 2, 2, 10, 4, 2, 4, 2, 2, 2, 2, 2, 2]
9785000: [10, 16, 23, 2, 8, 10, 28, 2, 17, 2, 2, 9, 3, 3, 2, 4, 2, 2, 3, 2, 2]
9790000: [13, 24, 13, 2, 9, 27, 8, 18, 2, 4, 2, 3, 2, 7, 2, 2, 3]
9795000: [14, 26, 13, 3, 9, 27, 8, 5, 17, 2, 2, 5, 2, 2, 2, 2, 2, 2, 2, 2]
9800000: [13, 23, 13, 3, 2, 10, 25, 8, 5, 3, 15, 2, 3, 2, 3, 2, 2]
9805000: [15, 27, 15, 2, 11, 30, 8, 8, 2, 3, 15, 3, 2, 3, 2, 2, 2, 2, 2, 2, 2]
9810000: [13, 27, 17, 2, 12, 28, 7, 7, 4, 3, 2, 5, 3, 15, 4, 2, 2, 2]
9815000: [13, 23, 18, 3, 12, 29, 6, 7, 3, 2, 4, 5, 16, 2, 2, 2, 2, 2]
9820000: [27, 14, 19, 25, 4, 14, 6, 2, 7, 2, 3, 15, 3, 2, 2, 2, 2, 2, 3]
9825000: [28, 15, 25, 4, 17, 17, 2, 2, 9, 5, 2, 2, 15, 2, 3, 2, 2]
9830000: [2, 33, 17, 26, 17, 15, 2, 9, 2, 2, 2, 15, 2, 2, 2, 2, 2]
9835000: [34, 16, 26, 2, 13, 3, 2, 10, 13, 16, 2, 2, 2, 2, 2]
9840000: [30, 16, 24, 11, 13, 3, 3, 13, 16, 2, 3, 2, 2, 3]
9845000: [28, 16, 24, 10, 11, 4, 3, 13, 16, 2, 2, 3, 2, 2, 2, 2, 2]
9850000: [24, 24, 8, 11, 14, 3, 3, 2, 13, 18, 4, 2, 2, 3, 3, 3, 2, 2]
9855000: [8, 30, 23, 14, 2, 11, 14, 3, 3, 16, 2, 2, 2, 2, 3, 2, 2, 3, 2, 3, 2, 3]
9860000: [9, 30, 16, 22, 2, 13, 15, 3, 5, 2, 14, 3, 2, 3, 2, 4, 3, 3, 2, 2]
9865000: [9, 28, 16, 21, 13, 15, 4, 2, 5, 3, 12, 3, 2, 2, 3, 2, 2, 2, 2]
9870000: [8, 28, 14, 20, 2, 12, 13, 3, 4, 2, 12, 4, 2, 2, 2, 2, 2]
9875000: [9, 28, 13, 22, 3, 11, 11, 3, 3, 2, 11, 4, 2, 2, 2, 2]
9880000: [9, 3, 28, 13, 23, 4, 10, 12, 3, 4, 2, 3, 11, 3, 2, 3, 2, 2, 2]
9885000: [8, 2, 30, 14, 3, 12, 12, 3, 4, 23, 2, 2, 10, 2, 2, 2, 2, 2, 2, 2, 2, 2]
9890000: [9, 33, 13, 13, 12, 2, 2, 27, 4, 5, 8, 2, 2, 2, 3, 2, 3, 2, 3, 3, 2]
9895000: [8, 28, 14, 13, 12, 2, 25, 2, 2, 7, 6, 2, 2, 3, 3, 2, 2, 2, 2, 2, 2, 2]
9900000: [11, 28, 27, 13, 13, 12, 3, 6, 6, 2, 2, 3, 2, 2, 2, 2, 2, 2, 2, 2]
9905000: [29, 15, 2, 2, 26, 12, 11, 4, 7, 6, 8, 3, 2, 3, 2, 2, 2, 2, 2, 3, 2, 2]
9910000: [28, 30, 14, 12, 12, 5, 7, 7, 7, 2, 7, 2, 3, 3, 2, 2, 2, 2]
9915000: [28, 27, 13, 12, 12, 4, 6, 2, 2, 6, 3, 5, 2, 2, 2, 3, 2, 2, 4, 2, 2, 2]
9920000: [25, 28, 14, 12, 12, 8, 7, 2, 6, 3, 2, 3, 2, 3, 2, 2]
9925000: [27, 28, 3, 15, 3, 11, 12, 8, 6, 2, 5, 2, 2, 3, 2, 2, 3, 2, 2, 3, 2, 2]
9930000: [3, 26, 29, 5, 16, 3, 13, 12, 9, 8, 4, 3, 3, 3, 3, 2, 2, 2, 2, 2, 2, 2]
9935000: [3, 3, 27, 25, 17, 2, 12, 12, 4, 8, 7, 2, 6, 3, 3, 3, 5, 2, 2, 2, 2, 2]
9940000: [3, 22, 20, 17, 12, 12, 9, 7, 6, 4, 3, 2, 3, 3, 5, 2, 2, 2]
9945000: [25, 19, 16, 10, 10, 8, 9, 4, 10, 5, 2, 2, 4, 4, 5, 2, 2]
9950000: [27, 18, 13, 9, 9, 7, 11, 11, 2, 5, 2, 2, 3, 4, 2, 2, 2, 2, 3, 2, 2, 2]
9955000: [13, 31, 20, 13, 5, 2, 8, 11, 8, 13, 5, 2, 2, 4, 2, 3]
9960000: [13, 33, 19, 13, 6, 7, 2, 8, 2, 2, 10, 13, 5, 4, 2, 3, 2]
9965000: [15, 33, 18, 2, 13, 9, 2, 2, 2, 7, 5, 9, 12, 2, 2, 2, 5, 2, 3, 4]
9970000: [15, 37, 17, 15, 2, 8, 4, 2, 2, 7, 3, 9, 13, 5, 2, 6, 2, 4, 2, 3]
9975000: [16, 37, 18, 12, 8, 7, 3, 9, 15, 4, 4, 5, 2, 4, 2]
9980000: [17, 39, 21, 11, 10, 9, 3, 7, 12, 3, 4, 5, 3, 2, 2, 2]
9985000: [20, 38, 23, 12, 11, 8, 6, 3, 13, 3, 4, 5, 3, 2, 2, 2]
9990000: [20, 38, 23, 11, 12, 9, 5, 3, 11, 3, 3, 2, 2, 4, 2, 2, 5, 2, 2, 2]
9995000: [16, 40, 21, 9, 8, 5, 10, 3, 2, 2, 3, 3, 9, 2, 2, 2, 6, 2, 2]
10000000: [15, 37, 22, 4, 9, 5, 2, 11, 2, 3, 2, 6, 9, 2, 2, 8, 3, 2, 3, 2, 2]
