# V2 - Timesteps, No of clusters, Mean cluster size, Size largest cluster, No clusters size 1, No prot bound to poly, Fraction clusters bound to poly, No type 2 poly bound to prot, Mean no type 2 in prot cluster
3000000 22 10.72727 35 74 239 0.81818 79 3.59091
3005000 21 11.38095 36 72 242 0.76190 78 3.66667
3010000 18 12.72222 35 76 238 0.88889 79 4.33333
3015000 22 10.36364 34 62 237 0.86364 79 3.54545
3020000 20 11.20000 41 56 231 0.80000 79 3.85000
3025000 17 13.58824 40 58 236 1.00000 79 4.58824
3030000 17 13.35294 39 63 232 0.94118 79 4.64706
3035000 18 12.55556 36 68 233 0.88889 80 4.38889
3040000 20 11.30000 34 65 239 0.90000 80 4.00000
3045000 16 13.00000 33 78 218 0.93750 79 4.93750
3050000 20 11.05000 34 75 232 0.95000 79 3.95000
3055000 20 11.00000 36 76 226 1.00000 79 3.95000
3060000 21 10.38095 37 70 218 0.85714 77 3.66667
3065000 22 9.59091 37 70 214 0.90909 77 3.45455
3070000 19 10.68421 38 68 206 0.84211 76 3.94737
3075000 23 9.21739 37 63 203 0.73913 77 3.21739
3080000 22 9.31818 33 73 213 0.81818 77 3.40909
3085000 25 8.68000 29 70 216 0.76000 78 3.04000
3090000 22 9.81818 29 73 227 0.77273 78 3.45455
3095000 18 11.33333 27 80 221 0.83333 76 4.11111
3100000 19 10.52632 26 85 227 0.94737 77 3.89474
3105000 20 10.35000 27 75 220 0.85000 77 3.75000
3110000 24 8.79167 27 72 223 0.75000 77 3.16667
3115000 23 8.73913 27 72 215 0.86957 78 3.26087
3120000 23 9.26087 28 71 221 0.86957 78 3.30435
3125000 23 9.34783 29 67 225 0.82609 78 3.30435
3130000 26 8.61538 28 55 229 0.80769 77 2.96154
3135000 24 9.29167 26 62 227 0.79167 75 3.12500
3140000 24 9.20833 27 64 237 0.79167 76 3.12500
3145000 23 9.60870 28 72 241 0.78261 78 3.34783
3150000 20 10.85000 30 72 237 0.90000 78 3.80000
3155000 24 9.45833 30 62 239 0.83333 77 3.16667
3160000 27 8.51852 28 65 244 0.92593 79 2.85185
3165000 21 10.85714 30 74 241 0.95238 77 3.66667
3170000 22 10.45455 30 66 249 0.95455 78 3.50000
3175000 24 9.79167 27 70 241 0.79167 79 3.20833
3180000 27 8.66667 24 73 244 0.81481 81 2.92593
3185000 27 8.62963 24 74 242 0.77778 79 2.88889
3190000 26 8.76923 23 71 242 0.88462 78 2.96154
3195000 25 9.20000 23 75 236 0.84000 78 3.08000
3200000 25 9.00000 24 70 229 0.76000 79 3.12000
3205000 20 11.00000 26 75 237 0.85000 79 3.90000
3210000 22 10.09091 25 74 236 0.86364 80 3.59091
3215000 19 11.52632 32 80 242 0.89474 80 4.10526
3220000 25 9.32000 34 65 231 0.64000 79 3.12000
3225000 21 10.61905 32 74 230 0.90476 78 3.71429
3230000 20 11.60000 32 78 243 0.80000 78 3.85000
3235000 19 12.42105 33 76 253 0.89474 79 4.10526
3240000 23 9.86957 31 71 242 0.86957 78 3.39130
3245000 22 10.18182 30 65 231 0.81818 79 3.50000
3250000 29 8.03448 27 61 222 0.72414 79 2.65517
3255000 21 10.66667 27 77 234 0.85714 79 3.71429
3260000 25 9.08000 26 64 238 0.92000 79 3.16000
3265000 25 9.16000 26 68 235 0.84000 79 3.08000
3270000 23 9.91304 28 65 230 0.78261 79 3.43478
3275000 25 9.24000 30 67 231 0.84000 80 3.20000
3280000 25 9.00000 29 75 237 0.88000 80 3.20000
3285000 29 8.10345 26 60 239 0.75862 79 2.72414
3290000 18 12.00000 27 81 241 0.83333 78 4.27778
3295000 17 12.17647 28 92 235 0.94118 79 4.52941
3300000 25 9.08000 29 79 232 0.72000 80 3.08000
3305000 22 10.45455 29 75 240 0.90909 79 3.59091
3310000 22 10.09091 26 88 234 0.81818 77 3.45455
3315000 26 8.53846 25 77 233 0.76923 78 2.96154
3320000 25 8.96000 24 70 231 0.80000 79 3.16000
3325000 23 9.73913 24 69 226 0.69565 78 3.34783
3330000 23 10.08696 26 58 236 0.69565 77 3.34783
3335000 19 11.89474 29 72 237 0.84211 78 4.05263
3340000 23 9.86957 27 72 236 0.78261 76 3.30435
3345000 19 12.36842 34 74 250 0.89474 73 3.73684
3350000 21 11.47619 33 72 248 0.71429 75 3.42857
3355000 21 11.42857 37 74 253 0.76190 77 3.61905
3360000 22 10.86364 34 75 248 0.81818 76 3.45455
3365000 26 9.26923 30 79 248 0.69231 77 2.92308
3370000 22 10.40909 33 72 245 0.86364 78 3.45455
3375000 24 9.79167 34 81 244 0.79167 78 3.16667
3380000 22 9.86364 29 97 237 0.81818 76 3.36364
3385000 28 8.46429 32 74 246 0.82143 77 2.67857
3390000 24 9.54167 31 78 237 0.70833 80 3.16667
3395000 25 9.52000 29 71 242 0.80000 78 3.04000
3400000 27 8.96296 32 78 251 0.77778 77 2.81481
3405000 21 10.76190 31 94 245 0.95238 76 3.52381
3410000 26 9.23077 31 76 245 0.80769 78 2.92308
3415000 26 9.26923 28 72 250 0.84615 78 3.00000
3420000 24 10.04167 35 79 247 0.79167 77 3.20833
3425000 21 11.61905 38 83 265 0.85714 79 3.76190
3430000 21 11.61905 36 74 251 0.85714 79 3.76190
3435000 22 11.18182 34 62 255 0.81818 79 3.59091
3440000 19 12.21053 35 72 249 0.84211 77 3.94737
3445000 21 11.04762 36 60 237 0.80952 78 3.66667
3450000 18 12.77778 37 56 241 0.83333 78 4.05556
3455000 17 12.58824 36 64 229 0.94118 75 4.35294
3460000 20 11.35000 35 55 239 0.75000 76 3.75000
3465000 17 12.23529 34 68 229 0.88235 76 4.41176
3470000 16 12.56250 34 78 222 0.87500 76 4.75000
3475000 20 10.85000 33 68 222 0.75000 78 3.85000
3480000 20 10.30000 32 75 227 0.80000 79 3.85000
3485000 18 11.66667 34 67 215 0.77778 77 4.22222
3490000 16 12.87500 34 76 222 0.87500 78 4.81250
3495000 20 10.55000 30 70 216 0.80000 80 3.85000
3500000 21 9.85714 29 64 208 0.71429 79 3.71429
3505000 24 9.00000 27 67 225 0.83333 80 3.25000
3510000 24 8.75000 29 68 215 0.87500 80 3.33333
3515000 23 9.00000 32 74 219 0.78261 80 3.43478
3520000 25 8.84000 29 66 220 0.84000 80 3.16000
3525000 19 11.05263 28 73 227 0.84211 79 4.15789
3530000 21 10.42857 30 77 236 0.90476 79 3.76190
3535000 24 8.87500 30 73 224 0.87500 80 3.29167
3540000 21 10.19048 30 73 219 0.80952 80 3.76190
3545000 23 9.43478 32 58 213 0.73913 81 3.47826
3550000 20 10.60000 31 64 216 0.85000 80 4.00000
3555000 22 9.72727 30 69 222 0.77273 81 3.68182
3560000 17 12.35294 30 76 227 1.00000 81 4.70588
3565000 22 10.09091 27 69 226 0.72727 80 3.63636
3570000 22 10.50000 26 69 235 0.90909 79 3.59091
3575000 21 10.61905 26 72 230 0.85714 80 3.76190
3580000 23 9.91304 26 72 234 0.78261 80 3.43478
3585000 18 11.27778 26 93 234 1.00000 80 4.33333
3590000 25 8.76000 27 80 227 0.72000 80 3.16000
3595000 28 8.28571 28 69 233 0.75000 81 2.85714
3600000 21 10.09524 27 83 230 0.85714 80 3.80952
3605000 22 10.13636 26 71 229 0.81818 80 3.63636
3610000 22 9.95455 30 79 224 0.86364 80 3.63636
3615000 21 10.52381 29 82 232 0.85714 79 3.71429
3620000 22 10.27273 30 69 230 0.77273 79 3.59091
3625000 21 10.66667 29 70 233 0.85714 79 3.76190
3630000 24 9.50000 30 72 237 0.83333 80 3.33333
3635000 22 10.77273 30 73 236 0.81818 80 3.63636
3640000 22 10.81818 29 70 241 0.77273 79 3.59091
3645000 18 12.33333 29 79 232 0.77778 80 4.44444
3650000 22 10.68182 28 65 236 0.77273 78 3.54545
3655000 18 12.33333 31 72 230 0.77778 79 4.38889
3660000 19 11.21053 31 86 231 0.94737 79 4.15789
3665000 18 12.16667 31 81 228 0.77778 79 4.38889
3670000 21 10.80952 33 71 237 0.71429 79 3.76190
3675000 25 9.20000 31 58 230 0.80000 78 3.12000
3680000 24 9.62500 33 65 223 0.66667 78 3.20833
3685000 24 9.87500 37 69 234 0.79167 78 3.25000
3690000 19 12.10526 37 92 243 0.89474 79 4.10526
3695000 23 10.26087 34 77 236 0.78261 78 3.39130
3700000 26 9.03846 33 70 229 0.69231 78 3.00000
3705000 18 12.50000 32 84 237 0.88889 79 4.33333
3710000 19 11.89474 32 77 234 0.89474 78 4.05263
3715000 23 9.86957 33 74 224 0.73913 79 3.39130
3720000 21 10.66667 33 76 224 0.85714 78 3.66667
3725000 22 10.18182 32 74 219 0.77273 77 3.40909
3730000 21 10.38095 31 81 222 0.76190 79 3.66667
3735000 20 11.05000 29 89 234 0.85000 79 3.85000
3740000 23 10.43478 31 74 245 0.82609 80 3.47826
3745000 22 10.95455 29 77 239 0.72727 80 3.63636
3750000 20 12.05000 29 71 238 0.85000 80 4.00000
3755000 20 12.25000 31 62 228 0.80000 81 4.05000
3760000 23 9.95652 29 60 226 0.69565 81 3.52174
3765000 21 10.80952 30 62 209 0.76190 80 3.80952
3770000 19 11.52632 27 78 212 0.89474 80 4.21053
3775000 23 9.86957 28 66 220 0.78261 80 3.47826
3780000 23 9.69565 25 69 221 0.86957 78 3.39130
3785000 23 9.56522 26 65 218 0.69565 78 3.39130
3790000 23 9.69565 28 66 223 0.78261 78 3.39130
3795000 19 11.31579 28 73 231 0.89474 79 4.15789
3800000 21 10.19048 30 69 218 0.85714 78 3.66667
3805000 23 9.73913 30 67 225 0.78261 78 3.34783
3810000 22 10.04545 29 82 226 0.72727 77 3.45455
3815000 24 9.20833 28 71 218 0.70833 76 3.12500
3820000 24 8.95833 25 71 203 0.66667 76 3.16667
3825000 20 10.75000 28 73 230 0.90000 77 3.85000
3830000 25 9.12000 24 63 227 0.76000 78 3.12000
3835000 23 9.82609 25 71 234 0.86957 79 3.39130
3840000 23 9.86957 25 67 220 0.82609 78 3.34783
3845000 23 10.47826 27 64 229 0.69565 78 3.34783
3850000 21 10.76190 29 68 227 0.76190 78 3.66667
3855000 20 10.85000 29 67 218 0.80000 76 3.75000
3860000 19 11.36842 28 71 215 0.78947 77 4.00000
3865000 19 11.31579 29 73 219 0.78947 75 3.94737
3870000 19 11.21053 30 68 214 0.68421 77 4.00000
3875000 19 11.26316 29 67 224 0.84211 75 3.94737
3880000 17 12.47059 31 73 223 0.82353 77 4.41176
3885000 20 11.15000 32 64 227 0.80000 76 3.75000
3890000 20 11.30000 33 66 226 0.85000 78 3.75000
3895000 20 11.15000 30 72 223 0.70000 77 3.80000
3900000 21 10.38095 29 81 225 0.66667 75 3.52381
3905000 19 11.42105 28 83 230 0.94737 75 3.89474
3910000 22 10.09091 28 78 222 0.77273 74 3.31818
3915000 18 12.44444 29 81 237 0.83333 75 4.05556
3920000 19 12.31579 37 64 252 0.78947 74 3.78947
3925000 19 12.36842 36 65 245 0.84211 74 3.78947
3930000 19 12.26316 37 59 233 0.84211 75 3.84211
3935000 26 9.61538 35 53 243 0.65385 75 2.88462
3940000 21 11.33333 30 72 241 0.76190 78 3.66667
3945000 20 12.10000 31 75 254 0.75000 79 3.85000
3950000 18 13.55556 38 67 253 0.94444 81 4.33333
3955000 20 12.00000 37 67 245 0.85000 81 3.95000
3960000 20 12.35000 38 60 262 0.95000 81 4.05000
3965000 20 12.25000 36 66 253 0.90000 81 4.00000
3970000 19 12.42105 37 71 255 0.94737 80 4.15789
3975000 21 11.33333 38 70 245 0.71429 78 3.66667
3980000 25 9.72000 38 62 238 0.72000 78 3.12000
3985000 24 10.00000 37 63 237 0.70833 79 3.29167
3990000 21 11.23810 40 69 243 0.76190 79 3.76190
3995000 22 10.59091 39 58 236 0.72727 79 3.59091
4000000 23 10.56522 39 57 239 0.73913 80 3.43478
4005000 23 10.39130 40 69 257 0.86957 80 3.43478
4010000 24 9.79167 37 68 246 0.79167 80 3.29167
4015000 21 10.66667 35 72 235 0.85714 79 3.71429
4020000 23 10.04348 35 71 236 0.82609 79 3.43478
4025000 24 9.70833 38 72 252 0.87500 78 3.20833
4030000 23 10.08696 37 65 245 1.00000 79 3.39130
4035000 26 9.03846 35 67 243 0.80769 79 3.00000
4040000 25 8.96000 33 73 225 0.72000 79 3.08000
4045000 23 9.82609 32 68 235 0.86957 78 3.30435
4050000 21 10.76190 33 62 235 0.95238 78 3.66667
4055000 25 9.12000 32 56 240 0.96000 77 3.04000
4060000 23 9.56522 34 66 225 0.86957 76 3.26087
4065000 22 9.90909 32 70 232 0.95455 76 3.40909
4070000 26 8.53846 33 74 231 0.84615 77 2.92308
4075000 27 8.51852 33 73 232 0.74074 76 2.81481
4080000 22 10.04545 32 79 239 0.86364 76 3.45455
4085000 24 9.54167 32 77 243 0.83333 78 3.20833
4090000 25 9.56000 32 71 250 0.84000 78 3.08000
4095000 26 9.69231 32 60 250 0.76923 79 2.96154
4100000 22 10.77273 31 65 244 0.90909 78 3.50000
4105000 22 10.45455 30 67 236 0.77273 77 3.40909
4110000 23 10.17391 28 67 231 0.73913 78 3.26087
4115000 21 10.80952 26 70 235 0.90476 78 3.57143
4120000 23 10.13043 27 58 233 0.86957 76 3.17391
4125000 21 10.61905 26 71 239 0.85714 79 3.57143
4130000 22 10.09091 26 79 236 0.86364 79 3.40909
4135000 23 10.00000 27 65 231 0.86957 77 3.34783
4140000 26 9.26923 26 56 230 0.80769 75 2.84615
4145000 21 11.04762 27 56 226 0.85714 77 3.47619
4150000 23 10.34783 27 63 227 0.82609 77 3.21739
4155000 18 12.72222 33 70 236 0.94444 76 4.11111
4160000 21 11.09524 31 65 234 0.85714 76 3.47619
4165000 22 10.72727 31 61 243 0.72727 78 3.40909
4170000 20 11.60000 33 70 250 0.90000 78 3.85000
4175000 23 10.26087 30 61 237 0.82609 78 3.39130
4180000 20 11.20000 31 86 239 0.85000 78 3.85000
4185000 22 10.59091 30 67 249 0.95455 79 3.54545
4190000 23 10.21739 32 69 249 0.95652 79 3.39130
4195000 24 9.66667 29 64 248 0.91667 80 3.33333
4200000 26 9.34615 30 60 240 0.76923 79 3.00000
4205000 20 11.05000 29 82 240 0.95000 79 3.95000
4210000 27 8.70370 27 68 242 0.85185 77 2.85185
4215000 30 7.93333 28 59 235 0.90000 76 2.53333
4220000 24 9.29167 29 70 236 0.83333 76 3.16667
4225000 25 9.32000 27 64 239 0.84000 77 3.04000
4230000 21 10.42857 27 62 227 0.90476 78 3.66667
4235000 21 10.61905 26 50 231 0.90476 80 3.71429
4240000 22 9.95455 24 61 227 0.90909 78 3.54545
4245000 21 10.33333 24 61 236 1.00000 79 3.71429
4250000 21 10.52381 23 73 237 0.95238 79 3.71429
4255000 25 9.12000 23 56 230 0.92000 79 3.16000
4260000 21 10.52381 25 71 242 1.00000 78 3.71429
4265000 26 9.11538 26 62 242 0.84615 76 2.92308
4270000 27 9.37037 26 52 258 0.96296 76 2.81481
4275000 24 9.75000 29 62 239 0.91667 77 3.16667
4280000 26 9.00000 27 55 243 0.92308 76 2.92308
4285000 25 9.04000 26 47 223 0.88000 77 3.04000
4290000 23 9.56522 28 51 234 0.91304 77 3.30435
4295000 22 10.09091 30 52 235 0.90909 78 3.45455
4300000 25 9.04000 31 50 235 0.84000 77 2.96000
4305000 28 8.17857 30 58 230 0.78571 78 2.67857
4310000 26 8.88462 30 66 238 0.88462 78 2.96154
4315000 24 9.70833 30 67 246 0.95833 79 3.20833
4320000 24 9.62500 30 67 237 0.91667 79 3.25000
4325000 25 9.60000 30 60 244 0.84000 79 3.08000
4330000 24 10.16667 29 53 252 0.87500 81 3.20833
4335000 24 9.79167 39 59 238 0.95833 80 3.25000
4340000 23 10.17391 41 60 240 0.95652 81 3.43478
4345000 27 8.88889 42 62 251 0.92593 79 2.88889
4350000 24 10.20833 40 67 252 0.91667 80 3.29167
4355000 26 9.65385 35 60 251 0.76923 79 3.00000
4360000 22 10.81818 31 69 251 0.90909 78 3.54545
4365000 25 9.80000 28 56 239 0.84000 78 3.12000
4370000 27 9.48148 27 54 240 0.81481 79 2.88889
4375000 24 10.12500 25 68 243 0.91667 79 3.20833
4380000 24 9.87500 24 64 240 0.87500 78 3.16667
4385000 21 10.61905 23 79 235 0.95238 78 3.61905
4390000 28 8.39286 23 74 230 0.75000 78 2.71429
4395000 26 8.73077 24 78 245 0.80769 77 2.92308
4400000 32 8.06250 23 67 246 0.75000 77 2.34375
4405000 28 8.96429 23 62 254 0.92857 78 2.71429
4410000 29 8.79310 22 52 255 0.82759 78 2.68966
4415000 27 9.48148 23 54 249 0.92593 78 2.88889
4420000 26 9.38462 23 65 247 0.88462 80 3.03846
4425000 25 9.92000 25 64 242 0.88000 79 3.12000
4430000 25 9.96000 25 62 235 0.80000 79 3.12000
4435000 23 10.26087 28 74 240 0.95652 80 3.43478
4440000 27 8.96296 28 72 238 0.85185 78 2.85185
4445000 30 8.60000 32 60 243 0.76667 79 2.60000
4450000 27 9.62963 32 60 244 0.81481 79 2.88889
4455000 27 9.59259 30 69 246 0.74074 79 2.88889
4460000 24 10.70833 33 69 251 0.87500 81 3.37500
4465000 28 9.53571 30 64 264 0.85714 81 2.89286
4470000 24 10.75000 27 67 254 1.00000 81 3.37500
4475000 23 11.52174 27 67 259 0.86957 80 3.47826
4480000 24 10.95833 34 64 259 0.91667 80 3.33333
4485000 27 9.77778 29 52 253 0.85185 80 2.96296
4490000 24 10.62500 30 64 260 0.95833 81 3.37500
4495000 25 10.28000 30 66 254 0.84000 81 3.20000
4500000 24 10.33333 29 67 239 0.79167 81 3.33333
4505000 24 10.00000 30 68 239 0.83333 80 3.29167
4510000 26 9.07692 27 67 235 0.80769 80 3.03846
4515000 26 9.65385 26 70 250 0.80769 80 3.03846
4520000 28 9.28571 26 61 255 0.78571 80 2.82143
4525000 26 9.53846 27 72 235 0.84615 79 3.03846
4530000 26 9.80769 30 68 244 0.80769 80 3.03846
4535000 26 9.88462 29 64 254 0.84615 79 3.03846
4540000 25 10.24000 27 63 253 0.92000 79 3.16000
4545000 25 10.28000 26 62 253 0.88000 80 3.20000
4550000 23 10.86957 26 68 254 0.86957 80 3.47826
4555000 25 10.28000 26 60 259 0.96000 80 3.20000
4560000 24 10.75000 25 67 260 0.91667 80 3.33333
4565000 24 11.00000 26 59 258 0.91667 79 3.29167
4570000 23 10.86957 26 62 251 0.86957 76 3.30435
4575000 25 9.80000 25 65 243 0.84000 76 3.04000
4580000 29 8.86207 25 57 249 0.79310 78 2.68966
4585000 28 9.21429 23 60 259 0.92857 77 2.75000
4590000 24 10.20833 22 64 249 0.91667 77 3.20833
4595000 25 9.64000 21 67 241 0.84000 78 3.12000
4600000 25 9.72000 22 60 250 0.80000 77 3.08000
4605000 24 10.00000 22 68 249 0.91667 77 3.20833
4610000 24 9.70833 21 69 240 0.87500 77 3.20833
4615000 21 10.90476 22 77 245 0.95238 77 3.66667
4620000 26 9.57692 21 72 243 0.88462 80 3.03846
4625000 22 11.36364 28 73 250 0.86364 79 3.59091
4630000 23 10.73913 27 69 236 0.82609 78 3.39130
4635000 24 10.08333 26 80 244 0.79167 78 3.16667
4640000 25 10.04000 27 70 245 0.76000 78 3.08000
4645000 25 9.92000 25 60 233 0.84000 77 3.08000
4650000 24 10.33333 28 65 246 0.95833 77 3.16667
4655000 25 10.40000 27 58 248 0.72000 77 3.08000
4660000 22 11.77273 30 61 246 0.90909 78 3.54545
4665000 23 11.26087 29 63 253 0.78261 78 3.39130
4670000 24 10.95833 31 65 249 0.87500 77 3.20833
4675000 24 11.08333 29 58 252 0.91667 76 3.16667
4680000 24 10.58333 27 55 243 0.83333 77 3.16667
4685000 25 9.80000 27 55 236 0.88000 78 3.12000
4690000 24 10.41667 28 55 236 0.87500 78 3.25000
4695000 23 10.39130 28 65 226 0.86957 79 3.43478
4700000 24 10.37500 28 64 242 0.83333 80 3.33333
4705000 23 10.60870 28 65 237 0.86957 79 3.43478
4710000 27 9.25926 27 64 235 0.85185 78 2.88889
4715000 26 9.57692 27 53 224 0.73077 77 2.96154
4720000 25 9.60000 26 60 212 0.80000 77 3.08000
4725000 26 9.46154 25 59 237 0.80769 78 3.00000
4730000 22 10.68182 23 66 218 0.81818 76 3.40909
4735000 22 11.13636 25 57 234 0.95455 79 3.54545
4740000 24 10.75000 33 50 241 0.83333 78 3.25000
4745000 22 11.22727 31 49 236 0.81818 79 3.59091
4750000 20 11.85000 33 52 238 1.00000 78 3.90000
4755000 21 10.71429 29 57 231 0.90476 79 3.71429
4760000 24 9.66667 28 58 224 0.79167 79 3.25000
4765000 23 9.69565 30 65 221 0.91304 79 3.43478
4770000 29 8.20690 29 54 217 0.75862 77 2.65517
4775000 23 9.91304 29 66 226 0.91304 77 3.30435
4780000 23 10.69565 30 56 235 0.78261 77 3.30435
4785000 21 11.38095 30 60 227 0.90476 77 3.61905
4790000 20 11.75000 29 60 225 0.90000 76 3.80000
4795000 25 9.72000 27 50 226 0.84000 79 3.04000
4800000 27 8.77778 32 50 238 0.85185 77 2.81481
4805000 25 9.44000 31 52 229 0.76000 75 3.00000
4810000 24 9.95833 31 55 229 0.70833 76 3.16667
4815000 21 10.66667 29 63 230 0.90476 76 3.61905
4820000 19 11.89474 29 63 227 0.94737 77 3.94737
4825000 24 10.12500 30 48 237 0.87500 78 3.20833
4830000 21 11.42857 30 56 241 0.85714 77 3.57143
4835000 23 10.86957 30 52 235 0.78261 80 3.26087
4840000 22 10.77273 27 67 245 0.86364 78 3.45455
4845000 21 10.76190 27 71 229 0.80952 76 3.57143
4850000 21 10.90476 26 71 233 0.85714 77 3.57143
4855000 21 10.90476 24 72 226 0.90476 78 3.61905
4860000 24 10.00000 25 73 233 0.79167 78 3.16667
4865000 23 10.52174 25 80 238 0.86957 78 3.30435
4870000 22 10.81818 25 73 239 0.90909 78 3.50000
4875000 22 10.90909 24 62 236 0.90909 78 3.54545
4880000 22 11.13636 25 65 239 0.90909 78 3.54545
4885000 19 12.63158 27 64 232 1.00000 79 4.15789
4890000 20 11.95000 29 58 223 0.90000 78 3.90000
4895000 22 11.04545 30 56 219 0.77273 77 3.45455
4900000 20 12.10000 30 55 229 0.95000 77 3.80000
4905000 18 13.00000 31 53 223 0.94444 77 4.22222
4910000 19 12.26316 32 56 228 0.89474 78 4.00000
4915000 18 13.00000 28 49 226 0.94444 78 4.27778
4920000 19 12.31579 26 53 227 0.89474 77 4.05263
4925000 19 12.00000 24 57 214 0.84211 79 4.05263
4930000 19 11.94737 24 62 220 0.89474 78 4.10526
4935000 19 12.42105 23 52 220 0.94737 76 3.94737
4940000 21 11.33333 25 57 219 0.85714 76 3.61905
4945000 22 10.77273 24 54 216 0.81818 78 3.54545
4950000 24 10.08333 21 52 217 0.91667 79 3.29167
4955000 21 11.19048 23 61 228 0.95238 79 3.76190
4960000 20 11.75000 25 59 210 0.85000 78 3.85000
4965000 22 11.22727 25 53 222 0.90909 80 3.54545
4970000 23 10.78261 24 50 222 0.86957 81 3.47826
4975000 23 11.00000 23 48 219 0.86957 80 3.47826
4980000 23 11.21739 25 54 228 0.78261 78 3.39130
4985000 22 11.36364 24 63 226 0.86364 79 3.59091
4990000 22 11.00000 23 64 220 0.81818 79 3.59091
4995000 23 10.73913 23 61 216 0.82609 80 3.47826
5000000 22 10.90909 25 53 218 0.81818 80 3.63636
5005000 25 9.68000 23 54 221 0.84000 80 3.20000
5010000 24 10.20833 22 58 228 0.83333 81 3.37500
5015000 20 11.50000 21 66 223 0.90000 78 3.90000
5020000 26 9.34615 23 60 216 0.80769 79 3.03846
5025000 23 10.39130 23 67 219 0.86957 80 3.47826
5030000 26 9.19231 22 61 223 0.80769 81 3.11538
5035000 25 10.16000 25 63 229 0.80000 81 3.24000
5040000 29 8.96552 24 56 227 0.68966 80 2.72414
5045000 23 11.08696 24 67 240 0.91304 79 3.43478
5050000 23 11.08696 23 64 227 0.91304 79 3.43478
5055000 26 10.15385 24 58 247 0.92308 79 3.03846
5060000 27 9.81481 24 61 228 0.77778 79 2.92593
5065000 26 9.88462 23 61 240 0.88462 79 3.00000
5070000 23 10.60870 22 71 241 0.91304 79 3.39130
5075000 25 9.88000 28 68 240 0.84000 79 3.12000
5080000 25 10.04000 27 59 233 0.88000 78 3.08000
5085000 23 11.04348 26 49 237 0.86957 77 3.34783
5090000 23 11.34783 25 52 251 0.95652 78 3.39130
5095000 23 10.78261 27 50 242 0.86957 77 3.34783
5100000 25 10.00000 29 49 238 0.88000 76 3.04000
5105000 23 10.65217 28 60 239 0.86957 76 3.30435
5110000 23 10.30435 27 68 239 0.86957 76 3.30435
5115000 27 9.14815 27 57 231 0.77778 77 2.81481
5120000 25 9.68000 28 51 222 0.84000 75 3.00000
5125000 27 9.00000 24 51 236 0.96296 78 2.81481
5130000 24 10.12500 26 58 231 0.91667 77 3.16667
5135000 24 10.00000 25 58 230 0.91667 75 3.12500
5140000 25 9.60000 23 52 238 0.88000 75 2.96000
5145000 21 11.00000 21 53 232 0.95238 73 3.42857
5150000 21 10.52381 19 65 229 0.95238 73 3.47619
5155000 23 9.52174 19 67 231 0.91304 76 3.17391
5160000 23 10.13043 29 58 224 0.91304 75 3.21739
5165000 25 9.12000 27 63 229 0.80000 77 2.96000
5170000 25 8.96000 26 68 235 0.80000 76 2.92000
5175000 26 8.61538 32 67 226 0.88462 76 2.84615
5180000 25 8.80000 32 66 216 0.88000 76 3.00000
5185000 20 10.80000 32 73 216 0.95000 76 3.70000
5190000 26 8.92308 31 65 228 0.84615 76 2.80769
5195000 24 9.50000 30 69 235 0.91667 79 3.08333
5200000 23 10.08696 31 70 249 0.91304 78 3.30435
5205000 23 10.21739 31 69 233 0.91304 78 3.34783
5210000 24 9.75000 32 56 223 0.87500 78 3.20833
5215000 23 10.21739 34 71 246 0.95652 76 3.30435
5220000 26 9.19231 34 73 245 0.80769 77 2.88462
5225000 22 10.13636 33 71 225 0.81818 77 3.40909
5230000 23 10.56522 35 55 250 0.91304 77 3.30435
5235000 19 12.21053 34 62 243 0.94737 78 4.05263
5240000 22 10.68182 33 58 237 0.81818 79 3.45455
5245000 21 11.09524 34 61 232 0.90476 79 3.76190
5250000 21 11.28571 34 55 236 0.85714 79 3.71429
5255000 21 10.85714 33 66 234 0.85714 78 3.71429
5260000 22 10.86364 33 71 239 0.77273 80 3.59091
5265000 22 11.00000 32 70 251 0.86364 79 3.59091
5270000 20 11.90000 33 77 255 0.85000 77 3.85000
5275000 23 10.56522 32 75 243 0.86957 78 3.39130
5280000 19 12.00000 30 88 247 0.89474 78 4.10526
5285000 21 10.71429 29 79 237 0.90476 78 3.71429
5290000 20 10.90000 31 85 228 0.90000 80 3.90000
5295000 20 11.35000 31 78 233 0.85000 77 3.85000
5300000 21 10.85714 30 76 241 0.80952 78 3.66667
5305000 21 10.80952 35 76 238 0.90476 79 3.76190
5310000 29 8.51724 35 65 242 0.75862 79 2.72414
5315000 23 10.47826 30 71 248 0.86957 79 3.43478
5320000 23 10.34783 31 78 246 0.82609 80 3.43478
5325000 24 10.12500 30 78 258 0.83333 78 3.20833
5330000 24 9.83333 30 72 249 0.83333 79 3.29167
5335000 23 10.26087 31 69 241 0.86957 79 3.43478
5340000 22 10.72727 33 78 248 0.90909 78 3.54545
5345000 22 10.95455 33 76 255 0.86364 78 3.54545
5350000 19 12.42105 34 76 251 0.94737 79 4.15789
5355000 22 11.13636 34 73 264 0.81818 79 3.59091
5360000 20 11.70000 34 84 251 0.85000 80 4.00000
5365000 27 9.44444 35 62 248 0.81481 79 2.92593
5370000 22 10.95455 32 70 249 0.77273 79 3.54545
5375000 20 12.15000 33 70 244 0.85000 79 3.95000
5380000 21 11.57143 32 56 242 0.80952 79 3.76190
5385000 21 11.28571 29 70 252 0.90476 78 3.71429
5390000 22 10.86364 29 76 248 0.72727 76 3.40909
5395000 24 10.16667 28 68 238 0.70833 75 3.08333
5400000 18 13.16667 39 76 246 0.83333 79 4.22222
5405000 19 12.73684 38 69 239 0.84211 78 4.05263
5410000 16 14.31250 37 68 242 0.87500 79 4.81250
5415000 17 13.00000 35 68 236 0.94118 79 4.52941
5420000 22 10.50000 34 66 233 0.90909 78 3.50000
5425000 23 9.91304 33 64 234 0.82609 78 3.34783
5430000 21 10.66667 35 71 240 0.90476 79 3.66667
5435000 22 9.90909 33 71 230 0.81818 77 3.40909
5440000 20 10.70000 29 81 228 0.75000 76 3.70000
5445000 19 11.15789 28 78 222 0.89474 76 4.00000
5450000 22 9.81818 28 69 221 0.72727 76 3.45455
5455000 20 10.45000 28 74 223 0.85000 76 3.75000
5460000 20 10.60000 28 74 221 0.85000 76 3.80000
5465000 21 10.57143 26 79 235 0.80952 78 3.66667
5470000 21 10.80952 28 72 236 0.85714 77 3.66667
5475000 19 11.47368 25 80 232 0.78947 78 4.05263
5480000 23 9.65217 24 76 231 0.82609 78 3.34783
5485000 20 10.70000 25 88 228 0.75000 76 3.75000
5490000 25 9.04000 25 78 233 0.68000 77 3.04000
5495000 24 9.37500 24 76 229 0.87500 78 3.20833
5500000 20 10.95000 27 79 236 0.95000 79 3.80000
5505000 23 9.65217 26 76 239 0.73913 77 3.30435
5510000 23 9.65217 29 73 236 0.78261 77 3.34783
5515000 26 8.57692 27 66 227 0.73077 78 2.92308
5520000 23 9.91304 30 77 233 0.78261 78 3.39130
5525000 22 10.45455 31 78 246 0.95455 81 3.59091
5530000 20 11.50000 33 76 246 0.85000 80 3.85000
5535000 20 11.85000 33 72 244 0.80000 80 3.95000
5540000 20 11.90000 35 60 244 0.90000 79 3.95000
5545000 17 13.05882 36 69 241 0.94118 79 4.64706
5550000 19 12.26316 34 62 238 0.84211 78 4.10526
5555000 19 12.05263 34 61 244 0.89474 78 4.05263
5560000 16 13.56250 39 72 231 0.81250 76 4.75000
5565000 18 11.72222 36 77 223 0.83333 75 4.16667
5570000 20 10.55000 33 76 224 0.90000 75 3.70000
5575000 19 11.26316 33 84 233 0.84211 75 3.89474
5580000 19 11.31579 32 82 223 0.78947 77 3.94737
5585000 18 12.16667 31 89 237 0.83333 76 4.22222
5590000 23 10.13043 32 84 237 0.82609 78 3.39130
5595000 21 10.90476 32 82 243 0.90476 78 3.71429
5600000 18 12.05556 33 87 237 0.94444 78 4.33333
5605000 23 9.78261 30 75 235 0.78261 78 3.34783
5610000 24 9.70833 31 73 240 0.75000 79 3.25000
5615000 22 11.00000 33 63 249 0.86364 79 3.59091
5620000 19 12.26316 32 75 251 0.84211 80 4.21053
5625000 20 11.55000 31 70 241 0.85000 80 3.95000
5630000 19 11.52632 27 72 239 0.84211 80 4.15789
5635000 20 11.05000 28 67 227 0.85000 79 3.95000
5640000 19 11.73684 31 65 229 0.68421 79 4.10526
5645000 19 11.73684 30 67 228 0.73684 80 4.10526
5650000 21 10.66667 27 69 227 0.76190 80 3.80952
5655000 23 10.52174 28 62 243 0.86957 80 3.47826
5660000 22 10.50000 29 81 255 0.90909 80 3.59091
5665000 22 10.63636 27 71 242 0.81818 80 3.63636
5670000 19 12.31579 30 67 245 0.94737 81 4.21053
5675000 18 12.66667 30 74 243 0.77778 79 4.38889
5680000 16 13.56250 31 78 237 0.93750 78 4.81250
5685000 20 10.65000 28 71 226 0.85000 80 3.90000
5690000 19 11.52632 27 72 235 0.89474 79 4.10526
5695000 21 10.38095 26 73 233 0.90476 77 3.66667
5700000 19 11.47368 26 78 235 0.89474 77 3.94737
5705000 20 11.10000 26 80 242 0.90000 76 3.75000
5710000 21 10.23810 25 76 224 0.80952 77 3.61905
5715000 23 9.69565 26 68 225 0.78261 79 3.39130
5720000 23 10.00000 26 60 231 0.82609 80 3.47826
5725000 22 10.31818 24 66 225 0.81818 80 3.63636
5730000 21 11.04762 26 68 240 0.85714 80 3.80952
5735000 25 9.28000 25 63 230 0.80000 78 3.12000
5740000 23 10.17391 25 67 228 0.69565 79 3.43478
5745000 26 9.19231 31 62 236 0.80769 79 3.03846
5750000 19 11.68421 30 81 243 0.89474 79 4.10526
5755000 22 10.22727 28 68 231 0.86364 79 3.54545
5760000 19 11.94737 29 75 232 0.84211 78 4.10526
5765000 21 11.33333 29 63 229 0.66667 78 3.71429
5770000 19 12.15789 28 71 233 0.78947 78 4.10526
5775000 22 10.45455 27 69 231 0.81818 81 3.59091
5780000 19 12.00000 30 80 236 0.89474 79 4.10526
5785000 21 11.14286 30 75 245 0.85714 79 3.71429
5790000 24 10.12500 30 76 250 0.75000 79 3.20833
5795000 19 12.52632 31 77 248 0.84211 77 4.05263
5800000 21 11.90476 32 64 260 0.95238 79 3.66667
5805000 21 12.38095 31 57 257 0.90476 78 3.66667
5810000 20 12.65000 29 60 248 0.95000 79 3.90000
5815000 23 10.78261 28 59 245 0.78261 78 3.39130
5820000 21 11.61905 29 67 254 0.90476 78 3.71429
5825000 18 13.05556 29 69 250 0.94444 78 4.27778
5830000 21 11.66667 30 67 256 0.95238 80 3.76190
5835000 19 12.52632 30 70 245 0.84211 78 4.05263
5840000 23 10.26087 27 62 232 0.69565 75 3.26087
5845000 21 11.66667 29 68 239 0.76190 74 3.52381
5850000 22 11.09091 29 68 245 0.77273 76 3.45455
5855000 24 10.08333 30 73 240 0.75000 78 3.16667
5860000 25 9.48000 31 68 245 0.84000 77 3.04000
5865000 23 10.13043 31 71 242 0.82609 76 3.26087
5870000 20 11.30000 31 79 242 0.75000 76 3.70000
5875000 20 11.50000 34 77 246 0.85000 77 3.75000
5880000 19 12.26316 34 75 239 0.73684 78 4.05263
5885000 20 11.40000 34 79 230 0.75000 80 3.90000
5890000 17 12.82353 35 85 240 0.88235 79 4.58824
5895000 22 10.54545 37 75 239 0.77273 80 3.59091
5900000 20 11.15000 35 82 238 0.70000 80 3.90000
5905000 18 12.27778 34 85 235 0.77778 79 4.33333
5910000 21 10.71429 35 76 236 0.85714 81 3.80952
5915000 21 10.80952 36 73 241 0.85714 81 3.85714
5920000 26 8.84615 33 74 232 0.80769 81 3.11538
5925000 22 10.40909 33 74 235 0.72727 81 3.68182
5930000 24 9.66667 32 64 224 0.75000 80 3.29167
5935000 20 11.25000 33 76 236 0.85000 81 4.05000
5940000 19 12.00000 31 70 228 0.84211 81 4.26316
5945000 24 10.20833 30 56 229 0.66667 81 3.37500
5950000 26 9.46154 31 63 227 0.69231 81 3.11538
5955000 20 11.25000 29 82 242 0.90000 81 4.05000
5960000 24 10.00000 31 58 230 0.79167 80 3.33333
5965000 21 11.19048 32 62 234 0.90476 81 3.85714
5970000 21 10.95238 35 67 233 0.85714 81 3.85714
5975000 18 12.77778 37 67 232 0.94444 81 4.50000
5980000 22 11.22727 33 55 234 0.90909 81 3.68182
5985000 22 10.81818 31 59 231 0.90909 80 3.63636
5990000 22 10.72727 30 59 225 0.81818 78 3.54545
5995000 24 9.87500 30 64 219 0.66667 78 3.25000
6000000 22 10.59091 30 62 214 0.72727 75 3.40909
6005000 24 10.12500 30 53 221 0.75000 76 3.16667
6010000 22 11.04545 28 57 227 0.81818 76 3.40909
6015000 23 10.65217 29 65 227 0.78261 78 3.30435
6020000 25 9.80000 31 63 236 0.88000 77 3.04000
6025000 25 9.88000 31 51 231 0.76000 77 3.04000
6030000 22 10.90909 32 56 224 0.81818 76 3.45455
6035000 23 10.47826 31 56 224 0.78261 77 3.30435
6040000 20 11.50000 30 65 228 0.85000 74 3.70000
6045000 21 10.90476 30 62 229 0.95238 75 3.57143
6050000 21 10.66667 40 64 226 0.90476 74 3.52381
6055000 23 9.86957 41 62 221 0.78261 75 3.26087
6060000 19 11.15789 39 73 217 0.94737 75 3.94737
6065000 22 9.72727 36 63 210 0.81818 76 3.45455
6070000 22 9.90909 35 63 219 0.86364 76 3.40909
6075000 20 11.00000 38 57 227 0.90000 76 3.80000
6080000 24 9.41667 37 51 228 0.87500 78 3.20833
6085000 23 9.69565 39 57 225 0.82609 79 3.39130
6090000 27 8.66667 38 57 228 0.77778 79 2.92593
6095000 22 10.59091 35 63 237 0.90909 78 3.54545
6100000 22 10.31818 38 62 238 0.81818 79 3.54545
6105000 23 9.60870 35 60 234 0.86957 79 3.39130
6110000 20 10.85000 35 70 231 0.90000 81 3.95000
6115000 20 10.85000 36 68 235 0.90000 81 3.95000
6120000 18 12.00000 35 68 230 0.88889 80 4.38889
6125000 22 10.27273 34 69 232 0.72727 79 3.54545
6130000 22 10.22727 34 73 240 0.81818 80 3.59091
6135000 22 10.50000 34 73 235 0.81818 80 3.50000
6140000 30 8.26667 37 55 239 0.73333 79 2.56667
6145000 24 9.79167 40 66 243 0.83333 80 3.29167
6150000 22 10.86364 41 59 241 0.86364 78 3.54545
6155000 22 10.45455 40 65 245 0.90909 77 3.50000
6160000 22 10.40909 38 82 228 0.72727 79 3.50000
6165000 24 10.08333 42 66 238 0.83333 79 3.20833
6170000 25 9.96000 39 57 236 0.76000 78 3.12000
6175000 21 11.71429 37 57 246 0.85714 79 3.71429
6180000 23 11.17391 36 56 243 0.73913 77 3.34783
6185000 21 12.14286 38 62 252 0.85714 80 3.76190
6190000 18 14.27778 38 56 248 0.83333 77 4.27778
6195000 22 11.63636 37 50 243 0.72727 80 3.59091
6200000 22 11.50000 35 64 243 0.81818 79 3.54545
6205000 24 10.54167 37 69 249 0.91667 79 3.25000
6210000 18 13.88889 40 84 263 0.94444 81 4.38889
6215000 20 12.75000 38 79 255 0.85000 80 3.95000
6220000 25 10.36000 34 67 247 0.76000 79 3.16000
6225000 19 13.42105 35 71 249 0.89474 79 4.15789
6230000 16 15.06250 32 74 253 0.93750 79 4.93750
6235000 20 12.30000 32 64 254 0.95000 79 3.95000
6240000 17 14.11765 30 63 251 0.94118 79 4.58824
6245000 16 14.37500 29 72 238 0.87500 79 4.87500
6250000 18 12.16667 29 70 231 0.88889 78 4.33333
6255000 16 13.06250 26 74 218 0.81250 77 4.75000
6260000 19 11.31579 27 70 225 0.84211 78 4.10526
6265000 21 10.80952 31 62 231 0.85714 78 3.71429
6270000 19 11.73684 33 67 223 0.73684 79 4.15789
6275000 20 10.95000 33 76 229 0.65000 79 3.95000
6280000 20 11.15000 33 79 224 0.75000 78 3.90000
6285000 21 10.61905 34 81 229 0.71429 78 3.71429
6290000 25 9.16000 32 67 236 0.88000 79 3.16000
6295000 23 10.30435 33 61 239 0.82609 79 3.43478
6300000 19 11.78947 37 74 228 0.78947 79 4.15789
6305000 17 12.47059 34 77 225 0.82353 79 4.64706
6310000 21 10.76190 35 73 236 0.76190 79 3.76190
6315000 19 11.57895 33 72 220 0.78947 78 4.10526
6320000 19 11.00000 30 73 218 0.84211 79 4.05263
6325000 20 10.95000 32 77 230 0.80000 78 3.90000
6330000 18 11.88889 32 78 234 0.83333 78 4.33333
6335000 18 11.94444 34 83 238 0.88889 79 4.27778
6340000 19 11.36842 32 69 235 0.94737 78 4.10526
6345000 18 11.77778 33 72 227 0.94444 79 4.27778
6350000 21 10.52381 34 62 230 0.90476 78 3.71429
6355000 22 10.13636 33 58 220 0.77273 79 3.54545
6360000 19 11.21053 32 73 228 0.94737 77 4.00000
6365000 20 10.85000 29 79 229 0.85000 78 3.85000
6370000 20 11.15000 28 71 233 0.90000 78 3.85000
6375000 25 9.08000 28 72 236 0.80000 78 3.08000
6380000 26 9.00000 28 76 242 0.92308 79 3.03846
6385000 27 8.92593 26 63 242 0.85185 79 2.88889
6390000 24 9.58333 27 76 237 0.87500 80 3.29167
6395000 22 10.09091 36 70 227 0.81818 80 3.59091
6400000 24 9.20833 35 71 224 0.70833 80 3.33333
6405000 23 9.65217 36 71 221 0.69565 79 3.43478
6410000 21 10.38095 34 69 227 0.90476 78 3.71429
6415000 22 10.50000 34 61 235 0.77273 80 3.63636
6420000 22 10.18182 32 69 232 0.86364 80 3.63636
6425000 24 9.58333 32 71 239 0.83333 81 3.37500
6430000 26 8.88462 31 74 245 0.84615 81 3.11538
6435000 23 9.86957 35 75 238 0.78261 81 3.52174
6440000 22 9.90909 34 84 227 0.81818 80 3.63636
6445000 21 10.52381 38 83 220 0.76190 80 3.80952
6450000 25 9.16000 33 81 232 0.76000 81 3.20000
6455000 20 10.95000 33 92 222 0.85000 80 3.95000
6460000 25 9.36000 34 71 238 0.80000 80 3.16000
6465000 22 10.50000 34 74 235 0.86364 80 3.63636
6470000 25 9.48000 35 68 241 0.72000 81 3.24000
6475000 19 11.78947 33 67 226 0.94737 80 4.21053
6480000 16 13.31250 31 82 225 0.87500 80 5.00000
6485000 23 10.13043 31 71 236 0.82609 80 3.47826
6490000 16 14.06250 32 84 232 0.93750 80 4.93750
6495000 21 11.19048 30 73 235 0.76190 79 3.71429
6500000 20 11.55000 30 67 227 0.70000 78 3.85000
6505000 18 12.50000 40 84 233 0.83333 80 4.44444
6510000 19 12.26316 39 85 233 0.68421 80 4.21053
6515000 22 10.95455 39 79 237 0.72727 80 3.63636
6520000 22 10.54545 38 82 228 0.68182 80 3.63636
6525000 19 12.05263 40 85 232 0.94737 80 4.21053
6530000 21 10.42857 35 82 218 0.66667 78 3.71429
6535000 23 9.47826 36 78 221 0.86957 76 3.30435
6540000 20 10.70000 33 87 221 0.80000 72 3.60000
6545000 17 13.17647 35 79 245 0.82353 72 4.23529
6550000 18 12.66667 39 76 239 0.77778 73 4.05556
6555000 20 11.40000 39 71 231 0.85000 75 3.70000
6560000 22 10.50000 38 69 237 0.72727 75 3.40909
6565000 22 10.72727 40 72 246 0.68182 76 3.45455
6570000 23 10.30435 46 70 242 0.86957 76 3.26087
6575000 19 11.94737 48 80 247 1.00000 79 4.00000
6580000 22 11.09091 46 71 245 0.68182 79 3.59091
6585000 24 10.41667 44 67 255 0.79167 79 3.29167
6590000 25 9.48000 44 71 236 0.76000 79 3.16000
6595000 25 9.40000 40 70 236 0.84000 79 3.16000
6600000 22 10.31818 40 87 249 0.77273 80 3.63636
6605000 25 9.32000 38 79 243 0.80000 80 3.20000
6610000 25 9.64000 39 70 244 0.84000 80 3.20000
6615000 24 9.70833 38 67 242 0.79167 80 3.33333
6620000 24 9.62500 36 69 241 0.95833 79 3.29167
6625000 21 10.52381 34 70 233 0.85714 78 3.66667
6630000 21 10.95238 36 70 248 0.85714 80 3.66667
6635000 22 10.54545 33 71 246 0.90909 80 3.54545
6640000 19 11.78947 37 72 238 1.00000 80 4.10526
6645000 23 10.30435 35 67 247 0.91304 78 3.39130
6650000 27 9.03704 38 58 240 0.77778 79 2.92593
6655000 21 10.80952 35 74 239 0.90476 78 3.66667
6660000 22 10.31818 35 76 242 0.81818 79 3.50000
6665000 21 10.80952 36 86 246 0.95238 80 3.76190
6670000 20 11.85000 44 70 248 0.90000 80 3.95000
6675000 22 11.04545 43 68 248 0.90909 80 3.59091
6680000 25 9.68000 43 76 241 0.80000 80 3.20000
6685000 23 10.30435 43 82 253 0.86957 81 3.52174
6690000 27 9.00000 39 78 249 0.88889 81 3.00000
6695000 31 8.32258 37 57 247 0.74194 80 2.58065
6700000 29 8.44828 34 63 234 0.75862 81 2.79310
6705000 30 8.30000 33 63 236 0.73333 81 2.70000
6710000 27 9.37037 33 69 251 0.81481 79 2.92593
6715000 27 9.22222 33 77 243 0.77778 81 2.92593
6720000 25 9.80000 35 71 250 0.80000 79 3.08000
6725000 25 9.72000 35 66 248 0.80000 78 3.12000
6730000 25 10.20000 35 60 247 0.72000 78 3.12000
6735000 18 12.61111 34 70 239 0.83333 77 4.22222
6740000 19 12.15789 34 75 248 0.84211 77 4.05263
6745000 21 11.09524 32 66 239 0.85714 76 3.61905
6750000 23 9.65217 32 63 225 0.78261 77 3.34783
6755000 24 9.37500 35 65 229 0.83333 78 3.25000
6760000 22 10.18182 32 77 238 0.86364 78 3.50000
6765000 28 8.14286 29 79 239 0.78571 78 2.78571
6770000 27 8.92593 32 69 230 0.81481 78 2.88889
6775000 24 9.91667 30 77 240 1.00000 79 3.29167
6780000 25 9.40000 33 75 226 0.68000 80 3.16000
6785000 21 10.76190 33 77 228 0.80952 78 3.66667
6790000 20 11.80000 33 72 238 0.80000 78 3.80000
6795000 21 11.04762 29 65 227 0.90476 75 3.52381
6800000 24 9.58333 28 84 221 0.70833 76 3.16667
6805000 22 10.18182 28 89 223 0.72727 76 3.45455
6810000 24 10.00000 28 67 230 0.83333 77 3.20833
6815000 23 10.17391 29 76 229 0.78261 77 3.34783
6820000 21 10.90476 31 78 224 0.71429 77 3.61905
6825000 21 10.71429 30 74 225 0.80952 76 3.61905
6830000 20 10.25000 35 79 214 0.75000 76 3.75000
6835000 24 8.95833 36 84 213 0.70833 77 3.12500
6840000 28 7.64286 34 83 214 0.67857 77 2.71429
6845000 26 8.69231 33 74 218 0.76923 79 3.00000
6850000 26 9.15385 33 64 227 0.76923 81 3.00000
6855000 22 10.77273 33 71 253 0.86364 81 3.59091
6860000 27 9.14815 32 63 245 0.77778 79 2.92593
6865000 23 10.65217 36 67 247 0.78261 79 3.43478
6870000 24 10.25000 34 66 244 0.83333 77 3.20833
6875000 16 13.87500 35 75 243 0.87500 78 4.81250
6880000 16 13.68750 35 76 234 0.87500 78 4.75000
6885000 17 12.88235 30 81 236 0.88235 77 4.47059
6890000 17 13.05882 26 80 235 0.88235 78 4.47059
6895000 18 11.94444 26 77 227 0.72222 78 4.22222
6900000 16 13.12500 28 80 224 0.87500 76 4.62500
6905000 18 11.61111 29 85 226 0.88889 77 4.16667
6910000 22 9.86364 27 83 229 0.68182 74 3.31818
6915000 23 10.39130 28 62 234 0.69565 76 3.26087
6920000 20 11.20000 27 75 226 0.75000 76 3.80000
6925000 21 10.76190 29 80 235 0.80952 77 3.61905
6930000 23 10.04348 28 64 232 0.78261 76 3.26087
6935000 18 12.38889 30 73 230 1.00000 77 4.27778
6940000 19 11.84211 31 73 226 0.94737 77 4.05263
6945000 26 9.30769 29 70 227 0.73077 77 2.96154
6950000 22 10.18182 31 78 240 0.86364 77 3.50000
6955000 20 11.45000 29 71 227 0.95000 78 3.90000
6960000 24 10.00000 30 67 227 0.83333 78 3.25000
6965000 18 12.66667 28 72 229 0.94444 79 4.33333
6970000 23 10.52174 25 64 235 0.91304 79 3.39130
6975000 22 10.54545 26 73 226 0.72727 79 3.54545
6980000 26 9.26923 29 71 234 0.80769 79 3.00000
6985000 26 9.15385 24 70 229 0.65385 79 3.00000
6990000 25 9.56000 24 69 239 0.80000 80 3.12000
6995000 20 11.30000 23 78 236 0.80000 79 3.85000
7000000 22 9.95455 21 76 223 0.86364 80 3.54545
7005000 22 10.00000 25 72 228 0.86364 80 3.59091
7010000 21 10.19048 24 75 226 0.95238 80 3.76190
7015000 25 8.92000 23 71 221 0.80000 80 3.16000
7020000 23 9.82609 25 74 230 0.78261 79 3.39130
7025000 23 9.65217 25 68 230 0.78261 79 3.34783
7030000 24 9.37500 23 72 227 0.75000 78 3.20833
7035000 25 9.72000 33 62 234 0.80000 80 3.16000
7040000 22 10.72727 33 76 238 0.86364 80 3.59091
7045000 23 10.13043 32 84 231 0.73913 80 3.39130
7050000 23 10.21739 34 81 251 0.78261 79 3.39130
7055000 22 10.59091 34 79 239 0.77273 79 3.59091
7060000 23 10.26087 34 69 243 0.73913 78 3.39130
7065000 21 10.57143 31 66 228 0.76190 79 3.66667
7070000 17 12.41176 28 74 221 1.00000 80 4.64706
7075000 19 10.68421 25 71 212 0.89474 78 4.10526
7080000 24 8.79167 26 74 210 0.75000 76 3.16667
7085000 23 9.08696 26 83 217 0.82609 78 3.26087
7090000 20 10.50000 31 93 235 0.90000 77 3.70000
7095000 22 10.00000 35 88 232 0.81818 74 3.36364
7100000 24 9.37500 35 80 231 0.75000 77 3.12500
7105000 25 9.12000 35 70 235 0.80000 77 3.04000
7110000 23 9.91304 34 77 240 0.91304 78 3.30435
7115000 22 10.27273 31 75 235 0.86364 78 3.45455
7120000 23 10.21739 33 61 237 0.86957 78 3.34783
7125000 25 9.28000 33 62 224 0.84000 77 3.04000
7130000 25 9.24000 30 66 231 0.76000 79 3.04000
7135000 22 10.04545 30 76 231 0.72727 78 3.45455
7140000 21 10.57143 31 66 232 0.90476 78 3.66667
7145000 22 10.31818 32 70 228 0.81818 78 3.54545
7150000 22 10.50000 32 71 239 0.81818 77 3.50000
7155000 24 10.08333 32 60 235 0.83333 76 3.16667
7160000 23 10.17391 32 58 225 0.78261 76 3.30435
7165000 20 11.20000 32 62 216 0.75000 76 3.80000
7170000 20 10.85000 31 65 207 0.80000 75 3.70000
7175000 22 9.68182 31 72 217 0.86364 75 3.40909
7180000 23 9.47826 29 64 207 0.69565 74 3.17391
7185000 25 8.96000 27 68 210 0.76000 74 2.92000
7190000 20 11.05000 26 71 224 0.90000 74 3.60000
7195000 24 9.25000 25 70 217 0.75000 77 3.08333
7200000 23 9.56522 27 67 220 0.82609 78 3.34783
7205000 20 10.90000 26 73 236 0.85000 76 3.80000
7210000 22 10.40909 25 67 233 0.81818 78 3.45455
7215000 21 10.61905 25 89 240 0.90476 77 3.57143
7220000 25 9.04000 25 76 230 0.80000 75 2.92000
7225000 25 9.52000 26 73 225 0.68000 73 2.92000
7230000 21 10.95238 27 80 244 0.90476 73 3.42857
7235000 27 8.88889 24 65 232 0.81481 74 2.70370
7240000 23 10.17391 25 74 238 0.86957 75 3.21739
7245000 27 8.92593 25 60 239 0.88889 77 2.74074
7250000 21 11.04762 27 66 239 0.95238 75 3.52381
7255000 20 11.40000 28 66 244 0.95000 74 3.65000
7260000 20 11.30000 28 74 241 0.95000 74 3.70000
7265000 22 10.31818 30 73 237 0.86364 77 3.36364
7270000 20 11.55000 31 76 233 0.85000 76 3.70000
7275000 18 12.61111 33 70 243 0.94444 76 4.11111
7280000 21 11.28571 33 60 240 0.80952 75 3.52381
7285000 27 9.07407 30 57 234 0.74074 74 2.74074
7290000 20 11.35000 29 75 247 0.90000 77 3.75000
7295000 23 10.17391 29 72 231 0.78261 74 3.21739
7300000 22 10.95455 31 71 252 0.95455 75 3.31818
7305000 24 10.16667 32 69 253 0.79167 76 3.12500
7310000 21 11.33333 29 72 248 0.95238 76 3.61905
7315000 23 9.95652 28 76 241 0.82609 78 3.26087
7320000 24 9.54167 27 75 237 0.79167 80 3.20833
7325000 24 10.16667 29 71 250 0.87500 80 3.29167
7330000 26 9.57692 31 64 248 0.73077 80 3.03846
7335000 27 9.55556 32 56 254 0.70370 79 2.88889
7340000 25 10.20000 30 65 260 0.88000 79 3.12000
7345000 26 9.88462 32 58 265 0.88462 80 3.03846
7350000 27 9.66667 29 54 264 0.92593 80 2.92593
7355000 22 11.04545 29 60 262 1.00000 80 3.59091
7360000 22 11.04545 29 56 252 0.95455 80 3.59091
7365000 20 11.55000 27 61 243 0.95000 80 3.95000
7370000 23 10.13043 28 48 234 0.91304 80 3.47826
7375000 18 11.94444 28 58 224 0.88889 78 4.33333
7380000 18 11.44444 26 62 221 1.00000 77 4.27778
7385000 20 10.55000 26 61 212 0.90000 77 3.85000
7390000 17 12.47059 31 61 221 0.94118 77 4.52941
7395000 19 11.36842 30 55 223 0.94737 79 4.10526
7400000 18 12.27778 30 55 227 0.83333 78 4.27778
7405000 17 12.76471 27 65 230 1.00000 78 4.58824
7410000 20 11.25000 29 66 231 0.90000 78 3.90000
7415000 19 11.52632 30 81 238 0.89474 80 4.10526
7420000 24 9.54167 28 71 245 0.83333 78 3.20833
7425000 22 9.95455 25 71 224 0.81818 79 3.50000
7430000 21 10.28571 25 71 217 0.80952 76 3.57143
7435000 22 10.09091 26 69 224 0.77273 77 3.36364
7440000 18 12.22222 26 77 227 0.88889 75 4.11111
7445000 19 12.00000 27 74 232 0.94737 76 3.89474
7450000 23 10.08696 27 72 247 0.82609 77 3.26087
7455000 21 11.14286 30 68 236 0.90476 77 3.61905
7460000 18 12.94444 28 72 245 1.00000 76 4.11111
7465000 19 12.05263 29 75 235 0.89474 77 4.00000
7470000 20 11.20000 29 73 235 0.95000 77 3.80000
7475000 25 9.52000 31 55 229 0.76000 78 3.08000
7480000 19 12.05263 31 68 229 0.94737 79 4.10526
7485000 25 9.40000 29 63 235 0.80000 78 3.08000
7490000 22 10.54545 30 70 234 0.90909 79 3.59091
7495000 23 9.91304 26 75 238 1.00000 78 3.39130
7500000 25 9.64000 25 71 242 0.92000 78 3.12000
7505000 22 10.45455 24 76 233 0.81818 78 3.54545
7510000 24 10.16667 26 73 243 0.83333 79 3.29167
7515000 24 10.37500 26 76 237 0.75000 79 3.25000
7520000 27 9.59259 25 66 242 0.74074 79 2.92593
7525000 23 10.47826 26 65 235 0.82609 79 3.43478
7530000 23 10.26087 26 60 233 0.91304 80 3.47826
7535000 25 9.60000 23 58 231 0.76000 79 3.16000
7540000 22 10.77273 24 66 243 0.90909 79 3.50000
7545000 22 10.59091 26 69 243 0.90909 80 3.54545
7550000 23 10.47826 27 64 239 0.86957 80 3.43478
7555000 24 10.41667 30 65 246 0.75000 79 3.29167
7560000 24 10.25000 31 56 240 0.87500 79 3.29167
7565000 22 11.36364 33 57 244 0.81818 78 3.54545
7570000 21 11.57143 31 61 244 0.95238 78 3.71429
7575000 21 11.85714 32 53 243 0.90476 79 3.76190
7580000 20 12.30000 31 54 241 0.95000 79 3.90000
7585000 20 12.75000 32 60 251 0.95000 79 3.90000
7590000 22 11.54545 32 54 239 0.86364 79 3.54545
7595000 23 10.78261 27 57 241 0.91304 78 3.34783
7600000 23 10.69565 27 60 240 0.86957 78 3.39130
7605000 21 11.42857 27 68 235 0.95238 79 3.76190
7610000 23 10.52174 30 57 235 0.82609 78 3.34783
7615000 22 10.81818 31 60 225 0.81818 78 3.50000
7620000 20 11.85000 32 63 227 0.80000 79 3.90000
7625000 22 10.68182 30 53 230 0.81818 80 3.63636
7630000 23 10.21739 28 54 226 0.78261 78 3.39130
7635000 25 9.60000 28 53 222 0.80000 79 3.16000
7640000 26 9.38462 31 49 220 0.73077 78 3.00000
7645000 23 10.21739 30 53 227 0.78261 78 3.39130
7650000 24 9.66667 30 53 218 0.79167 78 3.25000
7655000 26 8.96154 27 54 215 0.80769 80 3.03846
7660000 23 9.78261 27 58 209 0.86957 79 3.39130
7665000 25 9.12000 28 51 208 0.76000 80 3.16000
7670000 25 8.88000 27 54 199 0.76000 79 3.12000
7675000 23 9.26087 25 68 206 0.91304 78 3.39130
7680000 22 9.86364 38 81 204 0.72727 80 3.63636
7685000 27 8.70370 38 71 221 0.62963 80 2.92593
7690000 25 9.32000 41 72 220 0.80000 80 3.16000
7695000 26 8.84615 41 67 219 0.73077 79 2.92308
7700000 21 10.57143 42 72 212 0.80952 77 3.47619
7705000 28 8.28571 42 68 225 0.82143 78 2.78571
7710000 23 9.52174 41 82 205 0.78261 78 3.39130
7715000 24 9.54167 39 79 220 0.79167 77 3.20833
7720000 26 8.88462 34 80 230 0.84615 78 2.96154
7725000 24 9.45833 33 80 205 0.79167 79 3.20833
7730000 26 8.96154 43 78 221 0.76923 80 3.03846
7735000 22 10.04545 48 81 212 0.81818 79 3.50000
7740000 26 8.76923 46 65 211 0.73077 78 3.00000
7745000 23 9.13043 43 73 200 0.82609 79 3.43478
7750000 25 8.76000 44 74 201 0.64000 78 3.12000
7755000 24 8.79167 37 77 187 0.75000 77 3.20833
7760000 28 7.75000 36 72 203 0.82143 77 2.75000
7765000 23 9.21739 36 71 203 0.82609 77 3.30435
7770000 23 9.56522 37 60 213 0.86957 78 3.30435
7775000 23 9.82609 39 57 219 0.86957 79 3.30435
7780000 23 9.73913 39 66 221 0.86957 78 3.30435
7785000 20 10.85000 42 74 218 0.80000 79 3.85000
7790000 23 10.04348 42 61 221 0.86957 79 3.34783
7795000 20 10.95000 40 69 221 0.90000 80 3.90000
7800000 22 9.90909 38 71 214 0.86364 80 3.63636
7805000 22 9.95455 40 71 223 0.95455 80 3.63636
7810000 18 11.94444 38 63 212 0.88889 79 4.33333
7815000 20 11.00000 37 66 218 0.95000 78 3.90000
7820000 21 10.85714 38 65 219 0.85714 79 3.71429
7825000 25 9.68000 41 61 228 0.72000 79 3.16000
7830000 23 10.04348 38 70 219 0.78261 80 3.47826
7835000 23 10.13043 37 63 223 0.86957 80 3.47826
7840000 21 10.80952 38 69 225 0.90476 79 3.76190
7845000 24 9.95833 35 60 230 0.83333 78 3.25000
7850000 21 10.95238 52 60 231 0.90476 76 3.61905
7855000 22 10.27273 48 58 225 0.86364 76 3.45455
7860000 24 9.75000 44 58 233 0.87500 76 3.16667
7865000 23 9.95652 38 56 229 0.91304 77 3.30435
7870000 24 9.41667 35 56 226 0.91667 76 3.16667
7875000 21 10.52381 36 60 222 0.85714 78 3.71429
7880000 23 9.69565 38 62 230 0.82609 78 3.34783
7885000 23 9.73913 37 68 227 0.73913 78 3.34783
7890000 17 12.41176 37 85 229 1.00000 79 4.52941
7895000 23 9.43478 38 82 229 0.82609 79 3.34783
7900000 20 10.65000 36 89 234 0.90000 79 3.95000
7905000 25 9.04000 35 83 235 0.76000 80 3.20000
7910000 22 10.31818 52 77 237 0.68182 79 3.59091
7915000 19 11.63158 49 84 234 0.94737 80 4.15789
7920000 19 12.00000 51 74 235 0.73684 80 4.21053
7925000 21 11.09524 51 68 232 0.80952 79 3.76190
7930000 19 11.73684 46 76 241 0.78947 80 4.21053
7935000 19 11.68421 46 71 232 0.89474 80 4.21053
7940000 20 11.10000 44 77 229 0.75000 80 3.95000
7945000 21 10.14286 42 81 217 0.66667 79 3.76190
7950000 21 10.57143 44 74 224 0.61905 80 3.80952
7955000 18 11.77778 43 85 229 0.83333 79 4.38889
7960000 17 12.41176 42 83 230 0.88235 78 4.58824
7965000 25 8.80000 41 77 227 0.68000 78 3.12000
7970000 25 8.88000 37 78 221 0.64000 77 3.08000
7975000 21 10.09524 35 85 220 0.61905 75 3.57143
7980000 19 11.52632 34 81 228 0.84211 75 3.89474
7985000 17 12.23529 34 92 221 0.82353 76 4.41176
7990000 20 11.15000 37 78 227 0.80000 75 3.70000
7995000 22 10.22727 36 68 220 0.63636 75 3.36364
8000000 19 11.94737 38 74 233 0.84211 78 4.00000
8005000 21 10.71429 35 70 228 0.76190 79 3.61905
8010000 20 10.80000 37 71 229 0.85000 77 3.70000
8015000 18 12.22222 37 72 231 0.88889 75 4.16667
8020000 22 10.54545 34 56 233 0.77273 74 3.36364
8025000 15 14.53333 33 75 235 0.86667 77 4.93333
8030000 17 13.35294 33 73 243 0.82353 77 4.35294
8035000 19 11.78947 34 62 230 0.84211 77 3.94737
8040000 17 12.70588 34 63 221 0.88235 77 4.35294
8045000 23 9.47826 31 74 218 0.73913 75 3.21739
8050000 22 9.95455 32 69 220 0.86364 75 3.36364
8055000 22 9.63636 31 69 212 0.86364 75 3.36364
8060000 19 11.26316 30 73 219 0.89474 75 3.89474
8065000 20 10.80000 30 69 211 0.75000 77 3.80000
8070000 17 12.23529 33 71 216 1.00000 78 4.58824
8075000 19 10.73684 34 73 217 0.89474 77 4.00000
8080000 22 9.86364 36 66 214 0.86364 77 3.45455
8085000 22 9.81818 35 68 217 0.81818 76 3.40909
8090000 21 9.80952 36 77 210 0.90476 77 3.61905
8095000 21 9.76190 37 77 215 0.85714 75 3.47619
8100000 23 9.56522 39 69 223 0.86957 76 3.26087
8105000 22 9.40909 38 77 215 0.90909 77 3.40909
8110000 24 9.04167 38 72 224 0.87500 76 3.12500
8115000 26 8.30769 35 77 220 0.80769 76 2.92308
8120000 23 9.82609 36 71 229 0.82609 77 3.30435
8125000 21 11.00000 35 67 230 0.80952 74 3.52381
8130000 24 9.79167 34 65 233 0.87500 75 3.08333
8135000 23 9.78261 35 74 224 0.82609 75 3.26087
8140000 24 9.58333 31 70 225 0.83333 78 3.20833
8145000 24 9.58333 30 72 227 0.83333 78 3.25000
8150000 22 10.72727 30 63 228 0.86364 79 3.59091
8155000 23 10.39130 32 60 235 0.86957 79 3.43478
8160000 23 10.43478 36 70 235 0.82609 79 3.43478
8165000 24 10.29167 35 66 238 0.87500 79 3.29167
8170000 24 10.66667 34 64 243 0.83333 79 3.25000
8175000 24 10.50000 34 63 237 0.75000 79 3.29167
8180000 25 9.76000 34 58 232 0.84000 79 3.16000
8185000 22 10.72727 34 67 223 0.81818 78 3.54545
8190000 25 9.60000 35 69 225 0.80000 77 3.04000
8195000 30 8.33333 35 59 231 0.73333 78 2.60000
8200000 27 8.85185 35 65 222 0.66667 77 2.81481
8205000 23 9.86957 33 75 234 0.82609 78 3.39130
8210000 27 8.88889 39 57 221 0.62963 79 2.92593
8215000 25 9.28000 38 61 228 0.76000 78 3.08000
8220000 23 9.91304 40 71 227 0.78261 80 3.43478
8225000 23 10.00000 39 65 227 0.82609 77 3.34783
8230000 23 10.17391 37 69 234 0.91304 78 3.39130
8235000 24 9.91667 37 74 237 0.79167 77 3.20833
8240000 25 9.64000 34 76 229 0.76000 75 2.96000
8245000 24 10.16667 34 71 231 0.79167 75 3.12500
8250000 24 10.41667 39 68 230 0.75000 75 3.08333
8255000 27 9.29630 37 59 229 0.85185 76 2.81481
8260000 28 9.32143 37 56 252 0.85714 78 2.78571
8265000 23 10.73913 42 67 232 0.78261 79 3.43478
8270000 24 10.25000 40 63 237 0.83333 78 3.25000
8275000 21 11.00000 44 75 228 0.80952 78 3.71429
8280000 23 10.04348 44 73 226 0.91304 78 3.39130
8285000 22 10.86364 42 69 229 0.81818 79 3.59091
8290000 23 10.00000 38 76 229 0.95652 78 3.39130
8295000 25 9.56000 35 63 233 0.76000 77 3.00000
8300000 21 11.04762 34 66 223 0.95238 77 3.61905
8305000 27 8.77778 33 60 226 0.88889 76 2.81481
8310000 24 9.12500 29 61 210 0.95833 75 3.12500
8315000 26 8.19231 28 65 210 0.88462 77 2.92308
8320000 26 8.53846 29 58 215 0.92308 77 2.92308
8325000 23 9.91304 35 61 227 0.95652 76 3.30435
8330000 26 8.88462 35 59 218 0.80769 76 2.88462
8335000 24 9.75000 41 63 238 0.91667 79 3.16667
8340000 26 8.92308 42 67 220 0.80769 79 3.03846
8345000 26 9.11538 45 66 223 0.80769 78 3.00000
8350000 25 9.36000 44 75 226 0.84000 79 3.16000
8355000 22 10.31818 42 79 217 0.81818 80 3.59091
8360000 23 9.65217 43 76 220 0.86957 79 3.39130
8365000 25 9.00000 42 68 220 0.80000 79 3.16000
8370000 26 8.80769 37 60 215 0.80769 77 2.96154
8375000 28 8.39286 36 59 217 0.75000 77 2.75000
8380000 24 9.70833 34 64 220 0.75000 77 3.20833
8385000 23 10.17391 35 70 216 0.86957 79 3.43478
8390000 26 9.42308 37 65 226 0.76923 79 3.03846
8395000 23 10.26087 37 68 234 0.86957 78 3.34783
8400000 23 10.47826 37 64 228 0.95652 78 3.39130
8405000 22 10.90909 32 60 219 0.86364 77 3.50000
8410000 25 9.80000 29 60 216 0.76000 76 3.04000
8415000 25 9.52000 27 69 221 0.80000 77 3.08000
8420000 22 10.50000 27 76 226 0.81818 79 3.50000
8425000 22 11.31818 28 59 230 0.81818 78 3.50000
8430000 23 10.34783 29 66 236 0.82609 78 3.39130
8435000 25 9.64000 29 65 230 0.80000 78 3.12000
8440000 23 10.39130 31 71 237 0.86957 79 3.43478
8445000 22 10.90909 33 74 240 0.81818 78 3.54545
8450000 24 10.12500 32 67 243 0.70833 78 3.25000
8455000 25 9.64000 33 67 237 0.80000 78 3.12000
8460000 24 9.58333 32 72 229 0.91667 79 3.25000
8465000 26 9.03846 36 70 236 0.80769 78 3.00000
8470000 23 10.13043 36 76 233 0.78261 78 3.39130
8475000 26 9.23077 33 72 230 0.76923 78 3.00000
8480000 23 9.95652 35 78 226 0.78261 77 3.34783
8485000 28 8.32143 35 79 235 0.82143 77 2.75000
8490000 27 8.70370 36 75 230 0.81481 76 2.81481
8495000 21 10.80952 37 78 225 0.76190 75 3.57143
8500000 26 9.42308 44 59 237 0.84615 76 2.92308
8505000 22 10.59091 38 65 230 0.90909 76 3.45455
8510000 23 10.00000 36 64 233 0.78261 77 3.26087
8515000 21 10.42857 34 67 229 0.90476 77 3.61905
8520000 25 9.20000 35 71 219 0.72000 76 3.04000
8525000 24 9.50000 37 82 232 0.75000 76 3.16667
8530000 22 10.90909 39 67 233 0.90909 76 3.45455
8535000 23 10.43478 37 64 235 0.73913 76 3.30435
8540000 21 11.09524 38 67 234 0.76190 76 3.61905
8545000 22 10.50000 35 65 223 0.86364 77 3.45455
8550000 22 10.27273 36 76 227 0.86364 77 3.45455
8555000 21 11.33333 37 77 240 0.95238 79 3.66667
8560000 26 9.46154 38 77 234 0.65385 78 3.00000
8565000 21 10.85714 36 92 242 0.80952 79 3.71429
8570000 22 10.63636 33 88 245 0.77273 79 3.54545
8575000 28 8.57143 32 79 239 0.67857 78 2.75000
8580000 24 9.91667 31 80 246 0.87500 78 3.25000
8585000 22 10.72727 31 79 240 0.90909 78 3.54545
8590000 26 9.30769 29 71 232 0.69231 76 2.92308
8595000 26 9.34615 29 67 242 0.73077 79 2.96154
8600000 23 10.13043 27 74 240 0.86957 80 3.34783
8605000 18 12.22222 26 82 244 0.94444 77 4.22222
8610000 21 11.42857 28 68 249 0.85714 79 3.66667
8615000 20 12.00000 28 71 258 0.95000 78 3.85000
8620000 22 10.68182 27 67 249 0.86364 78 3.50000
8625000 20 11.70000 32 61 246 0.95000 78 3.90000
8630000 28 8.78571 30 57 232 0.71429 78 2.75000
8635000 24 9.75000 29 69 237 0.83333 78 3.20833
8640000 20 11.20000 34 67 232 0.90000 78 3.85000
8645000 20 11.40000 33 53 228 0.95000 80 3.95000
8650000 22 10.68182 34 54 226 0.77273 78 3.54545
8655000 20 11.00000 31 73 233 0.85000 79 3.95000
8660000 21 10.90476 30 72 236 0.85714 79 3.71429
8665000 19 12.21053 33 71 238 0.84211 77 3.94737
8670000 21 11.38095 34 72 256 0.85714 78 3.57143
8675000 22 10.86364 34 76 252 0.77273 81 3.45455
8680000 19 11.94737 33 74 246 0.84211 76 4.00000
8685000 19 12.10526 29 73 239 0.84211 78 4.05263
8690000 21 10.71429 28 79 236 0.85714 78 3.71429
8695000 27 8.96296 30 56 244 0.70370 79 2.92593
8700000 24 9.83333 29 63 236 0.70833 76 3.16667
8705000 22 10.36364 29 66 234 0.81818 78 3.54545
8710000 23 9.73913 28 61 230 0.73913 78 3.39130
8715000 19 11.00000 27 73 224 0.84211 80 4.15789
8720000 24 9.12500 25 63 218 0.75000 76 3.16667
8725000 21 10.09524 25 76 219 0.71429 76 3.61905
8730000 20 10.80000 26 80 227 0.85000 76 3.75000
8735000 21 10.57143 29 85 236 0.85714 78 3.71429
8740000 23 9.73913 27 85 239 0.82609 77 3.30435
8745000 24 9.95833 26 81 242 0.83333 77 3.20833
8750000 23 10.65217 28 84 251 0.82609 79 3.39130
8755000 24 10.37500 30 76 253 0.79167 79 3.25000
8760000 23 10.78261 32 84 253 0.73913 79 3.39130
8765000 23 10.26087 31 85 256 0.86957 79 3.43478
8770000 22 10.27273 31 86 238 0.81818 77 3.50000
8775000 24 9.83333 33 82 241 0.75000 79 3.29167
8780000 21 11.14286 29 90 241 0.90476 78 3.71429
8785000 29 8.68966 34 73 243 0.72414 79 2.72414
8790000 23 10.65217 37 75 253 0.65217 79 3.43478
8795000 22 10.86364 35 74 236 0.77273 80 3.63636
8800000 26 9.30769 35 68 226 0.65385 80 3.03846
8805000 23 10.60870 39 77 233 0.69565 80 3.47826
8810000 19 12.42105 37 76 233 0.78947 80 4.21053
8815000 19 12.26316 36 74 235 0.84211 80 4.21053
8820000 22 10.72727 35 66 230 0.81818 79 3.59091
8825000 21 10.95238 34 69 229 0.85714 81 3.80952
8830000 23 10.60870 34 67 239 0.86957 78 3.34783
8835000 25 9.52000 33 74 220 0.72000 77 3.04000
8840000 26 9.15385 33 85 237 0.84615 78 3.00000
8845000 20 11.80000 35 87 246 0.85000 78 3.85000
8850000 27 9.33333 37 73 241 0.77778 79 2.88889
8855000 25 9.92000 42 73 241 0.72000 80 3.16000
8860000 23 10.30435 37 72 234 0.86957 79 3.39130
8865000 29 8.68966 36 63 226 0.72414 80 2.75862
8870000 23 10.56522 37 79 254 0.86957 81 3.43478
8875000 24 10.12500 33 67 234 0.79167 80 3.33333
8880000 19 11.68421 29 76 214 0.78947 80 4.21053
8885000 26 9.07692 32 72 223 0.73077 79 3.03846
8890000 24 10.04167 30 64 237 0.91667 78 3.25000
8895000 23 10.26087 29 69 231 0.82609 78 3.39130
8900000 25 9.64000 32 60 217 0.72000 78 3.08000
8905000 24 9.95833 31 67 216 0.54167 77 3.20833
8910000 22 10.54545 30 78 221 0.77273 77 3.50000
8915000 25 9.48000 31 78 220 0.64000 75 3.00000
8920000 22 10.86364 32 77 223 0.77273 77 3.40909
8925000 22 11.00000 30 71 219 0.86364 78 3.50000
8930000 21 10.95238 29 69 201 0.71429 75 3.52381
8935000 18 12.72222 30 75 221 0.94444 77 4.16667
8940000 20 11.80000 32 79 229 0.85000 76 3.70000
8945000 21 11.14286 29 71 212 0.80952 74 3.47619
8950000 24 10.16667 33 65 219 0.83333 76 3.16667
8955000 21 11.28571 32 69 218 0.85714 77 3.66667
8960000 23 10.52174 31 67 222 0.73913 78 3.30435
8965000 25 9.84000 30 59 220 0.76000 78 3.08000
8970000 19 12.00000 31 72 221 0.94737 77 4.05263
8975000 21 10.61905 29 80 227 0.95238 77 3.61905
8980000 22 10.77273 30 64 225 0.90909 77 3.45455
8985000 21 11.19048 30 60 212 0.90476 77 3.61905
8990000 21 11.57143 33 67 218 0.80952 79 3.76190
8995000 22 10.90909 31 69 218 0.81818 79 3.59091
9000000 21 11.38095 31 77 231 0.80952 79 3.76190
9005000 24 10.58333 33 61 233 0.79167 79 3.29167
9010000 19 12.68421 34 73 235 0.78947 78 4.10526
9015000 17 13.58824 32 78 235 0.94118 78 4.52941
9020000 20 11.65000 32 82 238 0.85000 77 3.80000
9025000 20 11.85000 33 63 225 0.75000 77 3.85000
9030000 24 9.87500 35 48 221 0.79167 75 3.12500
9035000 19 11.73684 37 62 208 0.73684 78 4.00000
9040000 20 10.60000 34 65 204 0.80000 77 3.75000
9045000 18 11.61111 31 67 207 0.83333 76 4.05556
9050000 23 9.08696 31 59 192 0.69565 76 3.26087
9055000 23 9.00000 33 76 196 0.73913 78 3.30435
9060000 25 8.60000 34 67 204 0.80000 78 3.04000
9065000 22 9.86364 33 62 200 0.72727 76 3.40909
9070000 23 9.39130 32 66 205 0.73913 77 3.26087
9075000 22 9.95455 34 66 219 0.77273 77 3.45455
9080000 20 10.45000 45 74 210 0.80000 77 3.80000
9085000 20 10.35000 30 90 209 0.80000 78 3.85000
9090000 23 9.52174 30 76 225 0.82609 79 3.34783
9095000 22 10.27273 31 76 235 0.86364 80 3.59091
9100000 24 9.50000 42 63 220 0.70833 79 3.29167
9105000 24 9.37500 36 65 223 0.83333 79 3.25000
9110000 24 9.37500 35 68 222 0.75000 80 3.25000
9115000 26 8.88462 35 65 223 0.76923 78 2.92308
9120000 22 9.86364 32 76 225 0.86364 78 3.40909
9125000 22 10.40909 32 73 232 0.86364 79 3.50000
9130000 23 10.34783 30 66 240 0.82609 78 3.39130
9135000 23 10.39130 29 53 235 0.91304 79 3.43478
9140000 21 11.14286 29 63 235 0.85714 78 3.61905
9145000 20 11.80000 28 62 247 0.90000 78 3.85000
9150000 23 10.30435 27 62 228 0.82609 76 3.26087
9155000 26 9.30769 28 57 232 0.84615 75 2.88462
9160000 26 9.26923 27 62 238 0.73077 76 2.92308
9165000 27 9.22222 31 59 235 0.81481 77 2.81481
9170000 26 9.42308 32 64 243 0.92308 77 2.96154
9175000 26 9.76923 32 57 245 0.80769 76 2.84615
9180000 22 10.90909 32 64 243 0.81818 76 3.36364
9185000 23 10.34783 32 56 228 0.91304 76 3.26087
9190000 22 10.63636 31 60 240 0.95455 76 3.40909
9195000 22 10.77273 30 57 244 0.95455 78 3.45455
9200000 23 10.26087 29 61 239 0.91304 77 3.26087
9205000 25 9.72000 30 57 240 0.88000 75 3.00000
9210000 27 9.00000 26 59 247 0.88889 77 2.81481
9215000 24 10.00000 26 58 239 0.95833 78 3.25000
9220000 27 9.40741 27 54 245 0.85185 76 2.81481
9225000 30 8.60000 27 55 251 0.73333 77 2.50000
9230000 27 9.70370 28 61 252 0.88889 78 2.85185
9235000 28 9.42857 27 62 263 0.89286 79 2.78571
9240000 25 10.24000 25 73 264 1.00000 76 3.00000
9245000 25 9.80000 22 68 252 0.88000 79 3.08000
9250000 25 9.92000 23 57 248 0.84000 80 3.20000
9255000 27 9.44444 24 48 239 0.81481 79 2.92593
9260000 29 8.65517 21 53 240 0.82759 78 2.68966
9265000 26 8.92308 22 66 238 0.96154 78 3.00000
9270000 29 8.31034 23 62 241 0.82759 78 2.68966
9275000 29 8.68966 23 68 254 0.86207 79 2.72414
9280000 28 8.92857 22 60 247 0.85714 80 2.82143
9285000 25 9.84000 20 63 255 0.84000 78 3.08000
9290000 26 9.46154 30 60 245 0.92308 78 2.96154
9295000 23 10.43478 31 72 251 0.86957 76 3.30435
9300000 22 10.72727 30 66 243 0.81818 77 3.45455
9305000 22 10.81818 32 65 240 0.86364 77 3.45455
9310000 24 9.87500 32 64 243 0.87500 78 3.16667
9315000 25 9.00000 27 71 229 0.84000 76 3.00000
9320000 23 9.47826 29 74 228 0.82609 76 3.30435
9325000 23 9.56522 27 78 230 0.78261 76 3.21739
9330000 23 9.26087 24 85 230 0.86957 78 3.30435
9335000 22 9.81818 27 85 217 0.81818 77 3.40909
9340000 24 9.04167 26 83 221 0.83333 76 3.16667
9345000 28 8.28571 27 70 225 0.78571 78 2.71429
9350000 24 9.58333 27 70 232 0.95833 75 3.12500
9355000 25 9.48000 28 60 233 0.88000 76 3.00000
9360000 24 9.50000 26 58 223 0.87500 77 3.20833
9365000 23 9.39130 26 66 209 0.86957 78 3.34783
9370000 25 9.04000 25 55 212 0.76000 79 3.12000
9375000 24 9.91667 27 48 216 0.79167 76 3.16667
9380000 26 9.19231 26 50 224 0.84615 77 2.96154
9385000 20 11.05000 28 64 221 0.90000 78 3.85000
9390000 24 9.29167 26 57 213 0.83333 76 3.12500
9395000 25 9.00000 25 65 213 0.72000 75 2.96000
9400000 23 9.52174 36 68 218 0.78261 77 3.26087
9405000 24 9.20833 36 75 220 0.83333 77 3.16667
9410000 25 9.28000 34 72 229 0.72000 76 3.00000
9415000 26 9.15385 36 69 232 0.80769 77 2.92308
9420000 26 9.19231 35 63 235 0.88462 76 2.92308
9425000 24 9.95833 35 69 232 0.83333 77 3.16667
9430000 25 9.60000 35 71 234 0.88000 77 3.08000
9435000 25 9.84000 43 68 253 0.84000 78 3.08000
9440000 25 10.36000 44 56 256 0.88000 78 3.04000
9445000 21 11.57143 44 58 254 0.90476 76 3.61905
9450000 21 11.38095 41 60 247 0.95238 76 3.61905
9455000 22 10.77273 42 59 234 0.90909 77 3.50000
9460000 27 8.81481 35 54 232 0.81481 78 2.85185
9465000 21 10.76190 34 62 229 0.95238 79 3.76190
9470000 24 9.54167 34 65 234 0.87500 77 3.16667
9475000 22 9.81818 32 69 226 0.77273 79 3.54545
9480000 23 9.30435 34 73 213 0.86957 79 3.39130
9485000 23 9.08696 31 71 215 0.82609 78 3.34783
9490000 29 7.96552 33 64 219 0.68966 80 2.65517
9495000 20 10.70000 31 72 223 0.90000 81 3.90000
9500000 19 11.63158 29 64 227 0.89474 79 4.00000
9505000 22 10.68182 28 71 236 0.90909 78 3.50000
9510000 21 11.80952 33 72 241 0.80952 79 3.71429
9515000 27 9.40741 33 67 234 0.74074 79 2.85185
9520000 21 11.57143 31 78 241 0.80952 76 3.47619
9525000 25 10.16000 30 62 249 0.88000 77 3.00000
9530000 22 11.40909 29 62 242 0.86364 76 3.45455
9535000 25 9.92000 27 66 243 0.88000 76 3.04000
9540000 26 9.92308 29 72 255 0.80769 77 2.96154
9545000 25 10.28000 33 78 247 0.84000 77 3.08000
9550000 23 11.21739 32 70 264 0.91304 78 3.39130
9555000 27 10.00000 34 59 261 0.81481 78 2.88889
9560000 23 11.43478 34 62 249 0.91304 79 3.39130
9565000 23 11.21739 35 65 250 0.82609 79 3.43478
9570000 19 12.78947 35 71 234 1.00000 79 4.10526
9575000 23 10.86957 33 64 238 0.86957 79 3.34783
9580000 21 11.47619 33 66 232 0.90476 78 3.71429
9585000 22 10.95455 31 56 231 0.86364 80 3.59091
9590000 22 10.95455 33 59 229 0.81818 80 3.63636
9595000 25 9.84000 34 59 231 0.84000 79 3.16000
9600000 25 9.72000 35 62 231 0.80000 80 3.16000
9605000 20 11.70000 35 65 232 0.95000 80 4.00000
9610000 24 10.04167 33 61 231 0.79167 78 3.20833
9615000 24 10.20833 34 61 241 0.87500 79 3.20833
9620000 22 10.81818 32 69 230 0.81818 77 3.50000
9625000 23 10.47826 31 65 234 0.82609 78 3.39130
9630000 23 10.21739 42 76 224 0.82609 78 3.39130
9635000 23 10.17391 40 67 236 0.78261 77 3.26087
9640000 25 9.68000 41 63 231 0.72000 78 3.08000
9645000 23 9.91304 38 70 216 0.82609 77 3.34783
9650000 20 11.00000 37 73 217 0.90000 78 3.85000
9655000 21 10.52381 36 73 230 0.85714 78 3.66667
9660000 21 10.52381 38 73 226 0.85714 78 3.66667
9665000 25 9.48000 38 65 231 0.84000 80 3.12000
9670000 23 10.08696 39 69 234 0.86957 78 3.39130
9675000 19 12.00000 40 66 236 0.89474 79 4.15789
9680000 21 11.23810 49 65 246 0.95238 79 3.76190
9685000 21 11.33333 52 75 240 0.80952 79 3.76190
9690000 18 12.55556 45 82 243 0.88889 78 4.33333
9695000 21 11.47619 44 67 243 0.80952 78 3.71429
9700000 17 13.05882 40 84 240 0.88235 79 4.64706
9705000 25 9.80000 42 67 251 0.80000 80 3.16000
9710000 24 10.00000 41 76 252 0.79167 78 3.25000
9715000 22 10.86364 41 85 252 0.90909 78 3.50000
9720000 22 10.86364 43 80 246 0.81818 77 3.45455
9725000 25 9.96000 41 71 257 0.80000 79 3.08000
9730000 23 10.82609 41 74 244 0.86957 79 3.34783
9735000 23 11.34783 38 61 262 0.95652 78 3.34783
9740000 23 11.04348 36 75 253 0.78261 79 3.39130
9745000 26 9.84615 34 64 255 0.84615 78 3.00000
9750000 21 12.04762 33 61 251 0.76190 78 3.66667
9755000 24 10.00000 30 62 239 0.87500 81 3.29167
9760000 21 10.76190 32 77 233 0.85714 79 3.76190
9765000 20 11.50000 32 70 242 0.85000 80 3.85000
9770000 21 10.52381 32 69 235 0.80952 79 3.61905
9775000 25 8.92000 31 55 229 0.80000 78 3.04000
9780000 21 10.66667 32 57 230 0.90476 75 3.57143
9785000 21 10.57143 33 62 234 0.90476 75 3.57143
9790000 22 10.22727 34 57 234 0.86364 79 3.50000
9795000 25 8.96000 31 64 234 0.88000 81 3.20000
9800000 26 8.92308 30 64 230 0.80769 81 3.07692
9805000 21 10.38095 35 75 235 0.90476 80 3.80952
9810000 23 9.39130 33 77 229 0.82609 78 3.39130
9815000 27 8.14815 34 59 221 0.77778 78 2.88889
9820000 22 10.13636 39 69 224 0.77273 78 3.50000
9825000 19 11.31579 38 63 220 0.84211 77 4.05263
9830000 19 11.36842 37 60 216 0.84211 78 4.00000
9835000 22 9.86364 35 61 217 0.86364 78 3.50000
9840000 24 9.25000 37 63 232 0.79167 78 3.16667
9845000 22 9.77273 38 65 218 0.72727 76 3.40909
9850000 21 10.52381 39 69 234 0.90476 77 3.57143
9855000 22 10.13636 38 66 236 0.86364 76 3.45455
9860000 23 10.08696 41 63 236 0.82609 76 3.26087
9865000 21 11.47619 43 67 250 0.95238 74 3.47619
9870000 24 10.08333 39 53 232 0.79167 75 3.12500
9875000 19 12.36842 40 60 240 0.89474 76 3.94737
9880000 21 10.95238 37 54 236 0.85714 76 3.57143
9885000 19 11.73684 35 53 236 0.94737 77 4.05263
9890000 22 10.36364 37 54 232 0.95455 77 3.50000
9895000 25 8.96000 33 56 225 0.84000 78 3.12000
9900000 21 10.95238 36 61 236 0.95238 76 3.61905
9905000 21 11.19048 34 69 237 0.85714 76 3.57143
9910000 19 11.94737 34 68 243 0.94737 77 3.89474
9915000 22 10.81818 39 58 236 0.77273 77 3.40909
9920000 19 12.47368 39 68 248 0.94737 75 3.89474
9925000 19 12.68421 38 59 239 1.00000 76 4.00000
9930000 19 12.94737 39 59 247 0.89474 77 4.00000
9935000 23 10.86957 36 64 256 0.82609 76 3.30435
9940000 25 10.32000 37 54 247 0.72000 77 3.08000
9945000 23 10.47826 33 67 239 0.95652 78 3.39130
9950000 27 9.11111 30 65 248 0.81481 78 2.85185
9955000 22 10.81818 31 63 238 0.90909 77 3.45455
9960000 25 9.48000 32 62 230 0.84000 78 3.08000
9965000 28 8.39286 29 62 234 0.78571 74 2.64286
9970000 28 8.67857 28 60 243 0.92857 74 2.64286
9975000 23 9.82609 27 77 237 0.91304 74 3.21739
9980000 28 8.42857 27 67 236 0.78571 74 2.64286
9985000 27 8.51852 28 76 243 0.85185 77 2.74074
9990000 24 9.83333 30 78 241 0.87500 77 3.16667
9995000 29 8.62069 31 67 244 0.79310 76 2.62069
10000000 25 9.92000 30 72 245 0.92000 76 3.04000
