# V2 - Timesteps, No of clusters, Mean cluster size, Size largest cluster, No clusters size 1, No prot bound to poly, Fraction clusters bound to poly, No type 2 poly bound to prot, Mean no type 2 in prot cluster
3000000 22 5.54545 19 198 180 0.72727 79 3.36364
3005000 23 5.65217 20 193 179 0.73913 79 3.26087
3010000 22 5.77273 19 203 177 0.72727 80 3.40909
3015000 27 5.14815 18 185 167 0.62963 79 2.81481
3020000 23 5.86957 18 181 184 0.69565 80 3.21739
3025000 17 6.88235 18 189 168 1.00000 78 4.35294
3030000 19 6.36842 20 186 169 0.84211 79 3.94737
3035000 27 5.33333 20 164 176 0.77778 80 2.85185
3040000 23 5.69565 22 182 178 0.69565 80 3.26087
3045000 19 6.57895 21 181 182 1.00000 81 4.05263
3050000 24 6.12500 20 162 177 0.83333 80 3.25000
3055000 27 5.62963 20 170 198 0.85185 81 2.81481
3060000 26 5.76923 19 167 193 0.80769 81 2.92308
3065000 26 5.76923 20 157 182 0.76923 81 2.96154
3070000 21 6.38095 16 179 183 0.90476 80 3.61905
3075000 26 5.76923 16 161 190 0.80769 79 2.96154
3080000 24 5.66667 14 177 191 0.95833 79 3.16667
3085000 29 4.65517 15 176 181 0.75862 80 2.48276
3090000 20 5.80000 13 189 169 0.85000 79 3.55000
3095000 24 5.08333 13 177 171 0.87500 79 3.04167
3100000 22 5.63636 15 173 163 0.90909 77 3.31818
3105000 25 5.40000 15 157 181 0.80000 76 2.92000
3110000 19 6.63158 15 157 181 0.94737 76 3.84211
3115000 21 6.23810 16 164 178 0.85714 78 3.47619
3120000 24 5.83333 15 156 180 0.87500 79 3.16667
3125000 23 5.52174 13 158 161 0.78261 78 3.17391
3130000 21 5.85714 15 171 159 0.85714 77 3.42857
3135000 23 5.47826 15 170 165 0.78261 79 3.17391
3140000 26 5.23077 14 166 171 0.73077 77 2.80769
3145000 25 5.36000 14 169 176 0.80000 80 3.00000
3150000 21 6.09524 14 172 168 0.90476 80 3.61905
3155000 24 5.45833 14 157 157 0.79167 79 3.25000
3160000 27 5.11111 13 146 161 0.77778 80 2.92593
3165000 26 5.23077 14 157 176 0.84615 81 3.00000
3170000 23 5.78261 15 162 183 0.91304 81 3.34783
3175000 27 5.66667 17 144 173 0.81481 81 2.96296
3180000 26 5.57692 15 147 165 0.73077 80 3.03846
3185000 22 6.18182 16 157 180 0.90909 81 3.63636
3190000 20 7.00000 15 145 169 0.95000 81 3.90000
3195000 19 6.68421 16 164 160 0.94737 80 4.00000
3200000 24 5.87500 14 167 187 0.75000 78 3.16667
3205000 22 6.00000 15 168 173 0.81818 80 3.50000
3210000 24 5.54167 15 182 174 0.79167 81 3.16667
3215000 19 6.78947 16 182 174 0.94737 81 4.10526
3220000 29 5.20690 15 152 183 0.82759 79 2.65517
3225000 22 6.68182 17 164 188 0.86364 78 3.40909
3230000 23 6.17391 17 167 180 0.78261 79 3.26087
3235000 24 5.91667 14 160 182 0.87500 80 3.25000
3240000 24 5.75000 15 168 180 0.83333 79 3.16667
3245000 26 5.73077 16 146 171 0.76923 79 2.84615
3250000 27 5.74074 16 135 182 0.81481 81 2.85185
3255000 23 6.78261 16 145 197 0.82609 81 3.34783
3260000 24 6.62500 15 148 191 0.83333 81 3.29167
3265000 28 5.75000 15 142 185 0.78571 81 2.78571
3270000 21 6.47619 15 172 182 0.85714 81 3.57143
3275000 25 6.08000 15 155 184 0.80000 80 3.12000
3280000 25 6.08000 16 159 179 0.76000 79 3.00000
3285000 19 6.63158 16 176 180 0.78947 80 3.89474
3290000 23 6.00000 14 168 178 0.86957 80 3.39130
3295000 17 7.35294 14 180 187 0.88235 79 4.35294
3300000 23 6.47826 17 169 191 0.82609 80 3.34783
3305000 23 6.43478 18 163 179 0.86957 80 3.39130
3310000 22 6.86364 17 159 191 0.81818 81 3.54545
3315000 26 5.80769 17 157 177 0.76923 79 2.92308
3320000 24 6.16667 15 158 197 0.79167 79 3.12500
3325000 22 6.40909 16 148 168 0.86364 80 3.50000
3330000 20 6.50000 15 161 167 0.90000 79 3.80000
3335000 23 6.52174 15 152 179 0.82609 79 3.26087
3340000 23 6.17391 14 149 176 0.86957 79 3.34783
3345000 20 6.90000 14 159 192 0.90000 78 3.55000
3350000 21 6.52381 15 175 179 0.80952 79 3.42857
3355000 25 6.04000 15 167 180 0.80000 78 2.96000
3360000 23 6.52174 16 169 179 0.82609 81 3.34783
3365000 24 6.08333 16 161 193 0.79167 80 3.20833
3370000 20 7.15000 15 159 183 0.85000 79 3.80000
3375000 22 6.36364 14 153 176 0.81818 80 3.50000
3380000 18 7.22222 14 159 182 1.00000 78 4.22222
3385000 17 7.41176 14 167 183 0.94118 78 4.47059
3390000 26 5.38462 14 146 167 0.73077 80 2.88462
3395000 21 6.47619 16 147 166 0.80952 78 3.57143
3400000 20 6.45000 14 158 181 0.90000 77 3.75000
3405000 21 6.47619 14 147 174 0.80952 79 3.61905
3410000 22 5.86364 12 165 175 0.77273 80 3.45455
3415000 25 5.48000 13 156 181 0.92000 79 3.08000
3420000 25 5.20000 14 168 167 0.76000 81 3.04000
3425000 18 6.50000 14 176 175 0.83333 81 4.05556
3430000 21 6.19048 13 169 171 0.76190 81 3.61905
3435000 27 5.03704 13 161 168 0.70370 80 2.74074
3440000 17 6.64706 13 182 160 0.88235 77 4.29412
3445000 18 6.16667 12 173 162 0.83333 76 4.00000
3450000 18 6.33333 13 161 156 0.83333 79 4.05556
3455000 20 6.05000 12 142 156 0.85000 80 3.75000
3460000 23 5.69565 14 140 158 0.82609 81 3.34783
3465000 21 6.19048 14 146 164 0.76190 81 3.71429
3470000 23 5.78261 13 145 163 0.91304 78 3.39130
3475000 23 5.91304 15 150 176 0.86957 80 3.34783
3480000 21 6.42857 14 164 173 0.90476 79 3.71429
3485000 23 5.86957 13 165 170 0.86957 80 3.34783
3490000 23 5.78261 13 164 181 0.91304 80 3.34783
3495000 20 6.70000 15 171 174 0.90000 81 3.85000
3500000 26 5.88462 15 157 185 0.92308 81 3.07692
3505000 26 5.57692 15 169 182 0.76923 80 2.92308
3510000 23 5.91304 13 173 173 0.86957 80 3.34783
3515000 19 7.10526 15 177 189 0.78947 79 3.89474
3520000 19 7.05263 15 173 178 0.78947 80 3.94737
3525000 19 7.00000 16 169 176 0.94737 80 3.94737
3530000 23 6.13043 16 168 172 0.78261 80 3.30435
3535000 22 6.22727 15 174 186 0.81818 79 3.45455
3540000 21 6.42857 13 183 184 0.90476 80 3.61905
3545000 22 6.72727 17 172 192 0.72727 78 3.40909
3550000 24 6.16667 16 170 189 0.75000 79 3.29167
3555000 22 6.13636 15 172 170 0.72727 80 3.54545
3560000 15 8.53333 15 177 184 0.86667 79 5.13333
3565000 18 7.55556 14 164 174 0.88889 79 4.27778
3570000 16 8.43750 15 176 177 0.81250 80 4.75000
3575000 20 7.00000 16 172 194 0.90000 80 3.95000
3580000 22 6.68182 16 167 188 0.86364 81 3.59091
3585000 20 7.25000 16 167 189 0.85000 80 3.90000
3590000 18 8.11111 14 170 189 0.83333 80 4.33333
3595000 19 7.36842 14 180 189 0.78947 80 4.05263
3600000 21 6.57143 15 167 178 0.71429 80 3.66667
3605000 19 7.05263 14 173 178 0.89474 80 4.10526
3610000 24 6.00000 15 163 186 0.79167 81 3.25000
3615000 18 7.38889 16 177 184 0.88889 78 4.33333
3620000 24 5.66667 15 175 181 0.75000 80 3.16667
3625000 22 6.13636 15 166 165 0.77273 79 3.50000
3630000 20 7.05000 19 159 183 0.85000 80 3.95000
3635000 20 6.80000 16 158 174 0.85000 81 3.90000
3640000 21 6.52381 14 159 174 0.76190 81 3.76190
3645000 26 5.92308 17 160 178 0.69231 81 2.96154
3650000 18 7.33333 16 178 180 0.83333 80 4.22222
3655000 19 7.10526 17 183 173 0.84211 79 4.05263
3660000 22 6.09091 15 186 171 0.68182 81 3.59091
3665000 23 5.82609 14 185 193 0.82609 80 3.43478
3670000 21 6.28571 16 177 176 0.76190 80 3.57143
3675000 22 5.90909 14 179 160 0.63636 80 3.45455
3680000 21 6.61905 15 166 182 0.76190 80 3.76190
3685000 28 5.46429 14 155 174 0.71429 80 2.82143
3690000 25 6.12000 15 154 176 0.84000 80 3.20000
3695000 20 6.95000 14 161 182 0.80000 81 4.00000
3700000 21 7.09524 14 161 198 0.95238 81 3.85714
3705000 20 7.25000 15 155 181 0.85000 81 4.05000
3710000 20 7.00000 16 166 177 0.80000 81 4.05000
3715000 21 6.23810 14 171 179 0.76190 81 3.76190
3720000 19 7.05263 15 174 177 0.89474 81 4.15789
3725000 20 6.50000 15 173 182 0.80000 81 3.95000
3730000 25 5.92000 13 153 174 0.72000 81 3.16000
3735000 20 6.60000 14 162 174 0.80000 79 3.95000
3740000 22 6.31818 15 170 174 0.81818 79 3.59091
3745000 26 6.00000 17 170 203 0.80769 80 3.03846
3750000 22 6.68182 18 178 186 0.77273 79 3.50000
3755000 21 6.90476 15 179 190 0.76190 78 3.66667
3760000 23 6.47826 15 162 189 0.78261 77 3.26087
3765000 25 6.28000 15 157 194 0.76000 80 3.00000
3770000 26 5.92308 17 164 197 0.73077 79 2.92308
3775000 22 6.54545 15 172 198 0.86364 81 3.54545
3780000 21 6.71429 15 167 176 0.85714 81 3.76190
3785000 24 6.00000 14 163 183 0.79167 80 3.29167
3790000 20 7.30000 16 159 183 0.85000 79 3.85000
3795000 22 6.36364 12 161 180 0.86364 80 3.63636
3800000 23 5.91304 13 156 167 0.82609 80 3.39130
3805000 25 5.44000 14 154 162 0.68000 79 3.04000
3810000 20 6.55000 13 154 168 0.85000 81 3.90000
3815000 24 5.41667 12 155 174 0.66667 80 3.20833
3820000 20 6.65000 15 159 181 0.80000 80 3.80000
3825000 19 6.89474 16 159 169 0.89474 81 4.00000
3830000 20 6.80000 15 161 168 0.85000 81 3.85000
3835000 27 5.44444 14 152 171 0.66667 80 2.85185
3840000 22 6.31818 17 151 169 0.77273 79 3.59091
3845000 24 5.79167 16 157 176 0.87500 79 3.29167
3850000 24 6.08333 18 151 182 0.83333 81 3.29167
3855000 20 6.95000 18 170 196 0.95000 81 3.90000
3860000 23 5.91304 17 159 171 0.78261 81 3.43478
3865000 23 5.86957 14 156 167 0.86957 81 3.43478
3870000 22 6.59091 15 168 183 0.81818 81 3.54545
3875000 22 6.63636 15 155 178 0.72727 80 3.54545
3880000 17 7.70588 14 161 178 0.88235 80 4.52941
3885000 24 6.04167 15 148 181 0.79167 79 3.20833
3890000 17 8.11765 17 151 174 0.76471 79 4.41176
3895000 23 6.39130 16 128 173 0.78261 79 3.34783
3900000 24 6.08333 16 133 171 0.75000 79 3.25000
3905000 18 7.33333 17 147 169 0.77778 79 4.22222
3910000 21 6.57143 19 141 165 0.76190 80 3.61905
3915000 16 8.06250 20 149 169 1.00000 79 4.81250
3920000 19 6.52632 19 148 168 0.94737 78 3.94737
3925000 21 6.14286 16 139 169 0.76190 79 3.52381
3930000 23 5.91304 16 142 165 0.78261 78 3.26087
3935000 24 6.00000 14 135 175 0.75000 79 3.20833
3940000 21 6.61905 15 154 178 0.90476 80 3.80952
3945000 17 7.64706 14 150 172 0.88235 79 4.47059
3950000 18 7.50000 14 158 176 0.88889 79 4.27778
3955000 20 7.55000 14 147 183 0.90000 81 3.95000
3960000 25 6.36000 13 150 184 0.72000 79 3.12000
3965000 19 7.57895 15 158 182 0.84211 80 4.00000
3970000 25 6.44000 17 148 189 0.68000 80 3.08000
3975000 22 7.09091 17 157 198 0.77273 79 3.36364
3980000 17 8.17647 15 166 187 0.88235 80 4.52941
3985000 19 7.57895 18 168 185 0.89474 80 4.15789
3990000 24 6.29167 16 155 178 0.83333 80 3.29167
3995000 22 6.59091 14 159 190 0.86364 80 3.59091
4000000 23 6.47826 14 155 171 0.73913 80 3.34783
4005000 23 6.26087 14 164 182 0.86957 80 3.43478
4010000 21 6.28571 13 172 180 0.71429 80 3.66667
4015000 22 6.18182 16 176 173 0.77273 81 3.50000
4020000 24 6.12500 16 168 174 0.83333 81 3.29167
4025000 25 5.92000 16 166 184 0.68000 80 3.08000
4030000 27 5.62963 14 172 188 0.85185 80 2.96296
4035000 25 5.84000 14 180 192 0.84000 79 3.16000
4040000 26 5.96154 15 165 178 0.84615 79 2.96154
4045000 26 5.84615 15 168 192 0.80769 79 3.00000
4050000 24 6.04167 14 170 185 0.70833 79 3.20833
4055000 21 6.28571 12 166 171 0.90476 78 3.61905
4060000 21 6.90476 15 156 183 0.80952 78 3.61905
4065000 21 6.14286 13 168 166 0.90476 79 3.61905
4070000 24 5.79167 14 160 166 0.70833 78 3.20833
4075000 24 5.95833 15 155 183 0.79167 79 3.25000
4080000 24 5.95833 16 160 174 0.79167 80 3.16667
4085000 20 7.10000 17 160 180 0.90000 81 4.00000
4090000 23 6.56522 16 141 180 0.78261 80 3.43478
4095000 19 7.10526 15 161 180 0.73684 80 3.94737
4100000 19 7.15789 15 174 182 0.84211 79 4.00000
4105000 22 6.68182 16 170 191 0.77273 80 3.50000
4110000 20 7.20000 20 162 185 0.90000 81 3.95000
4115000 20 7.05000 23 159 175 0.90000 81 3.95000
4120000 24 5.95833 19 165 174 0.79167 80 3.20833
4125000 18 7.22222 16 178 170 0.83333 80 4.22222
4130000 22 7.00000 17 154 186 0.81818 80 3.50000
4135000 21 7.14286 17 162 196 0.90476 78 3.57143
4140000 22 6.95455 16 160 183 0.86364 80 3.54545
4145000 27 5.85185 15 151 187 0.70370 81 2.92593
4150000 27 5.81481 14 151 183 0.81481 80 2.85185
4155000 22 6.81818 15 168 189 0.90909 80 3.54545
4160000 18 7.77778 15 170 182 0.88889 80 4.16667
4165000 27 5.88889 15 154 191 0.74074 79 2.88889
4170000 27 5.85185 13 151 187 0.74074 81 2.96296
4175000 20 6.90000 13 176 186 0.80000 80 3.90000
4180000 25 6.72000 17 169 198 0.64000 79 3.08000
4185000 23 6.86957 16 169 198 0.82609 81 3.34783
4190000 19 7.31579 15 171 184 0.84211 80 4.05263
4195000 21 7.33333 16 150 188 0.90476 80 3.76190
4200000 22 7.13636 14 159 188 0.90909 79 3.59091
4205000 18 7.94444 13 185 194 0.77778 81 4.33333
4210000 22 6.86364 14 168 191 0.81818 81 3.59091
4215000 22 7.09091 17 171 190 0.86364 81 3.63636
4220000 22 7.45455 16 166 204 0.86364 80 3.59091
4225000 24 6.83333 17 155 186 0.79167 80 3.33333
4230000 17 8.70588 19 175 193 0.88235 81 4.58824
4235000 23 6.86957 16 156 195 0.82609 81 3.47826
4240000 24 6.37500 16 149 180 0.75000 81 3.33333
4245000 22 6.72727 17 163 187 0.72727 80 3.54545
4250000 24 6.66667 17 153 186 0.83333 81 3.33333
4255000 23 6.82609 18 162 196 0.95652 81 3.43478
4260000 24 6.41667 14 154 184 0.83333 81 3.33333
4265000 22 6.45455 14 158 166 0.72727 80 3.50000
4270000 23 5.91304 14 164 170 0.73913 80 3.39130
4275000 24 5.45833 13 165 166 0.83333 81 3.33333
4280000 17 7.11765 15 173 167 0.88235 79 4.41176
4285000 19 6.84211 15 167 175 0.84211 79 4.00000
4290000 18 7.22222 15 157 187 0.88889 80 4.16667
4295000 23 6.39130 19 146 178 0.78261 79 3.34783
4300000 21 6.61905 17 165 180 0.76190 79 3.61905
4305000 18 7.66667 17 176 193 0.83333 79 4.16667
4310000 23 6.43478 19 163 193 0.82609 78 3.34783
4315000 31 5.38710 18 140 197 0.87097 81 2.54839
4320000 23 6.73913 16 151 193 0.82609 80 3.34783
4325000 27 5.74074 16 158 180 0.70370 81 2.92593
4330000 25 6.40000 15 158 188 0.68000 80 3.16000
4335000 21 6.85714 17 171 190 0.95238 80 3.76190
4340000 24 6.45833 18 156 191 0.91667 81 3.33333
4345000 28 5.71429 20 146 198 0.82143 81 2.89286
4350000 16 8.87500 22 167 198 0.87500 81 4.81250
4355000 20 7.30000 19 153 184 0.80000 80 3.90000
4360000 25 6.00000 19 150 183 0.76000 80 3.12000
4365000 20 7.55000 19 163 188 0.85000 79 3.85000
4370000 24 7.08333 18 140 205 0.79167 79 3.12500
4375000 23 6.47826 19 154 191 0.86957 77 3.30435
4380000 23 6.60870 19 163 185 0.82609 78 3.26087
4385000 24 6.41667 16 160 198 0.87500 78 3.16667
4390000 28 6.17857 15 154 193 0.75000 79 2.78571
4395000 28 5.92857 17 155 199 0.71429 80 2.82143
4400000 22 6.31818 18 177 184 0.86364 80 3.50000
4405000 22 6.31818 17 173 188 0.86364 80 3.50000
4410000 21 6.61905 20 168 186 0.90476 79 3.61905
4415000 20 7.50000 20 164 204 0.90000 80 3.80000
4420000 23 6.47826 19 158 183 0.78261 79 3.26087
4425000 21 6.80952 18 157 191 0.80952 78 3.61905
4430000 27 5.92593 20 155 195 0.81481 81 2.85185
4435000 28 5.39286 20 169 187 0.82143 80 2.85714
4440000 23 6.39130 21 161 184 0.69565 80 3.26087
4445000 25 6.08000 21 154 190 0.84000 78 3.04000
4450000 24 6.37500 22 151 194 0.87500 79 3.20833
4455000 22 6.54545 18 151 170 0.81818 78 3.36364
4460000 19 7.36842 16 169 184 0.94737 79 3.94737
4465000 24 6.37500 14 138 182 0.87500 79 3.20833
4470000 22 6.59091 16 150 184 0.81818 78 3.45455
4475000 25 5.96000 16 148 173 0.72000 79 3.08000
4480000 22 6.59091 17 159 179 0.86364 80 3.40909
4485000 23 6.43478 15 167 200 0.78261 80 3.26087
4490000 24 6.12500 14 160 187 0.87500 80 3.16667
4495000 21 6.66667 15 159 182 0.90476 77 3.61905
4500000 26 5.84615 15 157 176 0.76923 79 2.92308
4505000 25 5.92000 15 160 197 0.80000 78 3.00000
4510000 21 6.14286 15 165 172 0.85714 79 3.57143
4515000 18 7.00000 13 168 162 0.94444 78 4.16667
4520000 23 6.08696 16 160 177 0.91304 78 3.26087
4525000 21 6.42857 14 165 172 0.80952 80 3.61905
4530000 17 6.76471 12 174 177 0.94118 79 4.35294
4535000 20 6.70000 12 158 177 0.90000 80 3.85000
4540000 23 6.08696 13 146 177 0.82609 81 3.30435
4545000 24 5.66667 13 146 172 0.70833 81 3.08333
4550000 18 6.66667 13 147 167 0.94444 79 4.16667
4555000 24 5.37500 13 144 166 0.91667 81 3.16667
4560000 19 6.73684 13 149 173 0.89474 81 3.84211
4565000 25 5.44000 12 138 169 0.80000 80 3.04000
4570000 21 6.33333 14 142 173 0.90476 80 3.61905
4575000 23 6.04348 14 135 170 0.78261 79 3.30435
4580000 23 6.04348 15 140 176 0.86957 79 3.39130
4585000 26 5.42308 14 139 174 0.92308 80 3.00000
4590000 20 6.60000 13 156 178 0.95000 78 3.85000
4595000 23 5.82609 12 163 169 0.91304 79 3.39130
4600000 23 6.00000 13 159 177 0.78261 78 3.34783
4605000 21 6.33333 13 158 172 0.90476 79 3.61905
4610000 23 6.30435 16 154 189 0.78261 79 3.26087
4615000 21 6.76190 15 162 177 0.76190 79 3.57143
4620000 27 5.88889 15 153 179 0.74074 78 2.81481
4625000 21 6.85714 15 174 189 0.80952 79 3.52381
4630000 23 6.65217 17 156 182 0.73913 79 3.30435
4635000 23 6.52174 17 159 193 0.91304 79 3.34783
4640000 22 6.31818 16 153 176 0.86364 78 3.40909
4645000 26 5.80769 14 143 183 0.80769 80 2.88462
4650000 23 6.04348 15 150 170 0.91304 78 3.30435
4655000 25 5.76000 16 155 179 0.84000 78 3.00000
4660000 25 5.56000 15 159 179 0.76000 78 2.96000
4665000 25 5.76000 14 167 179 0.72000 80 3.00000
4670000 23 6.30435 15 160 188 0.82609 79 3.21739
4675000 28 5.60714 14 167 198 0.78571 78 2.67857
4680000 28 5.67857 14 158 186 0.78571 78 2.75000
4685000 23 6.34783 15 173 188 0.78261 78 3.17391
4690000 22 6.54545 16 163 179 0.86364 79 3.40909
4695000 19 7.21053 17 164 188 0.84211 78 3.78947
4700000 24 5.87500 16 156 182 0.87500 77 3.12500
4705000 27 5.44444 16 152 170 0.81481 75 2.70370
4710000 23 6.04348 16 161 170 0.78261 78 3.21739
4715000 20 6.40000 14 168 166 0.90000 77 3.60000
4720000 25 5.28000 14 159 165 0.80000 80 3.00000
4725000 24 5.54167 14 164 172 0.83333 77 3.08333
4730000 28 5.10714 14 159 174 0.64286 76 2.53571
4735000 21 6.19048 13 166 172 0.90476 77 3.61905
4740000 25 5.40000 16 157 184 0.88000 77 3.00000
4745000 20 5.70000 14 185 173 0.95000 76 3.60000
4750000 25 5.36000 15 177 178 0.68000 78 2.92000
4755000 28 5.07143 14 156 178 0.71429 80 2.67857
4760000 22 6.13636 14 170 168 0.81818 77 3.22727
4765000 23 5.91304 14 161 167 0.82609 75 3.17391
4770000 26 5.42308 14 165 171 0.80769 74 2.73077
4775000 22 6.04545 15 166 172 0.86364 78 3.22727
4780000 22 6.18182 15 163 171 0.77273 78 3.22727
4785000 22 5.59091 15 162 177 0.86364 78 3.27273
4790000 24 5.25000 14 165 149 0.66667 79 3.08333
4795000 26 5.53846 14 168 180 0.73077 79 2.92308
4800000 23 6.21739 17 167 187 0.91304 79 3.26087
4805000 27 5.22222 15 172 167 0.59259 78 2.74074
4810000 29 5.20690 14 162 185 0.75862 80 2.62069
4815000 22 6.27273 16 182 189 0.72727 79 3.31818
4820000 24 5.95833 16 191 184 0.79167 80 3.04167
4825000 22 6.95455 18 176 189 0.72727 78 3.36364
4830000 23 6.82609 19 175 194 0.73913 80 3.30435
4835000 24 6.08333 16 174 195 0.87500 81 3.20833
4840000 23 6.30435 14 181 196 0.78261 81 3.34783
4845000 23 6.52174 14 172 198 0.86957 80 3.34783
4850000 25 6.28000 13 152 190 0.88000 79 3.12000
4855000 25 6.48000 14 143 200 0.88000 80 3.20000
4860000 24 6.75000 17 143 188 0.79167 79 3.25000
4865000 22 7.22727 18 151 198 0.86364 80 3.54545
4870000 19 8.05263 16 142 186 0.89474 80 4.05263
4875000 20 7.40000 15 141 185 0.85000 80 3.90000
4880000 20 7.00000 14 146 181 0.85000 81 3.85000
4885000 24 5.95833 14 147 169 0.79167 81 3.25000
4890000 21 7.00000 14 152 181 0.76190 80 3.66667
4895000 19 7.05263 14 161 168 0.84211 81 4.00000
4900000 21 6.85714 16 146 185 0.90476 81 3.80952
4905000 25 5.92000 14 128 180 0.76000 81 3.20000
4910000 21 6.42857 14 145 163 0.80952 80 3.71429
4915000 21 6.09524 12 154 169 0.85714 80 3.76190
4920000 22 5.95455 12 149 168 0.86364 80 3.63636
4925000 23 5.39130 12 163 168 0.91304 79 3.39130
4930000 21 5.61905 12 165 164 0.80952 78 3.52381
4935000 21 5.80952 14 168 163 0.76190 79 3.57143
4940000 22 5.68182 14 169 161 0.86364 79 3.50000
4945000 22 6.27273 15 154 180 0.86364 81 3.59091
4950000 17 7.47059 17 160 160 0.88235 77 4.05882
4955000 22 5.81818 15 151 166 0.81818 79 3.40909
4960000 20 6.15000 14 163 169 0.90000 81 3.80000
4965000 20 5.95000 16 168 168 0.90000 79 3.75000
4970000 20 6.25000 16 172 164 0.85000 78 3.70000
4975000 18 6.66667 17 172 166 0.88889 77 4.11111
4980000 21 6.33333 18 165 162 0.85714 77 3.52381
4985000 22 6.59091 21 158 185 0.72727 79 3.40909
4990000 24 6.12500 18 157 181 0.79167 79 3.12500
4995000 20 7.25000 16 168 191 0.90000 81 3.80000
5000000 23 6.26087 16 160 185 0.91304 80 3.34783
5005000 22 6.50000 16 159 181 0.90909 78 3.45455
5010000 22 6.27273 15 172 186 0.90909 79 3.45455
5015000 23 6.30435 14 159 186 0.86957 79 3.34783
5020000 24 6.16667 15 162 183 0.79167 79 3.20833
5025000 27 5.48148 14 153 173 0.74074 81 2.88889
5030000 24 5.79167 14 145 169 0.91667 80 3.29167
5035000 23 5.78261 14 163 179 0.82609 80 3.30435
5040000 26 4.84615 14 158 166 0.84615 79 2.96154
5045000 26 5.03846 15 142 162 0.69231 80 2.96154
5050000 21 6.19048 15 151 169 0.76190 79 3.66667
5055000 27 5.51852 15 143 181 0.85185 79 2.92593
5060000 21 6.47619 13 159 165 0.80952 79 3.76190
5065000 18 7.05556 13 174 157 0.72222 80 4.22222
5070000 24 5.79167 14 176 173 0.66667 79 3.20833
5075000 25 5.68000 14 173 180 0.96000 80 3.20000
5080000 22 6.04545 13 173 172 0.72727 80 3.50000
5085000 28 5.14286 14 157 187 0.75000 80 2.78571
5090000 21 6.38095 17 168 170 0.71429 80 3.71429
5095000 21 6.42857 16 170 177 0.80952 79 3.66667
5100000 24 5.91667 14 160 178 0.70833 79 3.20833
5105000 17 7.05882 15 177 175 0.76471 79 4.17647
5110000 18 6.72222 13 168 155 0.94444 74 4.00000
5115000 19 6.63158 16 173 157 0.89474 77 3.84211
5120000 23 5.78261 14 174 181 0.73913 78 3.17391
5125000 29 4.62069 13 155 170 0.72414 78 2.51724
5130000 22 5.45455 13 174 169 0.90909 80 3.36364
5135000 23 5.60870 12 162 176 0.82609 80 3.17391
5140000 23 6.04348 15 165 185 0.82609 77 3.26087
5145000 28 5.64286 14 166 196 0.85714 80 2.78571
5150000 23 6.34783 14 175 194 0.82609 79 3.30435
5155000 21 6.71429 14 173 181 0.95238 78 3.66667
5160000 27 5.62963 15 156 183 0.81481 79 2.85185
5165000 24 6.00000 16 171 190 0.83333 79 3.08333
5170000 25 5.36000 14 172 161 0.76000 77 2.92000
5175000 23 5.73913 17 173 195 0.95652 81 3.26087
5180000 19 6.52632 15 182 179 0.94737 78 3.84211
5185000 23 5.65217 16 165 166 0.82609 79 3.21739
5190000 22 6.27273 16 148 177 0.86364 77 3.40909
5195000 27 5.59259 17 152 183 0.85185 81 2.77778
5200000 23 6.34783 13 150 180 1.00000 80 3.34783
5205000 24 6.04167 15 150 181 0.79167 81 3.25000
5210000 23 6.21739 15 150 174 0.91304 79 3.39130
5215000 21 6.00000 15 161 162 0.71429 78 3.57143
5220000 24 5.79167 15 142 180 0.79167 78 3.16667
5225000 26 5.53846 16 138 183 0.92308 78 2.96154
5230000 22 6.13636 14 156 166 0.81818 80 3.50000
5235000 19 6.36842 13 164 153 0.94737 80 4.05263
5240000 22 6.13636 13 163 164 0.81818 79 3.40909
5245000 21 6.19048 14 171 168 0.80952 80 3.61905
5250000 23 5.86957 16 154 178 0.78261 81 3.34783
5255000 20 6.50000 14 165 175 0.90000 80 3.65000
5260000 20 6.70000 14 161 172 0.85000 79 3.70000
5265000 24 5.62500 13 153 179 0.83333 79 3.20833
5270000 22 6.36364 14 152 192 0.90909 79 3.54545
5275000 24 5.70833 11 156 173 0.79167 79 3.16667
5280000 24 5.29167 12 161 158 0.75000 78 3.04167
5285000 22 5.45455 13 156 169 0.86364 77 3.36364
5290000 23 5.04348 11 168 161 0.86957 79 3.30435
5295000 24 5.20833 12 154 162 0.75000 78 3.08333
5300000 29 4.86207 13 147 159 0.79310 79 2.68966
5305000 23 5.65217 13 165 175 0.86957 79 3.30435
5310000 30 4.90000 16 150 170 0.73333 80 2.63333
5315000 23 5.69565 17 165 161 0.69565 78 3.26087
5320000 21 6.00000 16 161 164 0.76190 79 3.57143
5325000 18 6.38889 13 164 154 0.77778 77 4.11111
5330000 20 6.50000 15 162 169 0.80000 77 3.70000
5335000 24 5.66667 15 161 167 0.70833 79 3.08333
5340000 22 6.40909 16 163 181 0.90909 79 3.50000
5345000 24 6.12500 14 155 182 0.87500 80 3.12500
5350000 19 7.00000 15 163 175 0.89474 79 4.05263
5355000 24 5.83333 12 157 182 0.87500 80 3.20833
5360000 24 5.95833 14 150 172 0.83333 80 3.25000
5365000 22 6.04545 13 159 171 0.81818 80 3.54545
5370000 19 6.52632 12 156 158 0.84211 79 4.05263
5375000 24 5.54167 13 158 162 0.70833 78 3.16667
5380000 19 7.31579 15 159 189 0.89474 79 3.94737
5385000 23 6.56522 16 153 190 0.78261 79 3.30435
5390000 21 6.52381 17 166 181 0.71429 79 3.61905
5395000 18 7.61111 17 163 177 0.88889 79 4.22222
5400000 23 6.43478 16 158 179 0.78261 79 3.39130
5405000 19 7.05263 17 171 182 0.89474 81 4.15789
5410000 22 6.54545 20 170 180 0.81818 80 3.59091
5415000 21 6.71429 23 173 184 1.00000 81 3.80952
5420000 23 6.13043 19 156 174 0.86957 81 3.43478
5425000 19 6.94737 17 175 186 0.94737 80 4.10526
5430000 24 6.00000 18 158 176 0.83333 81 3.29167
5435000 23 6.95652 17 142 189 0.82609 80 3.43478
5440000 23 6.43478 17 142 190 0.86957 80 3.43478
5445000 18 7.55556 17 165 187 0.94444 80 4.27778
5450000 21 6.85714 16 160 187 0.85714 80 3.71429
5455000 18 7.44444 15 156 183 0.88889 80 4.27778
5460000 20 6.70000 14 161 181 0.90000 80 3.90000
5465000 23 6.04348 14 159 169 0.78261 80 3.39130
5470000 23 6.13043 17 158 173 0.69565 79 3.30435
5475000 26 5.30769 17 156 167 0.76923 79 3.03846
5480000 22 5.54545 14 172 162 0.81818 80 3.50000
5485000 26 4.88462 13 157 158 0.88462 80 2.92308
5490000 23 5.21739 13 170 161 0.69565 80 3.30435
5495000 25 5.04000 13 169 158 0.84000 79 3.12000
5500000 25 5.36000 13 156 169 0.80000 77 3.04000
5505000 23 5.78261 14 155 170 0.82609 81 3.43478
5510000 25 5.64000 12 143 164 0.88000 80 3.20000
5515000 25 5.20000 12 151 155 0.76000 79 3.08000
5520000 23 5.34783 12 163 162 0.91304 81 3.39130
5525000 18 6.72222 12 170 169 1.00000 81 4.27778
5530000 22 5.95455 13 162 173 0.90909 80 3.50000
5535000 20 6.65000 15 158 169 0.85000 80 3.90000
5540000 22 6.13636 17 162 175 0.90909 81 3.63636
5545000 26 5.11538 12 165 165 0.80769 80 3.00000
5550000 24 5.70833 15 163 175 0.87500 80 3.25000
5555000 19 6.84211 13 178 175 0.94737 79 4.15789
5560000 24 5.91667 13 178 183 0.79167 80 3.29167
5565000 26 5.73077 16 168 184 0.76923 81 3.00000
5570000 25 5.48000 16 176 170 0.80000 81 3.16000
5575000 22 6.04545 15 170 178 0.81818 81 3.63636
5580000 24 6.00000 18 158 184 0.79167 81 3.29167
5585000 22 6.04545 18 161 166 0.77273 80 3.59091
5590000 21 6.42857 17 166 180 0.80952 80 3.66667
5595000 22 6.45455 17 167 178 0.72727 80 3.45455
5600000 21 6.33333 16 173 174 0.90476 80 3.66667
5605000 25 5.64000 17 176 181 0.76000 79 3.08000
5610000 21 6.33333 13 185 180 0.85714 80 3.66667
5615000 23 5.95652 16 179 179 0.78261 80 3.43478
5620000 22 6.27273 16 173 185 0.77273 80 3.54545
5625000 25 5.76000 15 154 173 0.72000 79 3.04000
5630000 20 6.50000 15 168 179 0.90000 80 3.85000
5635000 24 5.91667 14 157 169 0.79167 78 3.16667
5640000 24 5.91667 15 162 173 0.83333 79 3.20833
5645000 22 6.45455 15 164 187 0.77273 80 3.50000
5650000 23 6.17391 14 157 167 0.78261 79 3.39130
5655000 23 6.17391 14 159 174 0.86957 79 3.39130
5660000 22 6.27273 14 170 176 0.86364 79 3.54545
5665000 25 5.72000 14 169 179 0.72000 80 3.16000
5670000 23 6.21739 17 165 185 0.82609 80 3.39130
5675000 18 7.38889 16 168 175 0.94444 80 4.27778
5680000 23 6.43478 17 155 184 0.86957 79 3.34783
5685000 26 6.00000 17 154 187 0.76923 80 2.96154
5690000 24 6.66667 17 142 182 0.79167 80 3.29167
5695000 23 6.78261 16 150 190 0.78261 81 3.43478
5700000 23 6.43478 15 153 178 0.82609 81 3.43478
5705000 18 7.22222 14 158 179 0.88889 80 4.33333
5710000 21 6.85714 14 152 176 0.85714 79 3.66667
5715000 26 5.65385 13 155 174 0.76923 81 3.00000
5720000 21 6.38095 13 177 173 0.80952 79 3.66667
5725000 23 6.43478 16 153 170 0.78261 79 3.34783
5730000 23 6.04348 15 167 189 0.91304 81 3.47826
5735000 23 6.30435 15 154 186 0.86957 81 3.43478
5740000 22 6.27273 15 174 186 0.81818 81 3.59091
5745000 27 5.74074 17 154 189 0.77778 81 2.96296
5750000 24 6.29167 16 149 185 0.83333 80 3.29167
5755000 25 6.24000 16 151 197 0.88000 81 3.16000
5760000 25 6.00000 15 161 190 0.76000 80 3.12000
5765000 25 6.44000 15 149 191 0.72000 81 3.08000
5770000 22 6.95455 15 148 178 0.81818 81 3.54545
5775000 24 6.45833 15 136 175 0.75000 81 3.20833
5780000 17 8.11765 15 147 184 1.00000 81 4.52941
5785000 19 7.73684 15 143 186 1.00000 81 4.05263
5790000 20 7.30000 14 146 183 0.85000 81 3.85000
5795000 21 6.95238 14 149 172 0.95238 80 3.61905
5800000 28 5.71429 15 131 185 0.92857 79 2.75000
5805000 22 6.90909 14 137 189 0.95455 80 3.45455
5810000 22 6.31818 12 144 175 0.86364 81 3.50000
5815000 22 6.54545 15 156 180 0.81818 81 3.50000
5820000 21 6.38095 15 162 166 0.76190 80 3.66667
5825000 18 7.55556 17 148 168 0.88889 79 4.27778
5830000 20 6.85000 17 150 175 0.70000 79 3.65000
5835000 19 6.84211 15 151 177 0.89474 80 4.00000
5840000 26 5.50000 15 154 178 0.84615 79 3.00000
5845000 29 5.17241 16 154 171 0.72414 81 2.68966
5850000 23 6.00000 18 164 182 0.86957 81 3.39130
5855000 17 7.11765 16 176 159 0.88235 78 4.41176
5860000 23 6.00000 17 167 180 0.73913 79 3.30435
5865000 21 6.09524 14 172 167 0.80952 80 3.57143
5870000 22 5.77273 15 181 170 0.77273 77 3.36364
5875000 25 5.40000 17 175 165 0.72000 79 3.04000
5880000 19 6.63158 16 183 171 0.94737 80 4.00000
5885000 25 5.52000 13 172 185 0.84000 81 3.04000
5890000 26 5.88462 15 160 183 0.76923 78 3.00000
5895000 26 5.38462 13 167 182 0.88462 80 2.92308
5900000 24 5.54167 14 180 184 0.87500 80 3.16667
5905000 29 5.03448 16 178 181 0.79310 81 2.68966
5910000 29 5.24138 13 160 182 0.82759 80 2.68966
5915000 28 5.21429 13 167 179 0.75000 79 2.78571
5920000 19 6.47368 12 182 175 0.89474 80 4.00000
5925000 23 5.73913 12 177 170 0.69565 80 3.21739
5930000 22 5.95455 16 171 166 0.81818 79 3.45455
5935000 23 6.04348 14 169 182 0.91304 78 3.34783
5940000 22 6.04545 14 168 176 0.81818 80 3.54545
5945000 29 4.89655 13 155 170 0.62069 80 2.65517
5950000 24 6.04167 16 164 185 0.83333 79 3.20833
5955000 25 5.80000 13 165 185 0.80000 80 3.16000
5960000 25 5.68000 15 167 185 0.76000 81 3.16000
5965000 27 5.44444 16 157 186 0.74074 81 2.88889
5970000 24 6.12500 16 165 182 0.87500 81 3.33333
5975000 22 6.50000 14 173 182 0.81818 81 3.59091
5980000 25 6.04000 14 163 182 0.80000 80 3.12000
5985000 28 5.53571 15 157 182 0.82143 79 2.78571
5990000 26 5.92308 17 158 190 0.76923 80 3.03846
5995000 19 7.52632 17 154 185 0.89474 80 4.05263
6000000 21 6.66667 13 145 166 0.76190 79 3.57143
6005000 19 6.31579 12 156 167 0.89474 77 3.94737
6010000 23 5.78261 12 149 175 0.82609 81 3.43478
6015000 25 5.84000 13 145 181 0.88000 80 3.20000
6020000 19 7.42105 15 145 177 0.94737 81 4.15789
6025000 22 6.63636 14 143 173 0.77273 81 3.59091
6030000 19 7.31579 15 143 169 0.84211 78 4.05263
6035000 21 6.33333 12 161 168 0.90476 79 3.76190
6040000 23 6.08696 12 170 187 0.86957 80 3.39130
6045000 21 6.85714 14 183 188 0.85714 80 3.71429
6050000 25 5.84000 14 179 192 0.88000 81 3.16000
6055000 24 6.12500 16 175 183 0.70833 80 3.25000
6060000 24 6.12500 14 155 183 0.83333 77 3.16667
6065000 20 6.95000 14 163 187 0.90000 78 3.80000
6070000 21 6.90476 15 160 180 0.80952 79 3.61905
6075000 21 6.66667 14 147 173 0.90476 80 3.80952
6080000 22 6.63636 14 148 172 0.81818 79 3.54545
6085000 24 5.95833 12 167 179 0.79167 80 3.25000
6090000 23 6.26087 15 165 194 0.86957 81 3.43478
6095000 27 5.59259 14 159 185 0.74074 80 2.92593
6100000 25 5.84000 14 163 174 0.88000 81 3.12000
6105000 26 6.30769 16 152 190 0.80769 79 3.00000
6110000 26 6.23077 17 165 202 0.80769 81 3.03846
6115000 28 5.71429 18 168 190 0.75000 81 2.82143
6120000 28 5.67857 17 163 197 0.78571 81 2.82143
6125000 22 6.86364 16 168 184 0.63636 78 3.27273
6130000 28 5.60714 16 173 198 0.71429 80 2.60714
6135000 26 5.76923 15 184 178 0.61538 80 2.88462
6140000 21 6.61905 17 184 190 0.90476 80 3.52381
6145000 22 6.68182 15 164 191 0.86364 79 3.40909
6150000 27 5.96296 16 143 195 0.81481 80 2.92593
6155000 24 6.20833 17 150 199 0.95833 79 3.20833
6160000 25 5.80000 14 155 186 0.92000 80 3.12000
6165000 24 6.33333 16 151 191 0.79167 80 3.29167
6170000 27 5.37037 17 161 182 0.85185 80 2.88889
6175000 27 5.37037 15 168 179 0.81481 79 2.88889
6180000 22 6.04545 14 173 177 0.81818 77 3.36364
6185000 23 6.13043 17 162 181 0.86957 79 3.21739
6190000 23 6.00000 16 166 179 0.86957 81 3.39130
6195000 20 6.60000 14 169 187 0.90000 80 3.70000
6200000 25 5.60000 16 161 180 0.76000 79 3.08000
6205000 28 4.89286 15 159 170 0.75000 78 2.67857
6210000 27 5.00000 15 158 169 0.81481 79 2.81481
6215000 25 5.28000 14 160 162 0.72000 78 2.88000
6220000 26 5.15385 13 168 171 0.73077 78 2.69231
6225000 24 5.66667 13 168 174 0.91667 79 3.12500
6230000 23 5.34783 11 176 161 0.82609 79 3.21739
6235000 23 5.60870 12 168 176 0.82609 80 3.21739
6240000 23 5.78261 14 166 174 0.82609 80 3.21739
6245000 20 6.20000 13 176 167 0.75000 78 3.65000
6250000 24 5.16667 13 170 175 0.91667 80 3.16667
6255000 23 5.30435 11 160 160 0.78261 78 3.21739
6260000 30 4.63333 11 153 170 0.80000 79 2.56667
6265000 21 5.80952 14 164 157 0.80952 79 3.47619
6270000 21 5.61905 12 167 165 0.90476 81 3.66667
6275000 22 5.68182 11 165 175 0.86364 80 3.45455
6280000 28 5.14286 13 150 179 0.89286 81 2.78571
6285000 30 4.63333 13 156 174 0.73333 81 2.60000
6290000 22 5.22727 12 182 166 0.86364 80 3.36364
6295000 21 5.61905 12 177 162 0.85714 77 3.52381
6300000 27 5.03704 13 169 177 0.81481 78 2.81481
6305000 26 4.80769 10 177 167 0.76923 78 2.92308
6310000 25 5.12000 11 189 182 0.80000 79 3.08000
6315000 20 6.35000 11 183 180 0.95000 81 3.80000
6320000 25 5.16000 12 181 176 0.88000 80 3.12000
6325000 18 6.88889 13 183 182 0.94444 80 4.27778
6330000 22 6.18182 13 169 186 0.86364 78 3.54545
6335000 24 5.62500 13 171 167 0.75000 78 3.25000
6340000 25 5.32000 14 175 192 0.88000 78 2.96000
6345000 27 5.33333 13 164 175 0.74074 79 2.88889
6350000 24 5.83333 15 165 176 0.83333 79 3.20833
6355000 24 5.45833 12 168 166 0.87500 81 3.29167
6360000 29 5.06897 12 165 187 0.72414 80 2.58621
6365000 24 5.66667 12 173 172 0.79167 80 3.16667
6370000 24 6.16667 15 158 186 0.79167 77 3.04167
6375000 21 6.66667 14 166 188 0.76190 80 3.52381
6380000 25 5.84000 13 180 193 0.80000 79 3.04000
6385000 24 6.20833 14 164 183 0.75000 80 3.25000
6390000 20 6.10000 14 179 165 0.85000 80 3.80000
6395000 23 5.65217 14 171 167 0.73913 78 3.21739
6400000 20 6.15000 14 164 184 0.95000 80 3.80000
6405000 25 5.28000 12 164 167 0.80000 80 3.16000
6410000 25 5.20000 13 180 181 0.84000 80 3.04000
6415000 24 5.25000 14 169 154 0.70833 78 3.04167
6420000 24 5.33333 13 157 154 0.70833 77 3.08333
6425000 23 5.47826 12 176 157 0.69565 77 3.21739
6430000 22 5.72727 14 177 163 0.77273 79 3.40909
6435000 29 4.93103 14 159 171 0.65517 81 2.65517
6440000 22 5.63636 13 177 155 0.81818 80 3.54545
6445000 21 6.57143 13 160 173 0.85714 80 3.66667
6450000 22 5.86364 13 160 161 0.95455 79 3.45455
6455000 25 5.60000 14 160 179 0.72000 80 3.04000
6460000 19 7.26316 16 154 175 1.00000 79 4.10526
6465000 17 7.76471 15 163 175 0.94118 80 4.35294
6470000 22 6.50000 14 144 179 0.81818 80 3.40909
6475000 25 5.76000 14 151 175 0.80000 78 3.04000
6480000 21 6.85714 16 153 183 0.71429 80 3.47619
6485000 24 5.70833 15 157 172 0.75000 80 3.16667
6490000 25 5.52000 14 166 186 0.88000 79 3.00000
6495000 26 5.69231 16 151 179 0.84615 78 2.96154
6500000 25 5.72000 18 164 174 0.84000 80 3.04000
6505000 24 5.41667 13 152 168 0.87500 80 3.12500
6510000 27 5.00000 13 152 173 0.77778 79 2.85185
6515000 20 6.20000 14 164 162 0.80000 79 3.65000
6520000 21 5.71429 12 165 156 0.85714 79 3.52381
6525000 24 5.33333 14 157 161 0.91667 78 3.16667
6530000 27 4.85185 13 160 164 0.85185 80 2.81481
6535000 23 5.52174 13 157 162 0.78261 81 3.34783
6540000 18 6.66667 17 159 171 0.94444 78 4.27778
6545000 27 5.07407 14 148 169 0.85185 80 2.88889
6550000 28 5.10714 14 146 166 0.78571 78 2.71429
6555000 29 5.10345 13 146 181 0.72414 79 2.65517
6560000 24 5.12500 12 175 161 0.75000 79 3.16667
6565000 24 5.45833 15 167 170 0.87500 79 3.12500
6570000 25 5.16000 12 177 173 0.88000 79 3.00000
6575000 22 6.13636 14 163 175 0.81818 80 3.40909
6580000 24 5.75000 17 152 165 0.75000 80 3.08333
6585000 22 6.00000 15 157 168 0.86364 80 3.40909
6590000 21 6.14286 15 156 161 0.80952 78 3.47619
6595000 21 6.23810 13 141 157 0.76190 78 3.47619
6600000 21 6.09524 14 152 173 0.76190 76 3.47619
6605000 25 5.60000 15 146 176 0.76000 79 2.96000
6610000 25 5.52000 14 157 177 0.84000 76 3.00000
6615000 24 5.41667 13 167 164 0.70833 79 3.20833
6620000 23 5.86957 14 161 175 0.86957 80 3.43478
6625000 22 6.45455 18 160 173 0.77273 80 3.50000
6630000 21 6.57143 18 158 173 0.76190 79 3.57143
6635000 21 6.85714 21 159 179 0.71429 78 3.57143
6640000 21 6.61905 18 146 179 0.85714 78 3.66667
6645000 19 6.68421 16 158 158 0.78947 78 4.00000
6650000 22 5.86364 16 161 163 0.81818 79 3.50000
6655000 20 6.30000 14 160 155 0.80000 78 3.80000
6660000 20 6.05000 11 159 162 0.80000 80 3.75000
6665000 21 5.90476 14 159 172 0.85714 81 3.57143
6670000 19 6.63158 13 162 155 0.78947 81 3.94737
6675000 18 6.50000 12 172 165 0.83333 80 4.22222
6680000 19 6.42105 12 170 177 0.89474 81 4.05263
6685000 22 6.09091 14 154 178 0.86364 81 3.59091
6690000 22 6.09091 14 154 173 0.72727 81 3.54545
6695000 19 6.94737 15 164 173 0.78947 81 4.00000
6700000 21 6.19048 17 162 155 0.76190 80 3.66667
6705000 22 5.72727 14 164 165 0.77273 81 3.54545
6710000 25 5.68000 14 156 169 0.76000 80 3.16000
6715000 22 6.36364 15 152 177 0.81818 80 3.50000
6720000 19 7.42105 16 156 170 0.84211 79 4.00000
6725000 26 6.11538 14 139 174 0.80769 79 3.00000
6730000 25 5.92000 14 158 187 0.76000 79 3.16000
6735000 19 6.89474 13 174 179 0.89474 80 4.15789
6740000 21 6.52381 14 169 177 0.85714 79 3.66667
6745000 26 5.30769 12 155 188 0.88462 79 2.96154
6750000 24 5.37500 13 171 179 0.83333 79 3.16667
6755000 24 5.58333 13 166 164 0.70833 79 3.25000
6760000 32 4.84375 14 138 174 0.75000 80 2.46875
6765000 25 5.56000 15 141 161 0.72000 80 3.08000
6770000 20 6.60000 13 152 177 0.80000 79 3.75000
6775000 21 6.23810 14 156 166 0.80952 79 3.57143
6780000 22 5.86364 13 159 163 0.90909 80 3.59091
6785000 23 5.65217 13 162 164 0.86957 78 3.21739
6790000 25 5.32000 12 155 165 0.84000 78 3.00000
6795000 25 5.60000 14 146 165 0.80000 79 3.00000
6800000 23 6.34783 15 141 173 0.65217 80 3.30435
6805000 23 6.26087 16 146 181 0.86957 81 3.34783
6810000 21 6.47619 16 152 173 0.85714 80 3.66667
6815000 25 5.92000 18 141 191 0.96000 81 3.20000
6820000 25 5.72000 17 149 179 0.88000 80 3.12000
6825000 25 5.84000 18 156 179 0.84000 80 3.08000
6830000 27 5.59259 16 145 184 0.85185 81 2.92593
6835000 22 6.40909 15 162 189 0.86364 80 3.50000
6840000 24 5.70833 15 154 185 0.87500 80 3.16667
6845000 20 6.10000 13 164 176 0.85000 80 3.75000
6850000 27 5.14815 13 154 161 0.88889 79 2.85185
6855000 28 4.92857 14 152 163 0.75000 80 2.75000
6860000 26 5.30769 12 164 169 0.80769 79 2.96154
6865000 24 5.70833 13 163 170 0.79167 78 3.20833
6870000 26 4.92308 13 162 160 0.80769 81 2.96154
6875000 23 5.60870 19 169 178 0.86957 77 3.30435
6880000 24 5.37500 19 159 170 0.87500 79 3.16667
6885000 26 5.34615 13 152 171 0.76923 79 3.03846
6890000 28 4.96429 12 165 179 0.89286 80 2.82143
6895000 26 5.50000 13 170 182 0.76923 80 3.00000
6900000 27 5.37037 16 150 185 0.88889 78 2.81481
6905000 23 6.04348 15 156 169 0.82609 78 3.34783
6910000 25 5.72000 15 152 183 0.88000 78 3.08000
6915000 23 6.34783 17 155 185 0.78261 80 3.34783
6920000 22 6.13636 15 169 179 0.86364 78 3.40909
6925000 20 6.55000 15 173 176 0.75000 79 3.80000
6930000 21 6.66667 16 170 192 0.80952 80 3.71429
6935000 26 5.84615 20 163 188 0.84615 81 3.03846
6940000 23 6.43478 18 162 186 0.78261 80 3.39130
6945000 22 6.81818 17 158 184 0.81818 80 3.50000
6950000 20 7.20000 19 173 188 0.90000 79 3.85000
6955000 20 6.75000 20 166 178 0.85000 81 3.90000
6960000 23 6.04348 20 159 178 0.86957 79 3.39130
6965000 20 6.90000 17 159 179 0.90000 79 3.85000
6970000 23 6.13043 15 154 170 0.82609 80 3.34783
6975000 24 5.95833 15 150 176 0.75000 80 3.29167
6980000 25 6.04000 15 146 183 0.88000 81 3.20000
6985000 25 5.92000 18 147 184 0.88000 80 3.20000
6990000 21 6.57143 16 154 186 0.90476 80 3.76190
6995000 23 6.13043 14 161 170 0.91304 81 3.43478
7000000 21 6.38095 15 168 167 0.85714 80 3.71429
7005000 25 5.72000 16 157 182 0.84000 79 3.08000
7010000 19 6.84211 15 165 172 0.84211 79 3.94737
7015000 22 6.22727 15 169 171 0.77273 79 3.40909
7020000 25 5.96000 16 159 186 0.88000 80 3.12000
7025000 20 6.80000 20 161 178 0.90000 80 3.95000
7030000 20 6.95000 19 165 179 0.75000 78 3.85000
7035000 26 6.03846 21 158 198 0.88462 79 3.00000
7040000 21 6.76190 16 173 182 0.90476 78 3.71429
7045000 24 6.33333 17 164 195 0.79167 78 3.25000
7050000 19 7.10526 17 184 185 0.73684 80 4.00000
7055000 26 5.57692 17 174 187 0.80769 78 2.88462
7060000 23 6.13043 17 177 183 0.86957 80 3.39130
7065000 18 7.38889 19 187 176 0.94444 80 4.33333
7070000 26 5.46154 18 159 172 0.61538 80 3.00000
7075000 22 6.00000 20 169 170 0.77273 80 3.59091
7080000 19 6.73684 19 177 166 0.73684 79 3.84211
7085000 21 6.14286 22 179 175 0.90476 80 3.71429
7090000 22 6.50000 21 174 199 0.86364 80 3.45455
7095000 24 6.12500 17 174 176 0.87500 81 3.33333
7100000 24 6.50000 19 176 189 0.79167 81 3.20833
7105000 23 6.69565 20 168 177 0.69565 80 3.26087
7110000 21 6.76190 19 189 188 0.76190 78 3.52381
7115000 25 5.92000 19 175 192 0.76000 80 3.08000
7120000 21 6.80952 17 188 186 0.71429 80 3.57143
7125000 27 5.77778 17 182 197 0.85185 80 2.81481
7130000 24 6.37500 18 184 195 0.75000 80 3.08333
7135000 20 7.30000 17 188 194 0.80000 79 3.75000
7140000 20 7.45000 19 182 199 0.85000 81 3.90000
7145000 24 6.45833 18 181 195 0.70833 79 3.20833
7150000 21 6.90476 19 185 182 0.71429 78 3.47619
7155000 22 7.00000 19 154 179 0.81818 79 3.45455
7160000 19 7.78947 20 154 183 0.68421 78 3.89474
7165000 24 6.45833 18 142 173 0.70833 79 3.20833
7170000 18 7.38889 16 149 174 0.88889 79 4.22222
7175000 21 6.76190 16 151 189 0.90476 81 3.71429
7180000 23 6.13043 15 156 178 0.73913 80 3.34783
7185000 27 5.37037 15 153 166 0.77778 79 2.81481
7190000 31 4.96774 13 147 164 0.67742 78 2.51613
7195000 22 5.77273 15 177 164 0.81818 78 3.45455
7200000 23 5.43478 15 173 169 0.86957 81 3.34783
7205000 26 5.26923 16 167 174 0.69231 81 3.00000
7210000 24 5.54167 16 173 170 0.70833 81 3.04167
7215000 24 5.62500 16 176 168 0.70833 78 3.12500
7220000 23 5.91304 17 175 165 0.78261 80 3.34783
7225000 19 6.84211 20 175 184 0.94737 79 4.05263
7230000 17 7.58824 20 175 179 0.94118 79 4.47059
7235000 22 6.40909 19 164 176 0.68182 79 3.45455
7240000 18 6.77778 17 180 164 0.88889 78 4.22222
7245000 21 6.19048 17 177 170 0.80952 80 3.61905
7250000 20 6.60000 15 181 178 0.85000 80 3.85000
7255000 19 6.89474 16 170 176 0.94737 81 4.15789
7260000 19 7.21053 20 168 169 0.89474 81 4.15789
7265000 24 5.83333 20 156 179 0.83333 79 3.25000
7270000 19 7.21053 18 155 166 0.73684 80 3.94737
7275000 26 5.73077 15 151 171 0.76923 81 3.00000
7280000 17 7.52941 16 164 173 0.82353 81 4.58824
7285000 21 6.38095 16 164 169 0.76190 79 3.66667
7290000 24 5.79167 16 157 175 0.83333 80 3.20833
7295000 22 6.18182 15 161 177 0.86364 80 3.59091
7300000 24 6.00000 16 148 168 0.66667 79 3.16667
7305000 27 5.74074 17 147 171 0.55556 80 2.85185
7310000 22 6.59091 18 156 179 0.81818 81 3.54545
7315000 25 5.80000 16 154 163 0.76000 80 3.16000
7320000 24 6.04167 15 160 180 0.79167 81 3.25000
7325000 25 6.08000 16 151 181 0.88000 81 3.12000
7330000 20 6.95000 15 159 176 0.85000 81 3.85000
7335000 21 6.28571 16 173 172 0.71429 80 3.61905
7340000 18 7.11111 16 173 173 0.77778 79 4.16667
7345000 23 6.26087 16 164 178 0.73913 80 3.39130
7350000 24 5.79167 16 156 162 0.66667 80 3.16667
7355000 19 7.00000 14 163 177 0.84211 80 4.10526
7360000 21 6.71429 14 165 177 0.76190 79 3.61905
7365000 19 7.10526 15 176 173 0.89474 79 3.94737
7370000 18 7.27778 14 165 187 0.83333 78 4.16667
7375000 23 6.00000 15 163 178 0.91304 80 3.39130
7380000 25 5.72000 16 160 172 0.72000 81 3.12000
7385000 26 5.73077 14 159 178 0.76923 81 3.03846
7390000 20 6.85000 15 175 175 0.85000 80 3.80000
7395000 25 5.72000 16 178 178 0.76000 80 3.04000
7400000 24 5.95833 17 178 183 0.79167 79 3.16667
7405000 19 7.47368 17 182 192 0.78947 79 4.00000
7410000 20 7.00000 17 182 180 0.65000 78 3.80000
7415000 22 6.77273 15 185 186 0.72727 79 3.54545
7420000 18 8.16667 17 182 187 0.83333 79 4.33333
7425000 21 7.19048 18 171 184 0.71429 78 3.66667
7430000 22 6.63636 17 183 183 0.68182 80 3.45455
7435000 26 5.96154 18 166 175 0.65385 80 2.96154
7440000 23 6.78261 18 167 186 0.78261 80 3.43478
7445000 23 6.39130 19 183 189 0.86957 80 3.47826
7450000 22 6.72727 21 173 181 0.68182 80 3.50000
7455000 20 7.20000 22 165 184 0.70000 80 3.90000
7460000 19 7.00000 20 171 172 0.89474 80 4.10526
7465000 18 7.11111 19 176 180 0.88889 81 4.27778
7470000 27 5.40741 16 158 179 0.85185 79 2.85185
7475000 22 6.04545 15 164 172 0.81818 80 3.50000
7480000 21 6.23810 16 177 174 0.71429 81 3.57143
7485000 20 6.55000 15 190 178 0.80000 81 3.85000
7490000 19 6.84211 18 190 174 0.84211 81 4.15789
7495000 17 7.35294 17 186 163 0.76471 81 4.41176
7500000 23 6.65217 18 153 175 0.69565 80 3.39130
7505000 21 6.38095 18 163 170 0.80952 81 3.66667
7510000 24 5.75000 18 170 171 0.79167 81 3.29167
7515000 22 6.22727 15 169 176 0.81818 80 3.54545
7520000 22 6.13636 16 169 173 0.90909 81 3.54545
7525000 19 7.05263 18 176 183 0.84211 80 4.10526
7530000 24 5.95833 17 171 182 0.83333 81 3.37500
7535000 18 7.83333 20 174 186 0.88889 80 4.27778
7540000 20 7.00000 17 159 188 0.90000 80 3.90000
7545000 24 6.50000 19 142 191 0.75000 79 3.25000
7550000 20 6.95000 18 155 175 0.70000 79 3.75000
7555000 20 6.80000 16 159 179 0.80000 79 3.80000
7560000 20 6.95000 19 149 186 0.90000 81 3.90000
7565000 20 7.00000 19 143 178 0.85000 80 3.80000
7570000 18 7.72222 19 153 175 0.88889 80 4.27778
7575000 20 6.40000 18 150 155 0.85000 81 3.90000
7580000 21 5.95238 17 161 168 0.80952 81 3.71429
7585000 19 6.05263 17 175 167 0.84211 80 4.05263
7590000 24 5.12500 15 166 162 0.62500 81 3.12500
7595000 25 5.24000 16 164 173 0.80000 81 3.16000
7600000 24 5.54167 16 156 172 0.75000 80 3.20833
7605000 22 5.72727 14 175 157 0.59091 79 3.31818
7610000 19 6.42105 16 176 157 0.73684 79 4.00000
7615000 18 6.22222 15 187 163 0.83333 80 4.16667
7620000 24 5.08333 13 192 159 0.70833 79 3.20833
7625000 25 4.96000 14 173 158 0.76000 81 3.12000
7630000 16 6.43750 13 189 147 0.81250 78 4.62500
7635000 25 4.88000 12 167 151 0.68000 78 3.00000
7640000 22 5.81818 14 170 159 0.90909 80 3.59091
7645000 21 6.28571 15 185 176 0.76190 80 3.66667
7650000 19 6.84211 15 179 168 0.94737 81 4.05263
7655000 23 5.47826 14 178 161 0.69565 80 3.39130
7660000 22 5.54545 13 181 155 0.77273 81 3.54545
7665000 22 5.86364 14 175 162 0.90909 81 3.59091
7670000 21 6.04762 16 175 177 0.85714 80 3.57143
7675000 20 6.05000 17 188 170 0.85000 79 3.80000
7680000 19 6.52632 20 175 159 0.78947 79 4.05263
7685000 21 6.28571 22 176 156 0.66667 80 3.66667
7690000 19 6.05263 17 178 159 0.73684 79 3.94737
7695000 20 6.15000 19 174 166 0.65000 78 3.65000
7700000 19 6.63158 19 180 164 0.73684 77 3.84211
7705000 21 6.23810 18 180 177 0.71429 80 3.47619
7710000 23 5.95652 18 162 164 0.60870 79 3.21739
7715000 19 6.89474 18 174 177 0.84211 80 3.94737
7720000 22 6.00000 17 179 182 0.81818 81 3.50000
7725000 26 5.57692 18 181 183 0.84615 80 2.96154
7730000 19 7.00000 18 189 179 0.84211 80 4.00000
7735000 21 6.80952 17 175 184 0.80952 80 3.76190
7740000 20 6.40000 16 168 174 0.80000 80 3.80000
7745000 16 7.50000 18 168 174 1.00000 80 4.81250
7750000 19 6.21053 18 174 160 0.94737 79 4.05263
7755000 17 6.82353 17 180 174 0.94118 81 4.47059
7760000 23 5.65217 17 165 154 0.91304 79 3.43478
7765000 22 5.63636 16 175 161 0.81818 78 3.50000
7770000 24 4.95833 16 181 154 0.79167 78 3.12500
7775000 26 5.15385 13 181 173 0.76923 80 3.03846
7780000 28 4.82143 16 184 173 0.78571 80 2.82143
7785000 22 5.86364 18 193 184 0.77273 81 3.54545
7790000 23 6.17391 16 174 190 0.91304 79 3.39130
7795000 24 6.00000 19 164 175 0.83333 80 3.25000
7800000 21 6.28571 18 182 177 0.90476 79 3.61905
7805000 22 6.18182 17 189 170 0.68182 77 3.45455
7810000 23 6.08696 16 182 176 0.69565 80 3.34783
7815000 23 6.26087 15 175 180 0.82609 80 3.39130
7820000 23 6.43478 16 166 177 0.78261 81 3.39130
7825000 23 6.60870 16 162 191 0.69565 81 3.39130
7830000 26 6.00000 16 165 186 0.69231 81 3.03846
7835000 22 6.00000 16 174 177 0.81818 80 3.50000
7840000 19 6.47368 16 181 162 0.78947 80 4.10526
7845000 18 7.16667 18 189 173 0.83333 80 4.33333
7850000 23 6.08696 17 183 177 0.73913 80 3.34783
7855000 22 6.59091 16 184 183 0.86364 81 3.63636
7860000 21 6.47619 15 180 174 0.66667 80 3.71429
7865000 25 5.32000 14 164 172 0.72000 80 3.12000
7870000 19 6.57895 14 166 175 0.78947 79 4.00000
7875000 21 5.80952 13 162 161 0.71429 80 3.61905
7880000 20 5.95000 14 169 151 0.80000 77 3.80000
7885000 21 6.04762 16 173 174 0.85714 79 3.66667
7890000 21 5.66667 16 172 160 0.76190 80 3.76190
7895000 25 5.00000 14 179 169 0.68000 80 3.00000
7900000 23 5.52174 14 178 168 0.82609 77 3.26087
7905000 24 5.12500 15 185 166 0.75000 80 3.20833
7910000 26 4.80769 12 183 169 0.80769 81 2.88462
7915000 20 5.80000 15 195 168 0.80000 77 3.80000
7920000 23 5.30435 13 195 179 0.73913 78 3.21739
7925000 25 5.20000 15 179 165 0.76000 79 3.00000
7930000 24 5.33333 16 181 171 0.79167 81 3.25000
7935000 19 6.42105 19 179 172 0.73684 80 3.78947
7940000 18 6.38889 17 182 168 0.88889 78 4.11111
7945000 25 5.20000 17 170 165 0.80000 79 3.08000
7950000 29 4.58621 16 167 160 0.72414 77 2.62069
7955000 23 5.00000 15 180 170 0.69565 80 3.17391
7960000 30 4.36667 15 165 154 0.73333 79 2.56667
7965000 22 5.27273 14 183 167 0.81818 78 3.36364
7970000 26 5.00000 14 173 162 0.73077 78 2.88462
7975000 23 5.52174 14 179 166 0.78261 80 3.21739
7980000 20 6.05000 15 180 159 0.85000 77 3.65000
7985000 23 5.30435 16 179 158 0.69565 76 3.17391
7990000 24 6.08333 17 172 187 0.70833 79 3.08333
7995000 22 6.09091 19 183 177 0.77273 80 3.50000
8000000 24 5.66667 18 178 171 0.83333 80 3.16667
8005000 22 6.18182 16 180 188 0.77273 80 3.36364
8010000 24 5.66667 15 168 169 0.83333 77 3.08333
8015000 27 5.07407 14 164 170 0.81481 76 2.74074
8020000 27 5.22222 14 163 178 0.77778 79 2.81481
8025000 24 5.79167 14 164 182 0.87500 77 2.95833
8030000 19 6.57895 16 170 173 0.94737 78 3.78947
8035000 26 5.34615 15 142 161 0.80769 79 2.88462
8040000 21 6.14286 14 162 173 0.80952 78 3.42857
8045000 23 5.56522 15 158 175 0.78261 79 3.21739
8050000 23 5.69565 14 158 174 0.82609 79 3.26087
8055000 30 4.83333 16 143 169 0.76667 78 2.53333
8060000 23 5.56522 14 154 170 0.82609 79 3.34783
8065000 24 5.33333 13 167 171 0.91667 79 3.16667
8070000 20 6.15000 16 178 177 0.85000 79 3.65000
8075000 28 4.57143 16 159 159 0.75000 78 2.60714
8080000 21 5.90476 15 160 161 0.85714 77 3.47619
8085000 23 5.34783 14 169 163 0.91304 80 3.39130
8090000 23 6.00000 14 163 177 0.86957 81 3.34783
8095000 25 5.56000 16 165 177 0.80000 79 3.04000
8100000 22 5.86364 15 161 177 0.90909 81 3.50000
8105000 24 5.79167 15 148 166 0.79167 77 3.20833
8110000 24 5.87500 14 157 185 0.79167 79 3.20833
8115000 22 6.27273 14 175 192 0.77273 79 3.40909
8120000 25 5.64000 14 173 170 0.80000 78 3.04000
8125000 24 5.83333 13 166 186 0.95833 79 3.20833
8130000 22 6.22727 14 161 166 0.86364 77 3.50000
8135000 20 6.70000 15 163 170 0.90000 79 3.85000
8140000 19 6.84211 16 165 173 1.00000 80 4.05263
8145000 22 6.31818 15 163 178 0.77273 79 3.45455
8150000 25 5.76000 16 170 183 0.76000 80 3.16000
8155000 28 5.25000 14 161 187 0.85714 80 2.78571
8160000 17 7.82353 15 171 181 0.94118 80 4.47059
8165000 24 5.75000 14 163 170 0.70833 80 3.20833
8170000 19 7.15789 13 165 167 0.78947 78 4.00000
8175000 23 6.04348 14 167 173 0.69565 78 3.30435
8180000 20 7.00000 14 162 184 0.90000 78 3.85000
8185000 23 5.91304 14 153 173 0.82609 78 3.34783
8190000 20 6.80000 16 161 176 0.85000 79 3.80000
8195000 20 7.15000 17 152 182 0.85000 80 3.85000
8200000 19 7.63158 19 151 191 0.94737 80 4.15789
8205000 27 6.03704 16 151 195 0.88889 79 2.88889
8210000 22 6.40909 16 175 185 0.77273 80 3.59091
8215000 22 6.09091 15 167 168 0.90909 81 3.50000
8220000 23 6.04348 16 158 189 0.82609 81 3.43478
8225000 21 6.61905 15 160 175 0.85714 80 3.71429
8230000 25 5.76000 14 145 162 0.76000 80 3.20000
8235000 21 6.47619 14 155 179 0.76190 81 3.57143
8240000 23 6.04348 15 145 171 0.69565 81 3.34783
8245000 24 5.75000 15 142 169 0.83333 80 3.29167
8250000 17 7.41176 14 160 166 0.94118 80 4.52941
8255000 17 6.52941 14 171 161 1.00000 81 4.52941
8260000 24 5.50000 15 158 161 0.83333 81 3.25000
8265000 24 5.37500 14 157 162 0.70833 79 3.16667
8270000 26 5.46154 14 145 162 0.69231 80 2.92308
8275000 21 6.57143 13 155 178 0.90476 81 3.76190
8280000 26 5.42308 14 166 174 0.76923 81 3.00000
8285000 20 6.70000 14 166 182 0.85000 81 4.00000
8290000 22 6.40909 14 147 173 0.86364 80 3.59091
8295000 25 5.96000 14 135 177 0.88000 81 3.24000
8300000 25 6.32000 14 148 185 0.88000 81 3.24000
8305000 22 6.77273 14 164 181 0.68182 81 3.59091
8310000 28 5.57143 14 151 175 0.71429 81 2.85714
8315000 23 6.47826 15 165 177 0.86957 81 3.34783
8320000 20 7.25000 16 167 187 0.90000 79 3.80000
8325000 24 6.12500 14 167 192 0.70833 80 3.20833
8330000 19 7.10526 16 162 170 0.89474 79 3.94737
8335000 26 5.57692 15 157 179 0.69231 78 2.88462
8340000 21 6.19048 14 174 164 0.85714 78 3.57143
8345000 24 5.58333 14 177 174 0.79167 77 3.16667
8350000 25 5.76000 15 175 171 0.68000 80 3.08000
8355000 22 6.63636 16 168 183 0.72727 80 3.40909
8360000 23 6.13043 16 167 178 0.91304 77 3.26087
8365000 24 5.75000 15 169 176 0.79167 77 3.16667
8370000 23 5.78261 17 169 178 0.86957 80 3.21739
8375000 21 6.00000 21 175 174 0.76190 80 3.61905
8380000 21 6.57143 22 160 182 0.71429 80 3.61905
8385000 27 5.29630 18 155 170 0.74074 79 2.77778
8390000 21 6.23810 16 171 169 0.90476 79 3.66667
8395000 22 6.00000 16 156 169 0.72727 80 3.45455
8400000 19 6.31579 17 159 168 0.89474 81 4.05263
8405000 19 6.21053 19 147 154 0.68421 81 3.94737
8410000 16 7.56250 20 162 169 0.81250 80 4.68750
8415000 20 6.55000 17 149 174 0.90000 78 3.80000
8420000 21 6.33333 18 143 176 0.80952 79 3.66667
8425000 20 6.40000 18 147 163 0.90000 80 3.90000
8430000 22 6.27273 19 147 174 0.77273 79 3.50000
8435000 20 6.55000 17 171 169 0.75000 79 3.85000
8440000 20 6.60000 20 182 178 0.85000 80 3.85000
8445000 22 5.95455 21 174 171 0.77273 80 3.54545
8450000 22 6.09091 22 166 172 0.68182 78 3.50000
8455000 23 5.86957 22 158 173 0.73913 80 3.30435
8460000 24 5.83333 22 164 173 0.75000 80 3.16667
8465000 21 6.47619 19 165 163 0.80952 79 3.71429
8470000 22 6.04545 20 170 169 0.77273 79 3.45455
8475000 22 6.40909 19 153 173 0.81818 80 3.59091
8480000 21 6.33333 17 151 172 0.76190 80 3.66667
8485000 17 7.11765 15 152 156 0.82353 79 4.35294
8490000 18 6.83333 16 156 166 0.88889 80 4.27778
8495000 20 5.95000 13 163 159 0.80000 81 3.90000
8500000 17 7.11765 15 169 170 0.88235 80 4.52941
8505000 17 7.00000 14 172 156 0.82353 81 4.35294
8510000 23 5.78261 14 158 163 0.60870 80 3.30435
8515000 20 6.35000 14 171 167 0.75000 80 3.75000
8520000 22 6.00000 13 181 175 0.68182 79 3.45455
8525000 21 6.38095 14 186 182 0.90476 81 3.66667
8530000 23 6.34783 16 174 183 0.73913 81 3.26087
8535000 24 5.83333 15 163 170 0.70833 80 3.20833
8540000 18 7.22222 15 171 182 0.94444 80 4.27778
8545000 20 6.55000 15 157 179 0.90000 78 3.80000
8550000 22 5.95455 16 165 173 0.77273 80 3.45455
8555000 18 7.11111 16 167 185 0.88889 78 4.27778
8560000 25 5.36000 15 160 179 0.84000 77 3.04000
8565000 20 6.50000 15 172 162 0.75000 79 3.75000
8570000 21 6.04762 12 164 170 0.80952 78 3.61905
8575000 19 6.63158 13 168 187 0.84211 80 4.05263
8580000 20 6.65000 13 167 165 0.85000 80 3.80000
8585000 25 5.72000 14 168 182 0.68000 81 3.12000
8590000 18 6.94444 16 180 172 0.72222 80 4.22222
8595000 19 6.78947 15 159 172 0.84211 79 4.00000
8600000 23 5.56522 14 162 170 0.82609 77 3.21739
8605000 18 6.33333 14 175 161 0.88889 78 4.11111
8610000 21 5.71429 17 175 154 0.66667 77 3.38095
8615000 23 5.52174 18 182 177 0.86957 74 3.13043
8620000 20 6.40000 18 178 181 0.80000 79 3.60000
8625000 22 5.81818 18 164 171 0.81818 80 3.22727
8630000 21 6.09524 17 147 157 0.85714 78 3.57143
8635000 24 5.25000 16 150 157 0.83333 80 3.25000
8640000 23 5.47826 19 155 158 0.78261 79 3.34783
8645000 24 5.20833 16 156 156 0.79167 80 3.25000
8650000 24 5.12500 16 162 168 0.91667 78 3.20833
8655000 24 5.58333 18 159 167 0.91667 78 3.16667
8660000 22 5.77273 17 163 168 0.77273 77 3.27273
8665000 28 5.17857 17 159 177 0.78571 77 2.67857
8670000 25 5.72000 17 149 181 0.80000 78 3.00000
8675000 23 6.17391 17 149 183 0.69565 79 3.17391
8680000 20 7.00000 18 143 174 0.95000 78 3.80000
8685000 17 8.17647 19 165 171 0.82353 76 4.17647
8690000 20 6.95000 17 157 174 0.90000 78 3.65000
8695000 27 5.59259 18 145 178 0.81481 79 2.81481
8700000 23 6.04348 16 156 178 0.78261 79 3.26087
8705000 19 6.73684 16 169 174 0.84211 77 3.84211
8710000 25 5.64000 15 169 183 0.88000 80 3.00000
8715000 22 6.72727 18 168 187 0.90909 80 3.40909
8720000 28 5.42857 17 157 188 0.78571 80 2.75000
8725000 18 7.33333 17 170 178 1.00000 79 4.27778
8730000 19 6.52632 14 182 163 0.89474 77 3.94737
8735000 22 6.13636 15 165 171 0.86364 77 3.40909
8740000 25 5.72000 15 166 182 0.76000 78 3.04000
8745000 25 5.96000 16 158 189 0.80000 79 3.04000
8750000 24 6.08333 18 165 189 0.75000 79 3.12500
8755000 26 5.61538 17 161 177 0.65385 79 2.80769
8760000 24 5.58333 15 171 179 0.66667 78 3.08333
8765000 20 6.60000 14 158 166 0.90000 79 3.80000
8770000 19 7.00000 15 158 176 0.89474 79 3.94737
8775000 23 5.65217 16 151 172 0.95652 79 3.30435
8780000 18 6.66667 15 166 166 0.83333 79 4.16667
8785000 25 5.56000 18 150 171 0.80000 81 3.12000
8790000 22 5.86364 18 158 156 0.81818 79 3.45455
8795000 19 6.47368 18 160 174 0.89474 81 3.89474
8800000 22 6.00000 18 159 172 0.81818 80 3.50000
8805000 20 6.40000 17 152 167 0.90000 78 3.85000
8810000 23 5.73913 17 156 170 0.91304 80 3.30435
8815000 21 5.61905 14 165 160 0.80952 80 3.57143
8820000 21 5.61905 15 170 162 0.85714 78 3.52381
8825000 25 4.92000 15 169 160 0.84000 79 3.08000
8830000 25 5.00000 15 173 163 0.84000 77 3.00000
8835000 25 5.32000 15 170 178 0.88000 78 3.04000
8840000 20 6.20000 14 180 159 0.80000 80 3.80000
8845000 23 5.56522 15 171 179 0.86957 79 3.34783
8850000 19 6.36842 13 177 159 0.94737 78 4.00000
8855000 21 6.00000 14 174 174 0.90476 80 3.61905
8860000 25 5.08000 14 168 161 0.88000 77 3.04000
8865000 24 5.25000 14 173 172 0.83333 77 3.08333
8870000 20 5.55000 13 180 151 0.80000 78 3.70000
8875000 22 5.31818 15 176 163 0.77273 80 3.36364
8880000 23 5.21739 15 180 171 0.95652 77 3.30435
8885000 18 6.27778 16 171 157 0.94444 78 4.05556
8890000 23 5.52174 15 149 161 0.82609 77 3.30435
8895000 20 6.45000 14 144 165 0.75000 81 3.70000
8900000 22 5.95455 14 142 159 0.81818 81 3.45455
8905000 23 5.47826 15 142 152 0.82609 81 3.30435
8910000 18 6.50000 14 170 161 0.94444 78 4.11111
8915000 22 5.95455 13 160 174 0.86364 80 3.36364
8920000 21 6.23810 14 162 177 0.95238 79 3.66667
8925000 20 6.40000 13 169 174 0.90000 80 3.85000
8930000 26 5.26923 13 160 174 0.84615 80 3.03846
8935000 24 5.62500 13 161 164 0.79167 77 3.16667
8940000 26 5.15385 13 169 170 0.88462 80 2.88462
8945000 27 5.22222 13 166 171 0.81481 80 2.92593
8950000 21 6.33333 13 179 186 0.85714 81 3.71429
8955000 29 4.96552 13 169 169 0.75862 80 2.62069
8960000 27 5.11111 11 185 176 0.74074 80 2.81481
8965000 21 6.09524 12 187 173 0.85714 80 3.71429
8970000 20 6.55000 12 175 167 0.85000 80 3.85000
8975000 23 5.43478 12 174 165 0.78261 79 3.30435
8980000 19 6.52632 14 174 165 0.89474 79 4.05263
8985000 19 7.21053 14 161 179 1.00000 79 4.00000
8990000 20 6.65000 14 173 162 0.75000 78 3.80000
8995000 26 5.69231 14 166 176 0.84615 79 2.96154
9000000 25 5.92000 16 174 193 0.80000 79 3.12000
9005000 22 6.68182 16 176 183 0.81818 80 3.54545
9010000 21 6.90476 16 167 187 0.90476 80 3.71429
9015000 23 6.08696 15 190 193 0.78261 79 3.43478
9020000 24 5.87500 16 191 173 0.66667 80 3.25000
9025000 20 7.20000 17 184 188 0.75000 80 3.85000
9030000 29 5.68966 19 161 174 0.55172 79 2.62069
9035000 24 6.45833 16 174 182 0.83333 81 3.29167
9040000 24 6.12500 16 178 178 0.70833 80 3.20833
9045000 24 6.00000 15 178 177 0.79167 81 3.25000
9050000 26 5.07692 12 170 166 0.80769 80 3.03846
9055000 23 5.47826 12 174 163 0.82609 80 3.30435
9060000 19 6.47368 13 178 167 1.00000 78 4.00000
9065000 20 5.85000 13 176 162 0.80000 80 3.80000
9070000 20 6.00000 14 160 159 0.85000 81 3.75000
9075000 20 5.65000 13 166 158 0.85000 77 3.60000
9080000 20 5.60000 11 168 151 0.85000 76 3.65000
9085000 24 5.33333 15 156 164 0.79167 79 3.16667
9090000 22 5.36364 12 170 163 0.77273 78 3.36364
9095000 31 4.19355 13 158 165 0.74194 78 2.38710
9100000 24 5.25000 14 171 160 0.83333 76 3.04167
9105000 28 4.85714 14 168 166 0.78571 77 2.67857
9110000 26 5.38462 13 178 184 0.88462 79 2.96154
9115000 30 5.00000 13 177 185 0.80000 78 2.50000
9120000 20 6.45000 13 200 186 0.75000 77 3.50000
9125000 23 5.91304 14 182 196 0.91304 78 3.26087
9130000 25 5.76000 14 176 178 0.80000 78 3.04000
9135000 24 6.00000 18 174 194 0.79167 78 3.12500
9140000 22 6.72727 16 163 189 0.86364 78 3.45455
9145000 25 6.08000 17 159 176 0.80000 80 3.12000
9150000 21 6.42857 16 175 170 0.90476 79 3.66667
9155000 23 6.13043 16 157 190 0.86957 77 3.26087
9160000 27 5.29630 17 160 175 0.70370 79 2.85185
9165000 28 5.00000 17 159 170 0.85714 80 2.71429
9170000 21 6.04762 19 176 173 0.80952 80 3.61905
9175000 18 6.94444 19 169 172 0.83333 81 4.05556
9180000 27 5.48148 18 146 169 0.77778 79 2.85185
9185000 17 7.70588 19 162 171 0.88235 78 4.35294
9190000 24 6.16667 18 156 184 0.83333 79 3.20833
9195000 21 6.47619 17 170 184 0.90476 78 3.66667
9200000 23 6.17391 18 163 193 0.91304 80 3.39130
9205000 25 6.08000 18 156 199 0.92000 80 3.16000
9210000 24 6.04167 17 159 180 0.83333 80 3.20833
9215000 21 6.38095 17 179 187 0.95238 79 3.71429
9220000 23 6.17391 16 171 201 0.86957 81 3.39130
9225000 25 5.88000 17 173 188 0.84000 80 3.08000
9230000 30 5.26667 18 164 192 0.80000 78 2.56667
9235000 27 5.37037 18 159 183 0.88889 80 2.96296
9240000 26 5.46154 16 173 180 0.73077 78 2.96154
9245000 26 5.84615 18 161 179 0.73077 78 2.96154
9250000 24 5.87500 18 156 173 0.87500 79 3.25000
9255000 24 5.45833 18 167 171 0.87500 78 3.25000
9260000 28 5.00000 19 166 170 0.75000 80 2.78571
9265000 22 6.09091 18 178 197 0.90909 81 3.54545
9270000 27 5.25926 18 175 181 0.81481 79 2.81481
9275000 27 5.37037 18 166 186 0.77778 77 2.77778
9280000 25 5.88000 19 165 192 0.88000 81 3.16000
9285000 25 5.40000 19 166 169 0.76000 81 3.08000
9290000 23 5.86957 20 163 171 0.78261 80 3.26087
9295000 27 5.37037 22 154 179 0.74074 81 2.81481
9300000 23 5.86957 18 167 171 0.73913 79 3.26087
9305000 22 6.18182 17 177 173 0.77273 78 3.50000
9310000 24 5.75000 16 179 179 0.79167 79 3.12500
9315000 29 4.75862 16 166 172 0.65517 79 2.55172
9320000 20 5.85000 16 175 164 0.95000 77 3.70000
9325000 22 6.09091 18 170 171 0.90909 77 3.40909
9330000 30 5.13333 20 151 184 0.76667 80 2.56667
9335000 25 5.68000 21 164 175 0.84000 79 3.12000
9340000 25 5.32000 19 175 175 0.92000 78 3.12000
9345000 25 5.08000 18 176 171 0.84000 77 2.96000
9350000 30 4.50000 15 166 169 0.80000 79 2.46667
9355000 26 4.96154 14 167 160 0.73077 75 2.69231
9360000 25 5.00000 15 174 168 0.84000 75 2.76000
9365000 22 5.50000 15 182 167 0.90909 79 3.18182
9370000 23 5.34783 14 169 170 0.86957 78 3.08696
9375000 19 6.15789 15 190 181 0.84211 77 3.73684
9380000 25 5.40000 18 156 181 0.88000 78 3.00000
9385000 24 5.37500 19 166 164 0.75000 79 3.04167
9390000 23 5.78261 20 166 172 0.82609 79 3.21739
9395000 24 5.54167 19 163 175 0.87500 80 3.08333
9400000 28 5.39286 19 152 174 0.64286 81 2.67857
9405000 20 7.00000 17 159 189 0.90000 80 3.75000
9410000 21 6.66667 16 152 190 0.90476 78 3.57143
9415000 20 6.60000 18 164 187 0.75000 77 3.65000
9420000 27 5.18519 16 159 174 0.62963 76 2.74074
9425000 22 5.81818 15 182 178 0.95455 81 3.50000
9430000 34 4.50000 13 163 186 0.73529 79 2.29412
9435000 26 5.34615 17 181 189 0.73077 79 2.92308
9440000 27 5.25926 14 172 179 0.74074 76 2.77778
9445000 24 5.79167 13 176 181 0.83333 79 3.20833
9450000 22 6.00000 12 172 174 0.81818 79 3.45455
9455000 24 5.95833 16 153 169 0.83333 77 3.08333
9460000 25 5.84000 15 156 177 0.80000 79 3.00000
9465000 19 6.57895 15 176 178 0.89474 80 3.94737
9470000 18 7.05556 16 179 174 0.83333 80 4.16667
9475000 24 5.95833 15 164 174 0.70833 79 3.12500
9480000 23 5.82609 16 179 188 0.78261 78 3.26087
9485000 20 6.25000 16 181 162 0.85000 78 3.75000
9490000 23 5.43478 13 171 155 0.69565 77 3.21739
9495000 20 6.05000 12 167 170 0.90000 77 3.65000
9500000 27 5.29630 13 157 175 0.62963 78 2.74074
9505000 27 4.92593 13 167 164 0.77778 80 2.77778
9510000 30 4.60000 11 166 182 0.83333 79 2.63333
9515000 25 4.96000 13 169 165 0.80000 80 3.08000
9520000 26 4.92308 12 159 166 0.80769 79 2.96154
9525000 24 5.12500 13 168 170 0.91667 77 3.12500
9530000 25 5.12000 12 166 159 0.76000 78 3.08000
9535000 25 5.20000 13 157 169 0.80000 79 2.96000
9540000 24 5.33333 12 146 154 0.87500 78 3.08333
9545000 26 5.26923 13 144 169 0.76923 80 2.88462
9550000 21 6.38095 12 141 173 0.95238 80 3.66667
9555000 26 5.30769 13 144 171 0.80769 80 2.96154
9560000 20 6.20000 12 166 170 0.95000 80 3.75000
9565000 24 5.37500 12 156 164 0.91667 79 3.20833
9570000 22 5.77273 13 157 167 0.90909 80 3.45455
9575000 21 6.28571 12 156 178 0.80952 77 3.42857
9580000 23 5.56522 14 166 161 0.78261 81 3.17391
9585000 23 5.65217 17 164 182 0.82609 78 3.26087
9590000 30 4.86667 19 145 175 0.70000 78 2.43333
9595000 24 5.87500 17 154 166 0.70833 79 3.00000
9600000 25 5.56000 15 163 182 0.72000 81 2.96000
9605000 19 6.78947 14 178 194 0.94737 81 3.94737
9610000 27 5.44444 13 155 180 0.81481 80 2.85185
9615000 24 5.75000 15 178 176 0.83333 80 3.12500
9620000 26 5.57692 15 168 183 0.88462 81 3.03846
9625000 31 4.90323 15 161 173 0.70968 80 2.51613
9630000 24 6.04167 18 173 178 0.83333 77 3.16667
9635000 26 5.38462 19 184 186 0.69231 79 2.84615
9640000 31 4.74194 18 179 183 0.70968 78 2.48387
9645000 19 6.89474 17 189 179 0.89474 78 3.94737
9650000 27 5.40741 16 174 192 0.81481 77 2.81481
9655000 21 6.42857 18 198 185 0.80952 78 3.57143
9660000 25 5.88000 18 182 193 0.76000 78 2.96000
9665000 25 5.96000 17 172 179 0.80000 79 3.00000
9670000 22 6.45455 17 181 187 0.63636 78 3.22727
9675000 25 5.68000 17 175 189 0.84000 79 2.92000
9680000 23 6.26087 18 176 186 0.86957 78 3.26087
9685000 26 5.65385 20 168 185 0.80769 79 3.00000
9690000 24 5.75000 16 166 176 0.87500 80 3.25000
9695000 23 6.17391 17 164 184 0.82609 81 3.43478
9700000 22 6.09091 19 166 182 0.81818 80 3.50000
9705000 19 7.21053 19 158 178 0.89474 80 4.00000
9710000 22 6.72727 17 148 184 0.86364 80 3.45455
9715000 23 5.95652 16 167 185 0.86957 78 3.34783
9720000 22 6.31818 17 178 184 0.86364 80 3.50000
9725000 23 6.34783 16 170 187 0.91304 79 3.34783
9730000 21 6.85714 16 171 190 0.90476 79 3.57143
9735000 23 6.69565 19 168 198 0.86957 80 3.43478
9740000 18 7.77778 18 176 185 0.88889 80 4.27778
9745000 24 5.91667 17 169 179 0.70833 80 3.20833
9750000 22 6.22727 13 177 171 0.68182 80 3.45455
9755000 28 5.42857 14 157 164 0.67857 79 2.75000
9760000 20 6.60000 15 188 187 0.80000 79 3.80000
9765000 28 5.17857 15 168 172 0.67857 79 2.75000
9770000 24 5.75000 17 178 160 0.79167 80 3.16667
9775000 24 6.00000 17 181 190 0.83333 80 3.20833
9780000 19 7.26316 17 192 181 0.84211 80 4.15789
9785000 25 5.92000 16 177 185 0.72000 79 3.08000
9790000 19 7.15789 17 176 179 0.89474 79 4.10526
9795000 20 7.05000 16 171 173 0.70000 78 3.80000
9800000 24 6.20833 15 154 180 0.79167 79 3.20833
9805000 25 5.92000 15 160 177 0.76000 81 3.20000
9810000 26 5.73077 15 170 175 0.76923 81 3.07692
9815000 20 6.20000 14 181 171 0.80000 80 3.85000
9820000 19 6.89474 15 188 177 0.78947 79 4.00000
9825000 21 6.80952 16 180 184 0.80952 80 3.61905
9830000 20 7.05000 15 185 186 0.90000 80 3.85000
9835000 24 6.12500 16 174 187 0.83333 80 3.29167
9840000 21 7.19048 18 171 196 0.85714 81 3.76190
9845000 29 5.51724 19 169 192 0.72414 81 2.72414
9850000 29 5.65517 16 160 190 0.72414 80 2.72414
9855000 23 6.52174 18 169 199 0.91304 80 3.39130
9860000 20 7.20000 17 167 170 0.70000 80 3.75000
9865000 25 6.04000 17 153 182 0.64000 79 2.96000
9870000 28 5.64286 16 153 182 0.64286 81 2.64286
9875000 21 6.71429 16 164 176 0.85714 79 3.47619
9880000 25 5.96000 15 156 186 0.76000 79 3.12000
9885000 22 6.50000 17 166 190 0.95455 80 3.54545
9890000 24 6.04167 15 161 179 0.79167 78 3.12500
9895000 22 6.27273 14 171 188 0.77273 80 3.45455
9900000 25 5.76000 13 154 180 0.80000 81 3.04000
9905000 23 5.73913 12 166 169 0.82609 81 3.47826
9910000 27 5.40741 12 152 180 0.92593 80 2.92593
9915000 26 5.26923 13 176 166 0.61538 80 2.92308
9920000 23 5.73913 15 177 170 0.69565 78 3.30435
9925000 20 6.55000 14 179 180 0.90000 77 3.70000
9930000 23 6.08696 16 161 191 0.86957 77 3.26087
9935000 21 6.71429 20 164 181 0.95238 80 3.66667
9940000 23 6.04348 20 155 174 0.82609 80 3.39130
9945000 23 6.21739 19 146 177 0.69565 80 3.30435
9950000 19 7.05263 18 155 173 0.89474 78 3.89474
9955000 20 6.95000 18 155 185 0.85000 80 3.70000
9960000 21 6.61905 17 143 178 0.95238 80 3.71429
9965000 24 5.79167 15 143 177 0.87500 81 3.33333
9970000 24 5.91667 15 159 188 0.95833 81 3.33333
9975000 26 5.73077 17 155 182 0.76923 80 3.00000
9980000 25 5.96000 16 157 185 0.88000 80 3.20000
9985000 24 6.12500 15 169 182 0.75000 80 3.20833
9990000 32 4.84375 14 153 183 0.68750 79 2.43750
9995000 24 5.50000 11 173 176 0.79167 79 3.20833
10000000 27 5.14815 13 164 171 0.74074 80 2.85185
