# V2 - Timesteps, No of clusters, Mean cluster size, Size largest cluster, No clusters size 1, No prot bound to poly, Fraction clusters bound to poly, No type 2 poly bound to prot, Mean no type 2 in prot cluster
3000000 23 6.34783 25 114 180 0.95652 77 3.30435
3005000 19 7.57895 28 120 180 0.94737 76 3.73684
3010000 21 7.09524 30 111 186 0.90476 75 3.42857
3015000 17 8.94118 30 113 185 1.00000 75 4.17647
3020000 17 9.41176 31 103 189 0.88235 72 4.00000
3025000 19 8.42105 28 98 178 0.78947 71 3.63158
3030000 19 8.26316 27 111 188 0.84211 73 3.68421
3035000 16 9.43750 25 113 186 0.93750 75 4.37500
3040000 17 8.35294 23 118 182 1.00000 73 4.11765
3045000 18 8.05556 23 110 185 1.00000 76 3.94444
3050000 17 8.05882 20 112 162 0.82353 74 4.05882
3055000 22 6.59091 21 95 171 0.86364 71 3.09091
3060000 22 6.27273 19 98 176 0.90909 77 3.31818
3065000 17 7.52941 18 112 170 1.00000 77 4.29412
3070000 21 6.47619 18 96 168 0.85714 72 3.23810
3075000 19 6.68421 19 102 157 0.94737 74 3.63158
3080000 17 8.05882 22 105 169 0.88235 73 3.82353
3085000 18 7.66667 23 100 162 0.94444 72 3.83333
3090000 16 8.50000 24 102 161 0.87500 73 4.18750
3095000 20 7.35000 23 98 178 0.90000 73 3.40000
3100000 18 8.11111 22 97 177 0.94444 78 3.77778
3105000 19 7.36842 22 113 178 1.00000 76 3.73684
3110000 21 6.23810 20 106 160 0.95238 80 3.38095
3115000 18 6.83333 20 113 158 1.00000 79 4.05556
3120000 16 8.06250 21 110 162 1.00000 79 4.25000
3125000 17 7.17647 16 111 164 1.00000 77 4.05882
3130000 22 6.27273 18 93 169 1.00000 74 3.22727
3135000 17 7.41176 21 102 150 0.82353 74 3.88235
3140000 17 7.76471 23 98 159 0.94118 72 3.82353
3145000 19 6.89474 20 97 158 0.89474 74 3.57895
3150000 15 8.40000 21 117 169 1.00000 72 4.46667
3155000 19 7.05263 20 102 162 1.00000 73 3.52632
3160000 17 7.64706 21 105 160 0.94118 73 4.00000
3165000 17 8.05882 32 103 165 0.94118 76 4.23529
3170000 19 7.52632 34 112 180 0.89474 75 3.68421
3175000 18 7.83333 31 108 173 0.94444 76 3.94444
3180000 21 7.23810 37 108 181 0.80952 74 3.38095
3185000 16 8.75000 30 116 180 0.93750 76 4.37500
3190000 22 6.90909 29 106 177 0.86364 75 3.27273
3195000 20 7.50000 25 111 180 0.85000 73 3.40000
3200000 17 8.29412 24 119 180 0.94118 74 3.94118
3205000 21 7.28571 24 107 183 0.85714 74 3.28571
3210000 18 8.16667 26 113 177 0.94444 73 3.83333
3215000 15 9.26667 25 117 172 0.93333 71 4.33333
3220000 17 8.64706 28 109 177 0.94118 72 3.88235
3225000 16 9.25000 30 108 182 1.00000 74 4.18750
3230000 20 7.75000 30 113 185 0.95000 74 3.45000
3235000 22 7.22727 30 108 185 0.86364 74 3.18182
3240000 19 8.05263 27 122 185 0.89474 74 3.68421
3245000 22 7.36364 25 109 191 0.81818 76 3.18182
3250000 15 10.20000 28 124 194 1.00000 72 4.66667
3255000 15 10.26667 29 119 195 0.93333 77 4.66667
3260000 20 8.25000 25 115 199 0.95000 78 3.60000
3265000 19 8.57895 27 104 193 0.89474 78 3.94737
3270000 22 7.50000 29 104 191 0.90909 78 3.40909
3275000 19 8.31579 28 99 184 0.84211 77 3.78947
3280000 17 9.05882 27 102 180 0.94118 75 4.11765
3285000 17 8.70588 27 102 177 0.88235 77 4.17647
3290000 19 7.57895 26 108 165 0.94737 76 3.84211
3295000 19 7.63158 29 112 176 0.94737 76 3.78947
3300000 23 6.13043 29 107 173 0.95652 78 3.17391
3305000 20 7.10000 31 104 178 0.95000 77 3.60000
3310000 17 7.88235 31 109 176 0.94118 76 4.17647
3315000 20 6.80000 31 97 151 0.85000 73 3.55000
3320000 23 5.95652 33 100 161 0.82609 74 3.13043
3325000 21 6.52381 32 100 167 0.95238 76 3.42857
3330000 19 6.84211 33 96 152 0.84211 74 3.68421
3335000 19 7.26316 31 106 167 1.00000 76 3.78947
3340000 22 6.63636 30 98 172 0.81818 76 3.27273
3345000 18 7.61111 26 110 171 1.00000 78 4.11111
3350000 22 6.40909 28 101 166 0.86364 79 3.31818
3355000 21 6.42857 23 113 168 0.95238 74 3.42857
3360000 21 6.66667 23 118 174 0.90476 75 3.33333
3365000 20 6.65000 19 129 171 0.90000 74 3.50000
3370000 20 7.35000 22 121 186 1.00000 75 3.60000
3375000 18 7.94444 22 127 188 0.94444 79 4.05556
3380000 20 7.30000 21 132 183 0.85000 78 3.65000
3385000 24 6.41667 21 116 179 0.83333 76 3.04167
3390000 18 8.05556 22 113 176 0.94444 76 3.88889
3395000 18 8.11111 31 106 176 1.00000 76 3.83333
3400000 19 7.94737 32 112 189 1.00000 75 3.78947
3405000 22 7.18182 29 105 182 0.86364 76 3.27273
3410000 20 7.35000 31 111 175 0.85000 73 3.45000
3415000 21 6.85714 28 112 175 0.90476 72 3.28571
3420000 21 6.90476 26 118 176 0.85714 74 3.33333
3425000 19 7.47368 30 125 171 0.94737 74 3.63158
3430000 21 6.61905 27 116 171 0.85714 78 3.42857
3435000 19 7.52632 25 125 175 0.94737 75 3.84211
3440000 21 7.00000 24 125 179 0.85714 77 3.38095
3445000 22 6.77273 26 117 182 0.95455 77 3.27273
3450000 20 7.20000 25 113 176 0.80000 77 3.50000
3455000 17 8.23529 26 111 174 1.00000 77 4.23529
3460000 17 8.29412 28 106 171 0.94118 77 4.23529
3465000 18 7.88889 28 107 182 0.94444 78 3.94444
3470000 18 8.11111 29 108 181 0.88889 77 4.05556
3475000 17 8.88235 30 110 189 0.94118 77 4.41176
3480000 16 9.87500 32 106 187 0.87500 76 4.50000
3485000 15 10.13333 33 108 188 1.00000 75 4.73333
3490000 14 10.78571 34 111 188 1.00000 73 5.00000
3495000 16 9.50000 32 101 183 1.00000 75 4.43750
3500000 19 8.10526 30 94 175 0.84211 70 3.47368
3505000 15 9.53333 31 110 168 0.93333 69 4.53333
3510000 20 7.65000 32 103 169 0.75000 71 3.40000
3515000 20 7.25000 33 109 178 0.85000 72 3.40000
3520000 21 7.14286 34 105 174 0.80952 71 3.28571
3525000 18 8.16667 35 104 173 0.88889 72 3.83333
3530000 16 8.75000 34 100 178 0.93750 75 4.31250
3535000 17 7.82353 32 100 171 0.94118 73 3.88235
3540000 18 7.66667 34 109 162 0.77778 75 3.72222
3545000 17 8.00000 32 114 169 0.94118 75 4.05882
3550000 22 6.50000 27 92 171 0.90909 73 3.13636
3555000 22 6.63636 29 98 174 0.86364 75 3.18182
3560000 17 8.11765 30 103 172 0.88235 78 4.17647
3565000 21 6.85714 29 99 172 0.95238 78 3.47619
3570000 19 7.63158 32 113 180 0.94737 77 3.57895
3575000 18 8.33333 29 108 183 1.00000 79 4.05556
3580000 17 8.76471 27 112 192 1.00000 76 4.11765
3585000 20 7.75000 27 97 184 0.95000 76 3.65000
3590000 18 8.05556 25 99 173 0.94444 80 4.00000
3595000 19 7.00000 22 107 166 0.94737 79 3.84211
3600000 16 7.37500 23 117 159 1.00000 78 4.50000
3605000 19 7.10526 30 110 164 0.78947 77 3.73684
3610000 18 7.77778 32 112 174 1.00000 76 3.94444
3615000 17 8.47059 32 114 176 0.88235 75 3.94118
3620000 19 7.73684 29 107 169 0.89474 77 3.68421
3625000 18 8.38889 27 100 183 1.00000 78 4.05556
3630000 21 7.42857 27 102 190 0.90476 78 3.52381
3635000 18 8.16667 28 111 175 0.88889 76 3.94444
3640000 20 8.00000 28 107 183 0.85000 79 3.60000
3645000 20 7.45000 26 111 180 0.85000 77 3.55000
3650000 17 8.41176 28 115 180 0.82353 75 4.05882
3655000 16 9.06250 27 111 175 1.00000 75 4.43750
3660000 22 6.63636 25 110 174 0.90909 76 3.27273
3665000 19 7.52632 23 103 168 1.00000 76 3.89474
3670000 18 7.83333 27 103 178 0.88889 75 3.94444
3675000 15 8.80000 25 111 168 0.93333 73 4.53333
3680000 20 6.65000 24 109 159 0.80000 75 3.50000
3685000 18 6.94444 25 115 166 1.00000 78 3.94444
3690000 21 5.95238 22 110 154 1.00000 77 3.47619
3695000 20 6.15000 20 113 159 1.00000 77 3.50000
3700000 17 6.76471 18 114 145 0.94118 75 4.00000
3705000 20 6.50000 21 108 161 0.95000 75 3.50000
3710000 15 8.00000 21 108 163 1.00000 74 4.60000
3715000 16 7.56250 19 111 154 1.00000 71 4.06250
3720000 19 6.78947 17 111 169 0.89474 75 3.47368
3725000 18 6.83333 19 123 162 0.88889 77 3.77778
3730000 17 6.94118 16 121 159 1.00000 75 4.05882
3735000 22 6.31818 17 108 178 0.90909 74 3.18182
3740000 20 6.40000 17 112 169 1.00000 76 3.45000
3745000 20 6.60000 17 119 167 0.85000 76 3.35000
3750000 21 6.90476 22 109 184 0.95238 75 3.28571
3755000 18 7.66667 25 117 175 0.94444 71 3.50000
3760000 19 7.21053 23 115 166 0.89474 72 3.52632
3765000 25 5.68000 25 114 165 0.88000 72 2.72000
3770000 22 6.68182 24 107 185 0.86364 73 3.13636
3775000 20 7.00000 26 122 177 0.90000 76 3.40000
3780000 22 6.50000 26 113 177 0.90909 76 3.09091
3785000 19 7.05263 25 115 163 0.94737 74 3.47368
3790000 24 5.75000 25 112 162 0.87500 71 2.75000
3795000 23 6.39130 25 107 175 0.95652 74 3.00000
3800000 23 6.30435 25 112 179 0.95652 72 2.95652
3805000 22 6.09091 28 120 172 0.86364 74 3.04545
3810000 23 6.17391 33 111 174 0.95652 71 2.91304
3815000 16 8.12500 34 126 172 0.93750 72 4.06250
3820000 19 7.57895 32 108 180 0.89474 72 3.47368
3825000 22 6.63636 28 94 173 0.86364 74 3.09091
3830000 22 6.59091 28 101 174 0.95455 75 3.13636
3835000 21 6.90476 28 97 179 0.95238 78 3.38095
3840000 25 6.00000 26 98 177 0.80000 73 2.68000
3845000 17 7.64706 27 118 177 0.94118 74 3.76471
3850000 17 7.29412 33 122 160 0.82353 75 3.76471
3855000 15 8.20000 24 119 161 0.86667 73 4.20000
3860000 23 6.52174 32 102 172 0.78261 69 2.78261
3865000 21 7.19048 31 104 177 0.80952 73 3.09524
3870000 17 8.76471 31 107 187 1.00000 73 3.88235
3875000 20 7.50000 32 103 181 0.95000 75 3.45000
3880000 18 8.44444 31 110 186 0.83333 75 3.72222
3885000 15 9.06667 28 127 179 0.86667 75 4.46667
3890000 16 9.06250 28 108 188 1.00000 75 4.50000
3895000 14 10.78571 32 104 184 1.00000 74 5.00000
3900000 18 8.94444 32 93 181 0.77778 75 3.94444
3905000 19 8.52632 30 94 196 0.94737 76 3.84211
3910000 18 8.27778 29 103 173 0.83333 76 4.05556
3915000 16 8.68750 29 110 171 0.87500 74 4.43750
3920000 16 9.00000 30 98 165 0.87500 75 4.50000
3925000 17 8.41176 31 105 177 0.94118 77 4.23529
3930000 18 7.72222 33 112 174 0.94444 76 3.88889
3935000 14 9.42857 32 115 163 0.92857 74 5.00000
3940000 15 8.46667 32 112 150 0.86667 71 4.46667
3945000 14 8.85714 31 110 161 0.92857 73 4.85714
3950000 15 8.13333 33 122 156 0.86667 73 4.40000
3955000 17 7.94118 35 118 172 1.00000 74 4.05882
3960000 15 8.66667 36 112 161 0.86667 70 4.33333
3965000 13 9.61538 39 117 160 0.84615 68 4.61538
3970000 17 7.88235 37 112 165 0.82353 74 3.76471
3975000 15 7.93333 32 125 157 0.86667 69 4.13333
3980000 14 8.50000 32 134 169 0.92857 74 4.28571
3985000 15 8.26667 27 120 167 1.00000 71 4.33333
3990000 20 6.80000 27 120 176 0.85000 73 3.30000
3995000 19 7.52632 27 132 193 0.89474 77 3.52632
4000000 25 6.24000 26 111 181 0.84000 76 2.92000
4005000 19 7.52632 33 112 183 0.94737 76 3.78947
4010000 19 8.00000 32 108 184 0.94737 75 3.84211
4015000 17 7.94118 27 111 164 1.00000 76 4.23529
4020000 20 7.05000 27 103 163 0.85000 73 3.50000
4025000 17 7.76471 28 115 182 0.82353 76 4.00000
4030000 20 7.30000 34 105 171 0.90000 75 3.60000
4035000 20 7.40000 32 104 173 0.95000 76 3.55000
4040000 18 7.44444 29 103 161 0.83333 72 3.77778
4045000 17 8.29412 30 109 170 0.94118 72 4.05882
4050000 19 7.78947 26 108 176 0.94737 73 3.68421
4055000 18 8.00000 26 110 180 0.88889 78 3.88889
4060000 14 9.21429 24 125 168 1.00000 77 5.00000
4065000 21 6.95238 27 107 179 0.95238 78 3.47619
4070000 19 7.36842 27 95 166 0.84211 76 3.78947
4075000 17 8.00000 27 99 164 0.94118 76 4.17647
4080000 15 9.13333 29 95 166 1.00000 75 4.73333
4085000 19 7.42105 29 96 166 0.78947 74 3.78947
4090000 19 7.26316 27 94 157 0.78947 73 3.68421
4095000 22 6.45455 25 90 170 0.90909 75 3.36364
4100000 16 7.87500 25 97 159 0.93750 77 4.31250
4105000 18 7.33333 25 102 162 0.83333 80 4.00000
4110000 17 8.11765 26 102 161 1.00000 78 4.29412
4115000 20 6.90000 28 107 162 0.80000 78 3.55000
4120000 14 8.78571 42 123 160 0.85714 72 4.78571
4125000 13 9.23077 40 116 155 0.84615 76 5.38462
4130000 15 8.20000 39 106 152 0.86667 77 4.66667
4135000 16 7.37500 38 106 143 0.81250 75 4.37500
4140000 16 7.62500 41 113 139 0.87500 74 4.31250
4145000 20 6.40000 39 114 155 0.80000 75 3.60000
4150000 18 6.66667 41 111 148 0.94444 78 3.94444
4155000 13 8.69231 40 122 149 0.84615 77 5.23077
4160000 19 6.78947 41 107 155 0.73684 77 3.68421
4165000 17 7.52941 42 102 160 1.00000 74 4.17647
4170000 16 7.56250 37 107 155 0.93750 75 4.37500
4175000 18 6.94444 36 100 163 0.88889 73 3.88889
4180000 16 7.62500 33 102 158 0.87500 73 4.25000
4185000 20 6.55000 30 112 160 0.85000 76 3.45000
4190000 15 8.46667 32 117 162 0.86667 74 4.26667
4195000 17 8.11765 32 109 171 1.00000 70 4.00000
4200000 20 7.05000 30 107 175 0.85000 72 3.35000
4205000 18 7.00000 30 115 158 0.88889 72 3.61111
4210000 21 6.76190 33 110 167 0.85714 77 3.38095
4215000 18 7.55556 34 124 168 0.88889 74 3.88889
4220000 22 6.40909 35 110 166 0.90909 77 3.18182
4225000 18 7.33333 34 103 169 0.94444 78 4.00000
4230000 15 7.80000 33 112 155 1.00000 76 4.60000
4235000 20 6.35000 34 108 160 0.90000 71 3.30000
4240000 18 6.83333 28 126 161 0.94444 69 3.50000
4245000 19 6.84211 32 130 169 0.84211 73 3.21053
4250000 18 7.61111 29 124 172 0.83333 71 3.61111
4255000 21 6.47619 27 108 161 0.85714 74 3.09524
4260000 20 6.75000 26 120 166 0.70000 75 3.40000
4265000 20 6.75000 29 127 166 0.70000 75 3.35000
4270000 24 5.83333 27 123 166 0.79167 75 2.95833
4275000 23 5.82609 27 129 168 0.78261 71 2.86957
4280000 19 6.42105 30 140 164 1.00000 74 3.57895
4285000 21 6.38095 33 136 171 0.85714 72 3.28571
4290000 23 6.04348 33 130 175 0.95652 75 3.00000
4295000 22 6.13636 30 137 169 0.81818 74 3.00000
4300000 21 6.90476 36 131 176 0.85714 73 3.14286
4305000 19 7.84211 39 123 184 0.89474 77 3.52632
4310000 18 8.16667 43 124 191 1.00000 78 3.66667
4315000 19 7.89474 43 123 186 0.84211 78 3.57895
4320000 21 7.23810 42 120 185 0.80952 76 3.28571
4325000 20 7.15000 41 126 176 0.90000 75 3.45000
4330000 17 8.05882 44 118 174 0.76471 75 3.94118
4335000 16 8.18750 43 132 171 0.93750 72 4.06250
4340000 21 6.52381 43 127 167 0.90476 75 3.19048
4345000 19 7.52632 44 127 182 0.89474 74 3.52632
4350000 20 6.95000 40 129 170 0.75000 72 3.30000
4355000 22 6.68182 38 127 187 0.77273 76 3.04545
4360000 19 7.52632 44 123 176 0.94737 73 3.52632
4365000 13 10.30769 39 122 172 0.92308 76 5.23077
4370000 17 8.23529 34 116 173 0.76471 76 4.05882
4375000 15 9.06667 36 120 176 0.80000 76 4.66667
4380000 20 6.75000 33 116 169 0.85000 75 3.40000
4385000 15 8.40000 35 127 156 0.80000 77 4.53333
4390000 13 9.61538 35 117 169 0.92308 73 5.07692
4395000 17 8.17647 37 107 174 0.88235 74 4.23529
4400000 17 7.94118 40 104 164 0.88235 75 4.23529
4405000 16 8.37500 39 109 166 0.87500 75 4.37500
4410000 15 9.26667 44 108 175 1.00000 73 4.40000
4415000 19 7.78947 44 103 174 0.94737 72 3.68421
4420000 20 7.55000 43 113 179 1.00000 75 3.60000
4425000 19 7.78947 39 117 187 0.89474 76 3.68421
4430000 19 7.31579 34 122 178 1.00000 75 3.63158
4435000 22 6.81818 33 109 184 0.90909 74 3.31818
4440000 16 8.43750 36 122 176 0.93750 77 4.18750
4445000 18 8.27778 35 111 178 0.94444 75 3.88889
4450000 19 7.94737 35 113 185 0.94737 77 3.68421
4455000 16 8.56250 36 124 171 0.93750 75 4.37500
4460000 16 8.37500 35 120 170 0.93750 72 4.31250
4465000 20 6.75000 35 110 161 0.80000 72 3.45000
4470000 15 8.26667 34 128 165 0.93333 74 4.33333
4475000 18 6.83333 34 131 160 0.88889 72 3.72222
4480000 17 7.29412 36 127 158 0.88235 73 3.88235
4485000 17 7.58824 37 127 166 0.88235 72 3.76471
4490000 22 6.40909 34 123 172 0.81818 78 3.13636
4495000 16 8.68750 36 125 170 0.93750 73 4.18750
4500000 20 7.15000 39 124 191 0.85000 74 3.35000
4505000 15 8.60000 36 144 176 0.86667 71 4.13333
4510000 16 8.43750 36 130 183 1.00000 75 4.18750
4515000 20 7.35000 33 120 172 0.85000 72 3.40000
4520000 16 8.87500 36 109 173 1.00000 71 4.18750
4525000 17 8.23529 36 101 171 0.88235 75 3.94118
4530000 14 9.14286 34 118 170 0.92857 73 4.78571
4535000 14 9.42857 35 101 172 1.00000 73 4.78571
4540000 14 9.57143 33 100 164 0.92857 73 4.78571
4545000 13 9.76923 31 101 156 0.92308 71 5.00000
4550000 13 9.92308 32 103 167 0.92308 76 5.07692
4555000 18 7.88889 32 102 173 1.00000 74 3.72222
4560000 18 7.94444 31 103 173 0.94444 74 3.66667
4565000 15 9.13333 34 104 179 1.00000 73 4.40000
4570000 20 7.15000 33 97 181 0.95000 72 3.30000
4575000 20 7.70000 31 101 192 0.95000 75 3.40000
4580000 17 8.94118 32 107 185 0.88235 71 3.76471
4585000 16 9.00000 31 115 174 0.87500 72 4.06250
4590000 17 7.88235 31 116 179 1.00000 74 3.94118
4595000 16 7.56250 26 119 158 1.00000 75 4.18750
4600000 20 6.70000 27 106 167 0.85000 75 3.35000
4605000 15 8.13333 25 121 165 1.00000 77 4.33333
4610000 20 6.85000 26 96 170 1.00000 77 3.50000
4615000 21 6.33333 28 94 161 0.90476 78 3.23810
4620000 18 6.83333 30 109 154 0.88889 75 3.77778
4625000 19 6.68421 30 102 155 0.94737 74 3.57895
4630000 18 6.55556 27 107 155 0.94444 75 3.66667
4635000 14 8.57143 30 113 162 1.00000 74 4.71429
4640000 16 7.68750 31 116 167 0.93750 75 4.12500
4645000 20 6.45000 29 108 160 0.85000 75 3.35000
4650000 23 5.65217 28 103 165 0.86957 73 3.00000
4655000 17 7.35294 29 120 157 0.94118 74 3.94118
4660000 15 8.26667 31 119 161 1.00000 75 4.53333
4665000 17 7.70588 34 109 165 0.88235 73 4.00000
4670000 18 7.50000 36 115 174 1.00000 74 3.77778
4675000 20 7.50000 34 100 183 0.90000 73 3.45000
4680000 19 8.15789 38 93 186 1.00000 74 3.78947
4685000 19 8.21053 40 83 176 0.94737 73 3.68421
4690000 19 8.15789 41 88 186 1.00000 75 3.78947
4695000 18 8.61111 43 99 181 0.94444 75 3.83333
4700000 21 7.57143 40 88 187 0.90476 74 3.42857
4705000 19 8.10526 43 89 182 0.89474 76 3.78947
4710000 19 7.68421 38 106 188 1.00000 77 3.63158
4715000 16 8.31250 36 120 166 1.00000 75 4.25000
4720000 19 7.21053 31 107 165 1.00000 71 3.57895
4725000 19 7.00000 33 108 157 0.89474 73 3.63158
4730000 18 7.66667 36 115 175 0.88889 70 3.61111
4735000 18 7.77778 41 113 172 0.88889 72 3.61111
4740000 17 8.00000 38 111 166 0.94118 72 3.88235
4745000 17 7.76471 36 100 169 1.00000 72 3.82353
4750000 15 8.26667 33 115 164 1.00000 74 4.26667
4755000 18 7.11111 31 105 166 0.94444 75 3.66667
4760000 19 6.84211 33 111 169 0.89474 77 3.47368
4765000 28 5.42857 38 99 171 0.82143 74 2.50000
4770000 20 6.80000 36 119 173 0.95000 76 3.35000
4775000 20 6.80000 31 121 175 1.00000 76 3.55000
4780000 16 8.68750 36 116 165 1.00000 73 4.31250
4785000 20 7.25000 35 107 165 0.85000 75 3.55000
4790000 21 6.90476 34 112 169 0.95238 75 3.42857
4795000 22 6.63636 34 120 174 0.81818 79 3.31818
4800000 22 6.36364 33 127 168 0.90909 77 3.36364
4805000 21 6.47619 34 123 162 0.90476 76 3.47619
4810000 20 6.85000 34 125 170 0.90000 77 3.35000
4815000 17 7.76471 31 125 168 0.82353 72 3.76471
4820000 15 8.40000 36 118 158 0.93333 66 4.20000
4825000 12 9.75000 32 127 156 0.91667 71 4.91667
4830000 16 7.68750 32 123 161 0.93750 69 3.75000
4835000 16 8.18750 34 112 165 0.93750 69 4.00000
4840000 19 6.94737 36 100 159 0.89474 69 3.36842
4845000 12 9.66667 37 112 155 1.00000 72 5.33333
4850000 16 7.43750 34 115 146 0.75000 72 3.87500
4855000 19 6.63158 35 113 158 0.89474 74 3.47368
4860000 14 8.14286 37 129 165 1.00000 76 4.50000
4865000 20 6.30000 35 118 161 0.90000 71 3.25000
4870000 18 7.05556 40 117 168 0.88889 74 3.61111
4875000 18 7.50000 42 106 169 0.94444 76 3.77778
4880000 15 8.93333 41 109 174 0.93333 75 4.46667
4885000 17 8.00000 40 111 167 0.82353 74 3.94118
4890000 20 6.95000 37 106 171 0.90000 77 3.55000
4895000 20 7.15000 37 103 170 0.90000 76 3.50000
4900000 19 7.31579 37 104 163 0.89474 75 3.68421
4905000 14 9.00000 36 112 162 1.00000 74 4.71429
4910000 16 8.37500 38 114 165 0.81250 75 4.18750
4915000 17 7.52941 36 122 162 0.88235 71 3.94118
4920000 18 7.11111 39 124 160 0.88889 72 3.88889
4925000 19 6.94737 40 124 170 0.94737 73 3.78947
4930000 17 7.94118 41 112 160 0.94118 73 4.00000
4935000 19 7.36842 41 103 166 0.78947 76 3.63158
4940000 16 8.50000 40 107 158 0.93750 79 4.31250
4945000 18 7.61111 37 109 168 0.94444 75 3.83333
4950000 17 7.64706 37 119 162 0.76471 77 4.00000
4955000 17 8.11765 38 106 171 0.88235 74 4.05882
4960000 17 7.35294 34 116 161 0.94118 73 4.00000
4965000 20 6.55000 34 116 156 0.90000 74 3.50000
4970000 19 7.05263 34 114 162 0.94737 74 3.63158
4975000 17 7.35294 31 127 165 0.88235 75 4.17647
4980000 20 6.45000 37 122 163 1.00000 76 3.65000
4985000 15 8.86667 42 118 171 0.93333 78 4.60000
4990000 17 8.29412 40 110 182 0.82353 74 4.00000
4995000 21 7.19048 41 101 180 0.76190 75 3.42857
5000000 17 8.17647 38 111 166 0.94118 73 4.11765
5005000 17 8.29412 36 112 171 0.88235 73 4.05882
5010000 18 7.55556 36 118 169 0.83333 73 3.94444
5015000 17 7.29412 32 125 163 1.00000 70 4.00000
5020000 18 6.83333 34 124 160 0.88889 74 3.66667
5025000 16 7.06250 33 135 155 1.00000 77 4.06250
5030000 18 6.88889 35 112 153 0.94444 73 3.94444
5035000 17 7.52941 37 116 162 0.88235 75 4.17647
5040000 16 8.06250 37 112 164 0.93750 77 4.43750
5045000 17 7.00000 32 112 158 0.88235 77 4.00000
5050000 18 6.72222 32 105 155 0.88889 70 3.55556
5055000 18 6.72222 31 96 151 0.94444 73 3.77778
5060000 12 8.66667 28 121 136 1.00000 70 5.33333
5065000 15 7.93333 26 118 155 1.00000 71 4.33333
5070000 20 6.15000 26 125 156 0.90000 75 3.15000
5075000 20 6.20000 28 123 151 0.95000 76 3.45000
5080000 21 5.80952 30 125 153 0.85714 70 3.09524
5085000 15 8.06667 36 129 163 1.00000 74 4.26667
5090000 16 8.25000 43 122 170 1.00000 73 4.12500
5095000 17 7.29412 40 122 152 0.94118 73 3.82353
5100000 20 6.75000 42 112 174 0.90000 74 3.45000
5105000 15 8.13333 42 127 163 0.80000 73 4.26667
5110000 17 7.76471 43 119 164 1.00000 75 3.94118
5115000 15 8.20000 39 118 153 1.00000 73 4.33333
5120000 14 8.71429 38 116 155 0.92857 75 4.57143
5125000 17 7.29412 34 119 160 0.94118 73 3.82353
5130000 14 8.28571 32 116 157 1.00000 74 4.57143
5135000 21 6.42857 33 107 159 0.71429 72 3.09524
5140000 15 8.66667 34 114 161 0.93333 74 4.60000
5145000 16 8.25000 33 112 168 0.81250 75 4.18750
5150000 15 8.86667 35 119 169 0.86667 74 4.26667
5155000 16 8.31250 35 119 172 0.81250 72 4.12500
5160000 15 8.80000 34 111 163 0.80000 71 4.46667
5165000 18 7.77778 35 108 174 0.94444 76 3.94444
5170000 17 8.00000 34 112 175 1.00000 75 3.94118
5175000 19 7.05263 35 116 162 0.89474 79 3.63158
5180000 15 8.46667 34 123 167 0.93333 75 4.40000
5185000 19 6.89474 34 113 173 0.94737 74 3.57895
5190000 17 7.47059 36 120 171 0.94118 76 4.05882
5195000 21 6.66667 35 108 166 0.85714 75 3.38095
5200000 15 8.73333 36 110 169 0.93333 75 4.46667
5205000 18 7.55556 37 106 165 0.72222 75 3.61111
5210000 18 7.61111 39 108 174 0.88889 76 3.72222
5215000 18 7.72222 37 107 176 1.00000 76 3.94444
5220000 15 8.86667 35 105 169 1.00000 75 4.60000
5225000 18 7.66667 33 100 163 0.94444 72 3.83333
5230000 23 6.30435 29 96 165 0.78261 72 2.91304
5235000 15 8.26667 28 121 161 0.93333 73 4.46667
5240000 16 7.93750 30 126 160 0.93750 75 4.31250
5245000 18 7.50000 30 126 166 0.83333 73 3.77778
5250000 21 7.19048 35 109 184 0.85714 76 3.33333
5255000 15 9.53333 37 118 175 0.86667 77 4.53333
5260000 18 8.22222 39 112 181 0.94444 76 3.94444
5265000 18 8.16667 36 104 180 0.88889 74 3.88889
5270000 20 7.50000 36 95 175 0.80000 76 3.55000
5275000 14 9.50000 35 107 163 0.92857 77 5.00000
5280000 19 7.42105 35 106 162 1.00000 74 3.78947
5285000 16 8.68750 38 114 168 0.81250 74 4.31250
5290000 17 7.82353 35 114 169 0.94118 75 4.05882
5295000 18 7.33333 32 110 163 0.94444 76 4.00000
5300000 16 7.93750 31 116 163 1.00000 75 4.37500
5305000 18 7.16667 29 111 158 0.83333 77 4.05556
5310000 16 7.93750 31 110 155 0.93750 75 4.43750
5315000 19 6.73684 29 112 158 0.78947 78 3.78947
5320000 21 6.38095 29 118 149 0.85714 76 3.42857
5325000 17 7.35294 26 116 157 0.88235 72 3.94118
5330000 21 6.04762 24 105 161 0.90476 73 3.28571
5335000 18 6.72222 23 107 152 0.94444 73 3.72222
5340000 18 6.88889 27 122 152 0.83333 72 3.77778
5345000 18 6.94444 30 121 159 0.83333 75 3.61111
5350000 17 7.52941 31 132 169 0.88235 77 3.88235
5355000 19 7.05263 28 125 175 0.94737 77 3.73684
5360000 18 7.55556 29 121 178 0.88889 76 3.83333
5365000 20 6.90000 31 107 170 0.95000 74 3.60000
5370000 19 6.94737 28 118 170 0.94737 76 3.89474
5375000 21 6.33333 27 115 165 0.90476 77 3.57143
5380000 20 6.85000 32 110 166 0.85000 78 3.60000
5385000 22 6.45455 27 110 171 0.95455 75 3.22727
5390000 21 6.90476 26 103 173 0.76190 76 3.33333
5395000 22 6.18182 24 116 170 0.90909 78 3.36364
5400000 20 6.80000 23 108 171 0.95000 77 3.55000
5405000 19 7.00000 22 113 166 0.94737 76 3.89474
5410000 23 6.04348 24 118 166 0.91304 77 3.26087
5415000 21 6.80952 26 108 168 0.90476 77 3.66667
5420000 17 7.58824 23 111 162 1.00000 79 4.35294
5425000 19 6.73684 26 110 161 0.84211 78 3.84211
5430000 18 6.83333 29 107 152 0.88889 75 3.88889
5435000 18 7.11111 27 109 149 0.94444 73 3.77778
5440000 14 8.57143 28 117 152 0.85714 71 4.57143
5445000 16 8.06250 32 120 157 0.81250 70 4.12500
5450000 19 7.05263 31 118 164 0.89474 70 3.52632
5455000 21 6.66667 33 101 160 0.85714 74 3.23810
5460000 20 7.40000 38 100 175 0.80000 76 3.55000
5465000 16 8.37500 33 111 161 0.93750 74 4.31250
5470000 15 9.00000 35 111 171 0.80000 75 4.53333
5475000 12 10.25000 36 122 163 1.00000 74 5.66667
5480000 14 9.21429 36 120 167 0.85714 74 4.92857
5485000 20 7.20000 34 105 169 0.80000 74 3.55000
5490000 20 7.20000 33 105 162 0.75000 74 3.50000
5495000 15 9.06667 32 110 158 1.00000 75 4.80000
5500000 15 9.40000 32 115 162 0.93333 78 4.86667
5505000 14 9.64286 32 120 172 1.00000 77 4.92857
5510000 19 7.52632 33 106 174 0.89474 79 3.78947
5515000 18 8.38889 37 105 182 0.94444 78 4.05556
5520000 21 7.19048 31 121 177 0.85714 78 3.47619
5525000 20 7.40000 28 121 187 0.95000 77 3.60000
5530000 20 7.25000 26 110 179 0.90000 76 3.65000
5535000 21 7.04762 29 102 175 0.85714 79 3.52381
5540000 19 7.42105 29 99 166 0.94737 75 3.84211
5545000 18 7.77778 29 94 159 0.88889 74 3.88889
5550000 19 7.73684 32 97 166 0.84211 73 3.63158
5555000 16 8.50000 28 109 166 0.87500 73 4.31250
5560000 15 8.80000 32 111 154 0.73333 73 4.40000
5565000 16 7.93750 32 122 156 0.81250 69 4.12500
5570000 16 8.12500 33 127 160 0.81250 73 4.25000
5575000 14 9.21429 35 126 166 0.71429 75 4.85714
5580000 15 9.13333 38 120 169 0.93333 72 4.73333
5585000 18 7.83333 37 111 168 0.88889 75 4.00000
5590000 17 8.23529 38 114 179 0.94118 76 4.05882
5595000 14 9.35714 33 112 177 1.00000 77 4.92857
5600000 22 6.68182 32 99 170 0.72727 77 3.22727
5605000 17 8.64706 33 109 171 0.76471 77 4.17647
5610000 21 7.00000 31 109 174 0.85714 78 3.47619
5615000 22 6.81818 30 116 173 0.86364 79 3.50000
5620000 26 6.11538 32 113 175 0.73077 78 2.88462
5625000 22 7.04545 30 113 177 0.86364 76 3.40909
5630000 18 7.94444 30 120 174 0.88889 77 4.16667
5635000 17 8.29412 30 117 171 0.94118 77 4.35294
5640000 18 7.66667 30 126 162 0.83333 76 4.11111
5645000 19 7.52632 31 110 171 0.73684 77 3.89474
5650000 14 10.14286 35 113 182 1.00000 79 5.21429
5655000 19 8.21053 40 111 180 0.84211 76 3.84211
5660000 18 8.61111 38 104 188 0.94444 77 4.27778
5665000 18 8.55556 34 99 187 1.00000 77 4.22222
5670000 20 8.15000 37 101 182 0.80000 76 3.75000
5675000 16 9.31250 37 116 182 0.93750 77 4.56250
5680000 14 10.50000 36 118 176 0.85714 76 5.07143
5685000 14 10.57143 35 106 185 0.92857 75 5.28571
5690000 18 8.61111 34 99 183 0.83333 75 4.11111
5695000 16 9.25000 30 107 170 0.93750 75 4.62500
5700000 14 10.42857 30 106 175 0.92857 76 5.14286
5705000 18 8.44444 29 103 182 0.88889 77 4.11111
5710000 22 7.31818 31 97 181 0.86364 78 3.40909
5715000 19 8.26316 37 117 183 0.89474 80 4.05263
5720000 23 6.86957 34 116 179 0.91304 77 3.26087
5725000 18 8.11111 34 118 178 1.00000 79 4.22222
5730000 17 8.47059 31 113 178 1.00000 77 4.29412
5735000 19 7.36842 29 108 166 0.84211 77 3.89474
5740000 15 8.40000 26 119 158 0.80000 78 4.66667
5745000 19 6.73684 26 121 156 0.73684 76 3.68421
5750000 14 8.71429 29 128 154 0.78571 74 4.78571
5755000 13 9.30769 30 126 161 0.92308 75 5.38462
5760000 16 8.25000 28 116 173 0.87500 78 4.43750
5765000 19 7.05263 25 107 159 0.78947 75 3.73684
5770000 16 8.25000 27 112 168 0.87500 79 4.50000
5775000 17 8.23529 29 112 177 0.94118 80 4.35294
5780000 24 6.37500 30 108 184 1.00000 77 3.20833
5785000 18 7.77778 30 123 175 0.94444 80 4.11111
5790000 20 7.15000 31 111 169 0.90000 79 3.70000
5795000 19 7.26316 35 109 163 0.78947 76 3.78947
5800000 17 8.05882 35 113 166 0.88235 75 4.23529
5805000 19 7.47368 37 112 170 0.84211 75 3.68421
5810000 19 7.26316 37 113 169 0.84211 74 3.73684
5815000 17 7.76471 36 121 167 0.94118 77 4.23529
5820000 22 6.63636 35 117 189 0.86364 78 3.40909
5825000 23 6.65217 31 104 172 0.82609 76 3.21739
5830000 24 6.37500 29 113 178 0.83333 78 3.04167
5835000 19 7.78947 32 118 186 0.84211 79 3.89474
5840000 21 7.04762 32 121 178 0.90476 78 3.52381
5845000 19 7.63158 37 122 175 0.84211 76 3.84211
5850000 20 7.60000 34 123 180 0.80000 75 3.65000
5855000 17 8.76471 35 116 171 0.76471 76 4.17647
5860000 12 11.25000 36 123 175 1.00000 78 5.83333
5865000 16 9.43750 37 113 174 0.93750 77 4.43750
5870000 16 8.87500 31 117 174 0.87500 74 4.50000
5875000 19 8.00000 32 118 173 0.78947 75 3.68421
5880000 23 6.47826 31 118 178 0.82609 74 3.13043
5885000 17 8.35294 28 116 180 0.94118 77 4.29412
5890000 16 8.87500 30 125 182 0.75000 78 4.43750
5895000 21 7.09524 25 114 172 0.90476 80 3.61905
5900000 15 8.73333 23 113 164 1.00000 74 4.60000
5905000 17 7.52941 21 120 162 0.88235 75 4.05882
5910000 20 7.10000 25 116 172 0.85000 78 3.55000
5915000 20 6.80000 26 124 163 0.85000 77 3.65000
5920000 22 6.40909 27 125 174 0.90909 78 3.31818
5925000 17 7.52941 26 131 165 0.94118 77 4.29412
5930000 22 6.09091 27 116 157 0.77273 77 3.27273
5935000 18 7.11111 33 117 168 0.94444 75 3.77778
5940000 14 8.71429 37 120 160 0.85714 74 5.00000
5945000 18 7.11111 36 107 156 0.94444 71 3.88889
5950000 17 7.94118 37 104 164 0.94118 71 4.11765
5955000 18 6.94444 30 116 165 0.94444 73 3.72222
5960000 19 6.57895 33 123 160 0.89474 76 3.68421
5965000 21 6.28571 34 120 166 0.95238 74 3.23810
5970000 20 6.65000 32 118 174 0.95000 78 3.35000
5975000 21 6.14286 32 111 167 0.95238 76 3.23810
5980000 22 6.13636 34 101 163 0.81818 77 3.09091
5985000 22 6.54545 38 96 167 0.81818 72 3.13636
5990000 17 8.41176 42 99 176 0.88235 72 3.88235
5995000 17 8.23529 44 103 175 1.00000 73 3.94118
6000000 17 8.29412 43 103 175 1.00000 75 3.70588
6005000 18 7.83333 38 99 166 0.83333 75 3.66667
6010000 19 7.47368 38 96 172 0.89474 74 3.57895
6015000 21 7.19048 40 92 173 0.90476 77 3.52381
6020000 24 6.50000 41 92 175 0.95833 76 3.04167
6025000 22 6.95455 45 103 180 0.81818 76 3.27273
6030000 16 8.75000 47 115 183 1.00000 75 4.25000
6035000 22 7.22727 46 101 190 0.86364 78 3.31818
6040000 17 8.88235 41 112 185 0.88235 73 3.94118
6045000 20 7.60000 40 108 177 0.90000 77 3.55000
6050000 18 7.72222 37 118 179 1.00000 75 3.94444
6055000 20 7.35000 36 122 184 0.90000 77 3.55000
6060000 23 6.39130 39 111 177 0.86957 74 3.04348
6065000 19 7.57895 41 120 180 0.89474 73 3.63158
6070000 18 7.33333 35 125 173 0.88889 73 3.66667
6075000 20 7.10000 35 122 181 0.80000 76 3.45000
6080000 19 7.52632 34 116 179 0.89474 75 3.63158
6085000 21 7.42857 39 109 197 0.90476 76 3.38095
6090000 22 6.68182 36 109 183 1.00000 75 3.22727
6095000 21 7.28571 36 103 192 0.95238 79 3.42857
6100000 20 7.70000 36 98 180 0.90000 77 3.60000
6105000 20 7.35000 33 105 180 0.90000 78 3.50000
6110000 21 7.28571 33 100 187 1.00000 77 3.28571
6115000 21 7.33333 30 95 188 0.90476 76 3.33333
6120000 19 7.84211 30 102 179 0.94737 80 3.84211
6125000 20 7.45000 28 104 180 1.00000 77 3.60000
6130000 20 7.10000 25 111 176 1.00000 74 3.45000
6135000 17 8.11765 27 120 184 1.00000 73 3.88235
6140000 19 7.73684 31 118 183 0.84211 71 3.63158
6145000 21 7.42857 32 116 193 0.95238 72 3.28571
6150000 17 8.29412 31 124 181 0.88235 72 4.05882
6155000 15 8.86667 28 124 169 0.93333 71 4.53333
6160000 18 7.83333 30 125 175 0.88889 73 3.77778
6165000 21 7.04762 29 113 175 0.80952 76 3.33333
6170000 22 7.00000 32 116 190 0.90909 78 3.31818
6175000 20 7.25000 32 120 177 0.85000 79 3.60000
6180000 17 8.29412 30 108 171 1.00000 74 4.29412
6185000 19 7.31579 26 110 162 0.84211 75 3.84211
6190000 21 7.19048 26 95 172 0.85714 75 3.52381
6195000 18 7.66667 26 104 161 1.00000 76 4.11111
6200000 16 8.93750 32 99 165 0.87500 74 4.31250
6205000 16 9.12500 35 91 164 0.81250 71 4.25000
6210000 18 8.11111 33 105 173 0.94444 75 4.05556
6215000 16 8.68750 32 113 172 0.75000 73 4.25000
6220000 17 8.41176 31 119 182 1.00000 77 4.29412
6225000 20 8.00000 31 99 176 0.85000 77 3.65000
6230000 15 9.80000 31 114 183 1.00000 74 4.66667
6235000 19 8.10526 26 101 187 0.84211 76 3.78947
6240000 20 7.90000 27 98 188 0.95000 76 3.65000
6245000 17 9.58824 31 103 199 1.00000 78 4.23529
6250000 16 9.62500 30 104 188 0.87500 76 4.50000
6255000 17 9.29412 30 95 180 0.94118 75 4.29412
6260000 17 9.11765 27 101 185 0.82353 75 4.11765
6265000 16 9.12500 25 111 176 0.93750 74 4.43750
6270000 16 9.00000 23 110 180 1.00000 75 4.37500
6275000 15 9.06667 24 106 171 1.00000 74 4.73333
6280000 15 9.06667 25 96 166 1.00000 77 4.80000
6285000 15 9.33333 24 101 166 1.00000 76 4.86667
6290000 16 9.43750 28 95 183 1.00000 76 4.56250
6295000 19 8.36842 28 93 193 0.89474 78 3.84211
6300000 15 10.46667 30 100 184 0.86667 78 4.93333
6305000 16 9.68750 35 110 180 0.75000 78 4.50000
6310000 16 9.43750 35 106 181 0.93750 76 4.56250
6315000 15 10.00000 29 102 175 1.00000 74 4.86667
6320000 14 10.42857 28 101 180 1.00000 75 5.14286
6325000 19 7.73684 26 98 171 0.84211 77 3.73684
6330000 18 8.33333 26 105 179 0.94444 78 4.00000
6335000 17 8.17647 26 115 169 0.94118 75 4.23529
6340000 23 6.60870 30 102 172 0.78261 74 3.08696
6345000 19 7.52632 30 108 170 0.84211 75 3.78947
6350000 16 8.81250 32 109 177 0.87500 74 4.37500
6355000 20 7.65000 32 107 192 0.90000 78 3.65000
6360000 18 8.22222 30 108 177 0.88889 75 4.00000
6365000 18 8.33333 30 116 172 0.72222 73 3.94444
6370000 17 8.35294 26 125 171 0.88235 75 4.11765
6375000 21 7.19048 27 112 174 0.90476 75 3.42857
6380000 21 7.19048 28 102 168 0.80952 74 3.42857
6385000 14 9.50000 28 110 165 1.00000 72 5.07143
6390000 16 8.62500 29 112 165 0.93750 73 4.50000
6395000 18 7.94444 30 110 173 0.88889 75 3.94444
6400000 15 9.00000 28 113 181 1.00000 76 4.73333
6405000 19 7.31579 26 123 172 0.89474 77 3.84211
6410000 15 9.20000 33 123 169 0.93333 76 4.73333
6415000 17 8.41176 30 121 175 0.88235 77 4.41176
6420000 20 7.45000 29 109 170 0.85000 76 3.60000
6425000 20 7.50000 28 111 182 0.95000 76 3.60000
6430000 19 7.36842 30 111 178 1.00000 76 3.84211
6435000 17 8.47059 28 115 171 1.00000 75 4.35294
6440000 18 7.72222 26 106 165 0.88889 73 4.00000
6445000 19 7.47368 24 96 165 0.84211 73 3.73684
6450000 15 8.20000 23 112 160 1.00000 76 4.66667
6455000 22 6.31818 24 100 162 0.90909 75 3.31818
6460000 22 6.72727 26 89 166 0.95455 77 3.40909
6465000 19 7.47368 27 103 169 0.89474 75 3.78947
6470000 23 6.56522 30 99 171 0.86957 76 3.17391
6475000 19 7.52632 30 100 176 0.94737 75 3.84211
6480000 17 8.23529 31 107 177 1.00000 76 4.29412
6485000 20 7.25000 31 97 168 0.95000 73 3.50000
6490000 15 9.06667 35 102 171 1.00000 74 4.73333
6495000 16 8.18750 29 102 174 0.93750 72 4.25000
6500000 19 7.57895 32 96 179 0.89474 72 3.73684
6505000 16 8.75000 30 103 176 0.93750 73 4.37500
6510000 16 9.12500 31 106 179 0.93750 74 4.43750
6515000 15 10.00000 30 105 175 0.93333 75 4.66667
6520000 17 8.88235 29 100 173 0.88235 74 4.23529
6525000 18 8.77778 31 94 189 0.88889 75 4.00000
6530000 16 9.43750 29 98 180 0.93750 75 4.50000
6535000 16 9.56250 35 96 182 0.93750 74 4.50000
6540000 20 7.95000 35 100 184 0.85000 78 3.65000
6545000 20 7.65000 35 103 178 0.80000 76 3.65000
6550000 18 7.83333 33 104 171 0.83333 75 4.00000
6555000 18 7.94444 32 103 174 0.94444 76 4.00000
6560000 15 9.40000 31 111 165 0.93333 78 4.86667
6565000 19 7.52632 28 102 168 0.84211 76 3.78947
6570000 17 8.23529 28 101 167 0.76471 73 4.05882
6575000 17 8.11765 28 96 166 1.00000 71 3.94118
6580000 15 8.73333 28 98 155 0.86667 72 4.53333
6585000 21 7.09524 27 87 159 0.76190 71 3.23810
6590000 14 9.92857 35 93 161 0.92857 76 5.07143
6595000 14 9.78571 33 93 157 0.85714 74 5.07143
6600000 16 8.00000 32 96 147 0.87500 75 4.50000
6605000 17 7.05882 27 106 149 1.00000 72 4.11765
6610000 16 7.87500 26 113 158 0.93750 73 4.37500
6615000 16 7.68750 30 109 152 0.87500 69 4.12500
6620000 15 8.46667 28 108 164 1.00000 71 4.33333
6625000 17 8.41176 29 94 172 0.88235 73 4.00000
6630000 19 7.47368 30 104 178 0.94737 73 3.73684
6635000 18 7.88889 31 105 157 0.94444 74 3.83333
6640000 19 7.78947 31 106 168 0.89474 75 3.78947
6645000 16 8.50000 31 118 165 0.93750 75 4.37500
6650000 17 8.41176 29 112 174 0.94118 75 4.11765
6655000 19 7.68421 32 116 176 1.00000 75 3.89474
6660000 17 8.41176 30 128 170 0.88235 72 4.05882
6665000 17 8.11765 32 129 177 0.94118 73 4.00000
6670000 20 7.25000 36 116 166 0.80000 72 3.30000
6675000 14 9.64286 34 127 178 0.85714 73 4.57143
6680000 16 8.75000 29 116 181 0.87500 76 4.25000
6685000 17 7.76471 32 111 163 0.94118 73 4.00000
6690000 16 7.75000 28 109 152 0.93750 72 4.25000
6695000 16 8.00000 25 112 163 0.93750 72 4.06250
6700000 13 9.84615 26 114 168 0.92308 70 4.84615
6705000 20 6.70000 22 109 153 0.75000 69 3.25000
6710000 15 8.13333 22 119 148 0.93333 67 4.20000
6715000 16 7.50000 22 115 162 0.93750 70 4.06250
6720000 17 6.70588 21 118 152 0.94118 71 3.88235
6725000 15 7.93333 22 119 153 0.93333 74 4.46667
6730000 21 6.42857 25 106 165 0.85714 74 3.23810
6735000 18 7.44444 31 112 165 0.88889 72 3.66667
6740000 15 8.86667 34 117 166 0.93333 73 4.33333
6745000 19 8.00000 33 107 181 0.94737 71 3.57895
6750000 16 9.06250 31 116 177 1.00000 71 4.25000
6755000 16 9.25000 30 111 179 0.87500 74 4.25000
6760000 14 10.50000 28 109 180 0.92857 73 4.85714
6765000 16 9.12500 26 124 187 0.93750 76 4.25000
6770000 18 8.61111 31 113 193 0.94444 74 3.88889
6775000 16 9.56250 33 113 193 1.00000 75 4.56250
6780000 21 7.57143 33 95 184 0.95238 75 3.42857
6785000 18 8.44444 34 103 187 1.00000 75 4.00000
6790000 15 9.20000 35 112 175 1.00000 73 4.66667
6795000 15 10.20000 39 108 185 0.93333 77 4.80000
6800000 15 10.20000 37 104 182 1.00000 76 4.93333
6805000 16 8.87500 31 101 169 0.87500 77 4.56250
6810000 15 9.00000 27 102 167 1.00000 77 5.00000
6815000 17 8.29412 30 97 164 0.82353 76 4.35294
6820000 15 8.80000 29 105 171 0.86667 74 4.73333
6825000 16 7.81250 29 118 162 0.87500 75 4.50000
6830000 16 8.06250 28 111 159 0.93750 76 4.50000
6835000 18 7.55556 28 100 169 0.94444 75 4.05556
6840000 19 7.68421 29 106 177 0.94737 77 4.00000
6845000 17 8.82353 34 105 175 0.94118 77 4.41176
6850000 17 8.17647 28 113 166 0.94118 75 4.35294
6855000 16 8.75000 31 106 171 0.93750 78 4.68750
6860000 19 7.63158 28 97 171 0.94737 78 3.89474
6865000 20 7.00000 26 102 167 0.90000 77 3.60000
6870000 20 7.15000 26 101 168 0.95000 76 3.75000
6875000 19 7.21053 26 108 172 0.94737 77 3.94737
6880000 18 7.83333 27 104 182 1.00000 78 4.11111
6885000 18 7.88889 33 99 170 0.88889 76 4.11111
6890000 17 7.76471 31 117 160 0.82353 76 4.23529
6895000 18 7.27778 30 123 154 0.66667 74 3.88889
6900000 21 6.95238 33 105 178 0.90476 76 3.47619
6905000 13 9.76923 35 121 157 0.92308 75 5.38462
6910000 16 8.50000 33 115 167 0.87500 76 4.43750
6915000 19 7.63158 32 121 175 0.89474 75 3.84211
6920000 24 7.20833 35 110 198 0.83333 75 3.12500
6925000 16 9.31250 31 121 187 1.00000 75 4.18750
6930000 18 8.61111 29 114 196 1.00000 73 3.88889
6935000 16 9.50000 34 116 183 0.93750 73 4.25000
6940000 18 8.77778 34 107 184 0.83333 73 3.72222
6945000 14 11.71429 37 113 198 1.00000 76 4.92857
6950000 17 9.76471 35 106 202 0.94118 74 4.11765
6955000 17 9.64706 32 109 198 1.00000 79 4.23529
6960000 18 9.00000 32 105 193 0.88889 79 4.16667
6965000 23 7.13043 29 107 186 0.78261 79 3.26087
6970000 19 7.89474 30 119 183 1.00000 78 4.05263
6975000 16 8.93750 31 123 178 1.00000 77 4.62500
6980000 16 8.93750 31 121 178 0.93750 77 4.62500
6985000 18 8.33333 31 107 183 0.88889 79 4.22222
6990000 16 9.25000 32 113 179 0.93750 76 4.50000
6995000 16 8.75000 32 126 177 0.93750 77 4.43750
7000000 17 8.58824 30 123 177 0.94118 75 4.23529
7005000 20 7.90000 33 108 181 0.85000 76 3.75000
7010000 18 8.55556 28 114 181 0.94444 77 4.27778
7015000 17 8.82353 28 111 172 0.88235 76 4.41176
7020000 15 10.20000 33 109 182 0.93333 74 4.80000
7025000 17 9.00000 36 107 178 0.76471 77 4.17647
7030000 13 10.92308 37 110 177 0.92308 77 5.46154
7035000 18 8.55556 38 114 182 0.83333 77 4.05556
7040000 17 8.58824 33 118 174 0.94118 75 4.17647
7045000 12 11.41667 33 117 174 0.91667 76 5.75000
7050000 12 12.00000 47 120 187 0.91667 78 5.91667
7055000 13 11.23077 45 111 190 0.61538 75 5.23077
7060000 18 8.66667 45 106 177 0.72222 74 3.88889
7065000 13 10.76923 45 118 167 0.61538 73 5.23077
7070000 14 10.28571 44 107 170 0.85714 78 5.00000
7075000 14 9.92857 42 104 166 0.92857 76 5.00000
7080000 11 11.27273 38 125 165 1.00000 73 6.27273
7085000 16 8.37500 35 117 172 0.81250 79 4.50000
7090000 16 8.50000 37 123 164 0.87500 77 4.50000
7095000 17 8.11765 39 125 168 0.88235 75 3.94118
7100000 16 8.50000 41 121 170 0.87500 77 4.43750
7105000 18 8.00000 45 116 175 0.88889 78 3.94444
7110000 14 9.35714 44 128 170 0.92857 76 4.92857
7115000 18 7.88889 45 128 177 0.88889 74 3.88889
7120000 19 7.47368 39 133 176 0.94737 74 3.73684
7125000 20 7.55000 42 128 183 0.90000 77 3.60000
7130000 17 8.76471 48 127 186 0.88235 80 4.23529
7135000 18 8.44444 46 109 173 0.77778 79 4.11111
7140000 15 9.60000 46 117 174 0.86667 78 4.86667
7145000 14 10.57143 50 108 184 0.92857 79 5.28571
7150000 18 8.38889 45 106 183 0.88889 81 4.05556
7155000 14 10.00000 39 116 176 0.92857 79 5.21429
7160000 15 9.86667 43 115 177 1.00000 78 4.93333
7165000 16 10.06250 45 106 194 0.87500 80 4.68750
7170000 12 12.66667 42 110 188 1.00000 77 6.00000
7175000 16 10.00000 45 101 187 0.87500 77 4.50000
7180000 15 10.73333 45 111 194 0.86667 78 4.66667
7185000 17 9.35294 45 120 201 0.88235 77 4.11765
7190000 15 9.93333 39 128 184 1.00000 79 4.73333
7195000 24 7.16667 38 102 191 0.79167 78 3.08333
7200000 21 7.19048 32 118 184 0.90476 77 3.52381
7205000 17 8.17647 28 118 164 0.88235 75 4.17647
7210000 17 8.05882 27 119 172 0.82353 75 4.05882
7215000 15 8.86667 28 131 169 0.93333 77 4.73333
7220000 22 6.72727 29 103 168 0.90909 78 3.40909
7225000 22 6.59091 28 112 177 0.86364 80 3.31818
7230000 20 7.30000 29 118 176 0.85000 79 3.60000
7235000 17 7.64706 29 119 179 0.94118 77 4.17647
7240000 18 7.38889 26 107 159 0.94444 78 4.00000
7245000 13 9.61538 28 118 162 1.00000 73 5.30769
7250000 18 8.00000 31 100 170 0.88889 76 4.00000
7255000 16 8.12500 29 104 162 0.81250 77 4.37500
7260000 15 8.73333 28 110 164 1.00000 76 4.66667
7265000 17 7.94118 25 108 162 0.82353 78 4.11765
7270000 18 7.33333 26 109 172 0.94444 77 3.88889
7275000 16 8.06250 25 98 160 0.93750 75 4.37500
7280000 19 7.15789 26 92 171 0.89474 80 3.78947
7285000 17 7.82353 25 104 169 0.94118 73 4.05882
7290000 14 9.50000 26 114 167 1.00000 75 5.00000
7295000 18 7.94444 28 107 167 1.00000 73 4.00000
7300000 17 8.41176 28 105 175 1.00000 74 4.17647
7305000 18 7.88889 28 118 179 0.88889 75 3.94444
7310000 19 7.26316 26 122 158 0.89474 75 3.73684
7315000 23 6.56522 28 104 169 0.82609 76 3.17391
7320000 19 7.47368 29 113 180 1.00000 76 3.94737
7325000 19 7.52632 29 108 172 0.89474 77 3.84211
7330000 14 9.35714 32 134 172 0.92857 77 5.00000
7335000 16 8.56250 34 136 176 0.93750 79 4.56250
7340000 18 8.33333 36 114 180 0.94444 76 4.11111
7345000 15 10.13333 43 109 185 1.00000 79 5.00000
7350000 15 9.33333 41 123 175 0.93333 78 5.00000
7355000 17 8.94118 43 107 178 0.94118 74 4.29412
7360000 18 8.33333 41 110 190 0.94444 74 4.00000
7365000 15 9.46667 37 118 180 0.93333 77 4.73333
7370000 14 10.64286 40 114 182 0.92857 76 4.85714
7375000 20 8.50000 44 98 195 0.90000 76 3.50000
7380000 17 9.52941 43 116 195 0.88235 75 4.23529
7385000 17 9.82353 50 110 205 0.82353 76 4.23529
7390000 17 9.00000 44 106 180 0.82353 75 4.29412
7395000 18 8.38889 41 108 186 0.88889 77 4.05556
7400000 16 8.68750 40 120 183 1.00000 78 4.56250
7405000 16 8.75000 35 121 181 0.87500 76 4.43750
7410000 18 7.66667 34 123 179 1.00000 75 4.00000
7415000 15 9.13333 35 125 190 1.00000 78 4.53333
7420000 19 7.78947 35 109 182 0.94737 74 3.73684
7425000 21 7.71429 41 104 191 0.90476 79 3.57143
7430000 17 8.58824 38 111 176 0.94118 75 4.05882
7435000 17 8.82353 39 106 181 0.94118 77 4.23529
7440000 17 8.76471 35 108 184 1.00000 74 4.17647
7445000 19 7.78947 33 107 179 0.94737 75 3.78947
7450000 13 11.15385 36 109 178 1.00000 76 5.46154
7455000 17 9.00000 36 99 179 0.76471 78 4.11765
7460000 18 8.16667 33 95 169 0.77778 75 3.94444
7465000 17 8.35294 33 99 176 0.94118 73 4.11765
7470000 18 7.88889 34 116 175 0.83333 74 3.83333
7475000 15 9.73333 35 116 179 0.93333 78 4.86667
7480000 20 8.25000 38 109 201 0.95000 78 3.80000
7485000 18 8.83333 35 107 195 0.88889 78 4.16667
7490000 16 9.50000 39 107 189 1.00000 78 4.56250
7495000 15 9.80000 38 107 188 0.93333 77 4.80000
7500000 16 9.62500 42 94 187 0.93750 76 4.62500
7505000 15 10.26667 45 97 186 1.00000 77 4.86667
7510000 16 8.25000 40 105 161 0.93750 76 4.50000
7515000 18 7.77778 36 90 171 1.00000 76 3.88889
7520000 18 7.61111 35 98 172 0.94444 76 3.88889
7525000 17 7.70588 33 111 153 0.88235 77 4.11765
7530000 14 9.14286 38 118 165 0.92857 73 5.07143
7535000 21 7.47619 37 99 173 0.80952 76 3.42857
7540000 14 10.21429 37 105 176 1.00000 76 5.07143
7545000 15 9.00000 35 115 169 1.00000 74 4.46667
7550000 15 8.80000 38 116 169 1.00000 76 4.73333
7555000 21 6.61905 36 104 162 0.66667 74 3.38095
7560000 21 6.38095 38 102 157 0.85714 72 3.33333
7565000 18 7.61111 38 108 174 1.00000 73 3.77778
7570000 18 7.72222 38 109 177 0.88889 73 3.72222
7575000 18 7.83333 38 98 170 0.88889 72 3.83333
7580000 16 8.37500 37 104 165 0.93750 75 4.43750
7585000 11 10.27273 39 118 157 1.00000 73 6.00000
7590000 19 7.31579 42 93 158 0.84211 71 3.47368
7595000 18 8.05556 40 94 174 0.88889 72 3.77778
7600000 18 8.00000 41 95 170 0.88889 74 3.88889
7605000 17 7.70588 36 104 158 0.94118 73 4.17647
7610000 19 6.89474 35 103 155 0.89474 74 3.63158
7615000 17 7.88235 35 112 169 1.00000 76 4.11765
7620000 16 8.25000 35 124 170 0.93750 76 4.43750
7625000 20 7.35000 38 118 177 0.90000 76 3.60000
7630000 17 8.11765 36 115 170 0.88235 75 4.05882
7635000 14 9.71429 38 117 173 1.00000 74 5.00000
7640000 18 7.44444 38 102 168 0.88889 74 3.94444
7645000 17 7.41176 36 102 158 0.88235 70 4.00000
7650000 17 7.82353 37 101 160 0.88235 74 4.05882
7655000 18 7.50000 33 91 158 0.94444 76 3.88889
7660000 18 7.50000 33 106 168 0.94444 75 3.88889
7665000 21 6.42857 29 98 158 0.90476 73 3.33333
7670000 19 7.10526 31 98 158 0.78947 73 3.47368
7675000 16 8.31250 31 103 170 1.00000 75 4.31250
7680000 19 7.73684 38 85 170 0.84211 75 3.63158
7685000 13 10.61538 42 102 168 0.92308 74 5.23077
7690000 14 9.92857 45 109 169 0.92857 75 5.00000
7695000 16 8.87500 42 105 170 0.81250 76 4.25000
7700000 16 9.12500 43 111 177 0.81250 75 4.37500
7705000 19 7.94737 42 105 177 0.78947 73 3.68421
7710000 16 8.93750 40 103 173 0.87500 75 4.37500
7715000 15 9.93333 39 100 177 0.86667 75 4.53333
7720000 15 9.33333 39 106 166 1.00000 74 4.53333
7725000 13 10.38462 33 107 173 1.00000 72 5.15385
7730000 19 7.89474 36 97 168 0.89474 74 3.68421
7735000 17 8.64706 38 103 177 0.88235 74 4.05882
7740000 18 7.88889 37 111 168 0.83333 76 3.88889
7745000 20 7.45000 38 103 170 0.85000 76 3.60000
7750000 15 8.86667 34 120 163 0.86667 76 4.66667
7755000 20 7.50000 37 104 169 0.80000 72 3.55000
7760000 20 7.25000 39 108 176 0.80000 77 3.60000
7765000 16 8.62500 40 106 168 0.87500 75 4.50000
7770000 22 6.68182 37 106 178 0.90909 75 3.18182
7775000 24 6.41667 39 96 175 0.79167 74 2.95833
7780000 17 8.23529 37 117 172 0.88235 77 4.23529
7785000 20 7.30000 36 107 161 0.85000 76 3.65000
7790000 17 7.76471 35 114 167 0.94118 74 4.11765
7795000 13 9.23077 32 117 161 1.00000 74 5.23077
7800000 16 7.87500 32 101 153 1.00000 76 4.31250
7805000 19 6.78947 30 103 160 0.89474 75 3.68421
7810000 16 7.37500 31 114 149 0.93750 71 4.12500
7815000 16 7.68750 30 111 157 0.93750 73 4.25000
7820000 20 6.95000 33 106 170 0.80000 76 3.45000
7825000 16 7.93750 33 115 155 0.93750 74 4.37500
7830000 22 5.77273 31 120 157 0.77273 77 3.18182
7835000 17 6.94118 30 120 150 0.94118 76 4.11765
7840000 19 6.47368 27 116 161 0.89474 75 3.63158
7845000 19 7.00000 30 105 158 0.84211 76 3.57895
7850000 18 7.50000 28 113 160 0.88889 78 3.88889
7855000 21 6.85714 29 102 165 0.76190 75 3.23810
7860000 20 7.25000 29 110 175 0.90000 73 3.35000
7865000 17 8.58824 30 102 171 0.88235 73 4.05882
7870000 16 8.43750 28 93 163 0.93750 76 4.37500
7875000 19 7.42105 29 83 170 0.94737 77 3.84211
7880000 17 7.76471 27 99 167 0.94118 76 4.29412
7885000 17 7.94118 28 86 158 1.00000 76 4.35294
7890000 13 9.46154 26 98 157 1.00000 76 5.53846
7895000 19 6.73684 26 103 151 0.89474 76 3.84211
7900000 19 6.94737 23 106 163 0.94737 78 3.84211
7905000 16 7.56250 21 109 146 0.93750 76 4.62500
7910000 20 6.70000 22 109 165 0.90000 76 3.75000
7915000 17 7.64706 21 112 168 1.00000 78 4.41176
7920000 20 7.05000 26 108 171 0.85000 75 3.65000
7925000 18 7.72222 34 98 165 1.00000 77 4.05556
7930000 17 7.94118 32 104 175 0.94118 76 4.35294
7935000 17 7.52941 29 106 159 0.88235 75 4.17647
7940000 17 7.82353 29 110 161 0.94118 75 4.05882
7945000 18 7.61111 32 103 170 0.94444 74 4.00000
7950000 21 6.42857 34 110 159 0.90476 77 3.61905
7955000 18 7.33333 33 108 171 1.00000 76 4.05556
7960000 17 7.64706 29 114 160 0.94118 74 4.29412
7965000 20 6.85000 26 120 166 0.85000 74 3.70000
7970000 23 6.34783 27 119 167 0.78261 74 3.04348
7975000 19 7.36842 26 119 173 0.78947 72 3.52632
7980000 19 7.36842 27 114 169 0.89474 74 3.73684
7985000 17 8.41176 29 106 176 1.00000 74 4.11765
7990000 15 9.00000 27 108 165 0.93333 70 4.33333
7995000 15 8.46667 26 109 163 0.93333 69 4.33333
8000000 18 7.72222 26 110 168 1.00000 75 3.83333
8005000 16 8.62500 29 111 173 0.87500 73 4.06250
8010000 21 6.33333 27 110 170 0.90476 72 3.19048
8015000 19 7.73684 32 112 188 0.84211 75 3.63158
8020000 19 7.63158 30 107 177 0.89474 72 3.52632
8025000 19 7.68421 33 100 180 0.84211 73 3.63158
8030000 21 6.90476 31 92 168 0.90476 75 3.33333
8035000 21 6.66667 26 105 174 0.95238 75 3.33333
8040000 21 6.47619 26 110 167 0.85714 76 3.42857
8045000 20 7.05000 26 108 167 0.90000 80 3.75000
8050000 19 7.36842 27 109 169 0.89474 78 3.89474
8055000 17 7.88235 27 121 170 0.82353 77 4.23529
8060000 19 7.31579 31 110 163 0.89474 71 3.57895
8065000 16 8.31250 33 125 174 0.93750 73 4.12500
8070000 19 7.05263 32 118 174 0.84211 76 3.57895
8075000 17 7.35294 31 126 164 0.88235 72 3.88235
8080000 25 5.64000 30 110 163 0.92000 72 2.76000
8085000 19 6.73684 31 124 166 0.94737 73 3.47368
8090000 17 7.41176 30 121 156 0.88235 73 3.82353
8095000 19 6.89474 27 102 164 0.89474 72 3.47368
8100000 22 6.27273 30 100 156 0.86364 71 3.09091
8105000 20 7.25000 32 100 172 0.90000 74 3.40000
8110000 19 7.57895 33 96 174 0.89474 75 3.57895
8115000 19 7.36842 34 87 170 1.00000 75 3.84211
8120000 18 7.72222 33 91 167 0.94444 73 3.88889
8125000 16 8.81250 33 80 167 0.93750 76 4.25000
8130000 17 8.58824 32 74 162 0.82353 73 4.11765
8135000 17 8.47059 32 83 164 1.00000 75 4.29412
8140000 15 9.46667 32 96 180 1.00000 76 4.73333
8145000 17 8.58824 31 94 173 0.88235 75 4.11765
8150000 17 8.76471 34 104 184 0.88235 77 3.94118
8155000 15 9.60000 29 108 183 1.00000 76 4.53333
8160000 23 6.69565 31 94 168 0.86957 76 3.00000
8165000 19 8.10526 33 106 181 0.84211 74 3.68421
8170000 17 9.29412 36 100 195 1.00000 76 4.11765
8175000 16 9.62500 37 96 184 0.87500 73 4.25000
8180000 16 9.18750 34 91 179 1.00000 76 4.25000
8185000 22 7.50000 34 87 178 0.86364 75 3.27273
8190000 15 9.86667 34 101 184 0.93333 75 4.40000
8195000 16 8.87500 30 100 174 1.00000 73 4.25000
8200000 15 9.46667 29 110 169 1.00000 72 4.46667
8205000 16 9.06250 33 103 176 1.00000 70 4.31250
8210000 13 10.84615 34 111 181 0.92308 73 5.00000
8215000 12 11.58333 34 115 179 0.91667 74 5.41667
8220000 16 8.81250 35 102 172 1.00000 75 4.25000
8225000 16 8.50000 35 117 168 0.87500 74 4.12500
8230000 19 7.57895 35 118 165 0.73684 76 3.57895
8235000 14 10.28571 35 120 188 1.00000 79 4.92857
8240000 19 7.78947 35 109 179 0.94737 75 3.73684
8245000 15 9.46667 35 113 183 1.00000 76 4.60000
8250000 19 8.15789 33 108 191 0.89474 76 3.84211
8255000 18 8.55556 31 110 184 0.94444 76 4.05556
8260000 16 9.25000 34 108 177 0.93750 78 4.43750
8265000 17 8.88235 33 103 183 0.94118 78 4.29412
8270000 15 9.93333 31 96 179 1.00000 77 4.80000
8275000 13 11.38462 34 104 177 1.00000 74 5.30769
8280000 17 8.76471 29 101 183 1.00000 74 4.11765
8285000 16 9.00000 31 100 175 0.93750 74 4.43750
8290000 16 8.87500 33 116 166 0.87500 75 4.37500
8295000 14 9.57143 31 118 172 1.00000 74 4.92857
8300000 19 7.68421 29 96 175 0.78947 74 3.57895
8305000 17 8.64706 34 101 167 0.94118 75 4.05882
8310000 16 8.75000 30 101 175 1.00000 76 4.37500
8315000 17 8.29412 31 113 175 0.94118 73 4.00000
8320000 19 7.36842 29 116 160 0.73684 75 3.57895
8325000 14 9.35714 28 124 167 1.00000 73 4.85714
8330000 19 7.31579 25 118 181 0.89474 75 3.78947
8335000 14 8.78571 23 123 152 1.00000 75 5.00000
8340000 14 8.92857 24 118 156 0.85714 73 4.78571
8345000 18 7.22222 28 108 164 0.94444 73 3.94444
8350000 17 7.52941 32 104 153 0.94118 77 4.05882
8355000 17 7.52941 32 117 151 0.82353 73 3.94118
8360000 20 6.40000 32 120 155 0.90000 73 3.45000
8365000 16 7.56250 31 122 152 0.87500 76 4.43750
8370000 20 6.40000 33 117 157 0.90000 75 3.70000
8375000 19 6.89474 33 115 164 0.94737 75 3.73684
8380000 21 6.23810 30 118 159 0.90476 72 3.28571
8385000 21 6.09524 31 112 153 0.90476 73 3.28571
8390000 18 6.61111 32 122 152 0.83333 74 3.66667
8395000 14 7.85714 32 122 144 1.00000 72 4.78571
8400000 18 7.50000 35 104 177 0.94444 74 3.88889
8405000 16 8.18750 35 106 173 1.00000 75 4.43750
8410000 16 8.68750 34 109 171 1.00000 72 4.31250
8415000 17 8.35294 32 107 177 0.94118 76 4.17647
8420000 18 7.61111 30 119 180 0.94444 73 3.83333
8425000 14 9.64286 30 115 177 0.92857 76 4.92857
8430000 18 8.77778 33 92 190 0.88889 73 3.88889
8435000 17 9.29412 31 91 188 0.88235 76 4.29412
8440000 15 10.06667 31 102 179 0.93333 77 4.80000
8445000 15 10.00000 30 96 184 0.93333 74 4.73333
8450000 17 9.17647 31 100 179 1.00000 77 4.23529
8455000 17 8.94118 30 109 190 1.00000 75 4.11765
8460000 17 8.82353 29 107 196 1.00000 74 4.11765
8465000 17 8.70588 30 104 182 0.94118 74 4.17647
8470000 18 8.44444 31 104 184 0.94444 75 3.94444
8475000 15 9.66667 32 104 176 0.93333 76 4.73333
8480000 21 7.14286 31 105 185 0.95238 77 3.57143
8485000 21 7.71429 29 99 189 0.95238 76 3.52381
8490000 19 7.84211 28 115 184 0.94737 77 3.89474
8495000 17 8.64706 30 114 188 0.94118 75 4.29412
8500000 21 7.19048 26 121 177 0.85714 76 3.42857
8505000 19 8.10526 30 120 191 0.89474 76 3.84211
8510000 20 8.25000 28 114 199 0.95000 76 3.55000
8515000 22 7.54545 27 101 187 0.90909 78 3.40909
8520000 24 6.58333 28 110 187 0.87500 78 3.08333
8525000 20 7.40000 26 125 175 0.85000 74 3.45000
8530000 15 9.13333 38 126 174 0.93333 72 4.46667
8535000 22 7.13636 39 111 177 0.86364 76 3.27273
8540000 18 8.55556 36 103 187 0.88889 78 4.11111
8545000 20 7.85000 37 106 183 0.85000 79 3.60000
8550000 18 8.77778 45 106 189 0.88889 78 4.05556
8555000 16 9.43750 41 115 182 0.93750 78 4.56250
8560000 16 9.81250 42 112 189 1.00000 77 4.50000
8565000 20 8.00000 40 107 190 0.80000 80 3.70000
8570000 18 8.11111 34 119 177 0.94444 77 3.88889
8575000 19 7.89474 36 117 184 0.94737 76 3.78947
8580000 18 8.16667 33 112 192 1.00000 77 3.94444
8585000 22 6.77273 33 98 175 0.90909 77 3.27273
8590000 18 8.00000 28 101 182 0.94444 79 3.94444
8595000 16 8.56250 27 112 169 1.00000 77 4.56250
8600000 17 8.05882 27 106 164 0.88235 76 4.17647
8605000 20 7.45000 27 102 173 0.90000 78 3.75000
8610000 17 8.11765 27 108 174 1.00000 79 4.29412
8615000 12 11.50000 31 114 170 1.00000 74 5.58333
8620000 23 7.04348 32 94 185 0.78261 74 3.13043
8625000 21 7.42857 31 112 189 0.90476 75 3.47619
8630000 20 7.50000 31 117 178 0.90000 76 3.65000
8635000 18 8.27778 35 119 184 0.94444 74 4.00000
8640000 17 8.70588 34 122 184 0.88235 78 4.29412
8645000 20 8.00000 32 121 187 0.80000 78 3.70000
8650000 20 8.35000 34 117 201 0.85000 77 3.70000
8655000 17 9.70588 34 114 201 0.94118 76 4.29412
8660000 18 8.88889 31 109 189 0.94444 78 3.77778
8665000 16 9.68750 32 113 189 1.00000 76 4.50000
8670000 18 8.55556 32 108 191 1.00000 74 3.88889
8675000 16 9.62500 31 109 187 1.00000 73 4.43750
8680000 19 8.21053 31 107 184 0.78947 78 3.68421
8685000 18 8.50000 35 107 183 1.00000 77 3.94444
8690000 21 6.71429 32 101 165 0.85714 75 3.47619
8695000 19 7.42105 32 104 183 1.00000 73 3.57895
8700000 16 8.06250 33 114 161 0.93750 71 4.12500
8705000 17 8.05882 35 107 160 0.94118 71 4.00000
8710000 16 9.00000 35 116 173 0.87500 74 4.31250
8715000 18 7.77778 31 104 167 0.77778 74 3.83333
8720000 17 7.76471 32 111 162 0.88235 72 3.76471
8725000 19 7.68421 36 105 179 0.89474 70 3.47368
8730000 20 7.25000 35 102 163 0.80000 71 3.30000
8735000 15 9.20000 33 114 179 1.00000 73 4.40000
8740000 22 7.18182 29 111 179 0.77273 73 3.22727
8745000 20 7.55000 26 113 169 0.70000 75 3.40000
8750000 17 7.82353 25 127 174 0.82353 74 4.11765
8755000 17 7.64706 26 115 173 0.82353 76 3.94118
8760000 19 7.36842 26 107 168 0.84211 74 3.57895
8765000 17 7.52941 25 105 158 0.88235 75 4.11765
8770000 14 8.35714 24 113 151 0.92857 75 4.92857
8775000 19 7.31579 27 101 171 1.00000 76 3.78947
8780000 20 7.10000 28 100 174 0.90000 75 3.55000
8785000 18 7.61111 29 109 158 0.83333 74 3.83333
8790000 17 8.41176 28 109 171 0.88235 72 4.05882
8795000 12 11.08333 28 126 172 1.00000 77 5.75000
8800000 14 10.00000 32 118 175 0.85714 74 4.92857
8805000 17 8.76471 34 106 172 0.82353 73 4.11765
8810000 17 8.41176 34 108 174 0.88235 72 4.05882
8815000 16 8.62500 31 104 173 1.00000 73 4.43750
8820000 15 9.80000 33 105 178 0.93333 75 4.66667
8825000 17 8.88235 35 109 178 0.88235 77 4.23529
8830000 17 9.11765 31 108 190 0.88235 77 4.29412
8835000 17 9.00000 34 101 178 0.88235 81 4.35294
8840000 17 9.11765 35 100 180 0.88235 75 4.23529
8845000 15 9.40000 31 114 180 1.00000 77 4.66667
8850000 14 9.92857 27 107 177 0.92857 77 5.14286
8855000 16 8.12500 24 106 155 0.93750 75 4.50000
8860000 16 8.56250 27 103 164 0.87500 74 4.43750
8865000 15 8.73333 25 103 166 0.93333 78 4.80000
8870000 14 8.92857 25 115 162 0.92857 77 5.00000
8875000 15 8.53333 28 104 153 1.00000 76 4.73333
8880000 16 8.25000 29 114 161 0.87500 74 4.37500
8885000 16 8.62500 29 118 158 0.87500 73 4.25000
8890000 21 7.19048 30 108 185 0.85714 72 3.19048
8895000 21 7.19048 28 105 172 0.90476 76 3.42857
8900000 24 6.58333 27 106 183 0.83333 75 3.04167
8905000 18 8.11111 27 119 188 0.94444 76 3.83333
8910000 23 7.13043 28 100 183 0.82609 78 3.17391
8915000 20 8.00000 29 103 187 0.90000 76 3.65000
8920000 16 9.00000 25 122 188 1.00000 79 4.37500
8925000 17 8.76471 24 121 185 0.94118 78 4.05882
8930000 19 7.94737 27 112 178 0.84211 74 3.78947
8935000 17 8.58824 28 112 178 0.88235 74 4.11765
8940000 20 7.70000 25 97 171 0.80000 75 3.50000
8945000 20 7.65000 24 92 176 0.95000 73 3.55000
8950000 17 8.17647 25 102 175 0.94118 76 4.23529
8955000 17 8.76471 30 98 177 0.94118 76 4.17647
8960000 16 9.18750 33 98 179 0.93750 73 4.50000
8965000 14 9.92857 34 98 170 0.92857 74 5.00000
8970000 17 8.47059 33 93 167 0.94118 76 4.23529
8975000 16 8.75000 32 98 166 1.00000 77 4.25000
8980000 13 10.00000 30 107 164 1.00000 74 5.00000
8985000 15 8.60000 28 110 168 0.93333 73 4.53333
8990000 17 7.47059 27 120 159 0.94118 73 4.00000
8995000 18 7.61111 26 113 162 0.83333 74 3.83333
9000000 19 8.05263 27 101 183 0.94737 75 3.68421
9005000 16 8.87500 28 115 172 0.87500 76 4.18750
9010000 20 7.40000 29 109 177 0.95000 78 3.60000
9015000 15 8.80000 26 119 180 0.93333 76 4.53333
9020000 15 9.13333 28 114 172 0.93333 77 4.66667
9025000 14 9.57143 27 106 163 0.92857 78 5.07143
9030000 16 8.87500 32 101 163 0.93750 77 4.43750
9035000 16 8.50000 35 96 164 0.81250 77 4.43750
9040000 19 7.57895 28 89 164 0.84211 79 3.78947
9045000 17 8.23529 32 99 165 0.82353 77 4.23529
9050000 22 7.04545 29 83 180 0.86364 76 3.31818
9055000 17 8.58824 31 87 172 0.94118 73 4.11765
9060000 16 9.06250 33 81 170 0.87500 76 4.37500
9065000 20 7.60000 32 82 166 0.90000 73 3.55000
9070000 16 8.75000 28 105 172 1.00000 74 4.43750
9075000 20 7.50000 30 96 173 0.85000 74 3.60000
9080000 16 8.62500 26 109 171 1.00000 74 4.50000
9085000 17 7.94118 28 116 168 0.88235 74 4.11765
9090000 18 7.72222 29 117 179 0.88889 75 3.88889
9095000 20 7.45000 27 100 173 0.75000 75 3.45000
9100000 20 7.15000 27 107 169 0.85000 74 3.45000
9105000 19 7.68421 28 103 176 0.89474 76 3.73684
9110000 17 7.88235 26 120 176 1.00000 78 4.11765
9115000 17 8.35294 30 105 179 0.82353 76 4.17647
9120000 16 9.00000 32 103 178 0.93750 74 4.31250
9125000 16 8.56250 30 106 167 0.87500 75 4.25000
9130000 18 7.94444 27 97 178 0.88889 73 3.72222
9135000 12 10.83333 29 98 166 1.00000 73 5.50000
9140000 14 9.57143 28 95 166 0.92857 71 4.57143
9145000 17 8.23529 27 93 161 0.94118 67 3.82353
9150000 16 8.75000 26 88 164 0.93750 67 4.18750
9155000 16 8.37500 24 97 169 1.00000 72 4.18750
9160000 16 8.06250 26 100 165 0.93750 75 4.31250
9165000 18 7.66667 25 102 166 0.83333 72 3.83333
9170000 13 10.15385 24 111 172 1.00000 76 5.38462
9175000 17 9.00000 27 97 189 0.88235 76 4.11765
9180000 19 8.36842 28 110 194 0.78947 74 3.57895
9185000 17 8.94118 29 116 183 0.82353 75 3.94118
9190000 16 9.75000 31 111 195 1.00000 74 4.31250
9195000 18 8.61111 30 107 183 0.88889 74 3.77778
9200000 18 8.55556 29 110 188 0.94444 77 4.00000
9205000 17 8.58824 28 114 183 0.82353 75 4.05882
9210000 14 10.00000 32 111 172 0.85714 75 5.00000
9215000 14 10.07143 29 110 174 1.00000 74 4.78571
9220000 21 7.14286 27 89 178 0.85714 75 3.33333
9225000 14 9.71429 30 102 181 1.00000 74 4.78571
9230000 16 8.87500 25 105 184 0.81250 73 4.18750
9235000 18 8.22222 26 99 183 0.88889 76 3.88889
9240000 20 7.30000 22 102 176 0.85000 80 3.65000
9245000 18 8.16667 25 108 179 0.94444 78 3.94444
9250000 19 7.57895 24 105 168 0.89474 75 3.68421
9255000 17 8.41176 23 103 178 0.88235 75 4.05882
9260000 15 9.13333 24 114 169 0.93333 73 4.66667
9265000 15 8.73333 24 122 165 1.00000 77 4.53333
9270000 21 6.61905 25 107 169 0.85714 76 3.28571
9275000 18 7.61111 26 115 176 1.00000 77 4.05556
9280000 19 7.26316 25 112 177 0.94737 75 3.78947
9285000 16 8.25000 26 117 162 1.00000 73 4.37500
9290000 14 9.42857 27 112 165 0.92857 74 5.00000
9295000 16 8.00000 26 101 160 0.93750 73 4.25000
9300000 15 8.80000 31 113 160 0.93333 75 4.40000
9305000 17 8.47059 28 106 174 0.88235 78 4.11765
9310000 18 7.88889 28 103 169 0.94444 71 3.77778
9315000 16 8.43750 32 113 177 1.00000 73 4.25000
9320000 15 8.66667 28 119 167 1.00000 78 4.53333
9325000 14 9.14286 24 116 166 0.85714 74 4.71429
9330000 21 6.90476 25 107 170 0.90476 75 3.33333
9335000 16 8.00000 28 120 163 1.00000 73 4.31250
9340000 18 7.66667 35 119 167 0.94444 73 3.94444
9345000 17 8.00000 34 120 168 0.94118 78 4.17647
9350000 19 8.05263 34 99 181 0.89474 80 3.89474
9355000 15 8.86667 34 104 164 0.93333 75 4.53333
9360000 16 8.31250 39 104 167 0.87500 72 4.25000
9365000 18 7.61111 35 106 159 0.88889 71 3.77778
9370000 18 7.77778 34 99 163 0.88889 74 3.94444
9375000 16 9.00000 36 105 183 0.93750 76 4.31250
9380000 16 9.06250 37 92 169 0.93750 74 4.31250
9385000 19 7.94737 35 83 179 0.78947 75 3.63158
9390000 16 8.81250 37 88 173 0.87500 75 4.12500
9395000 16 9.00000 35 101 182 1.00000 76 4.31250
9400000 21 7.33333 37 95 172 0.80952 78 3.47619
9405000 22 7.00000 33 95 182 0.90909 78 3.45455
9410000 17 8.52941 35 114 183 1.00000 76 4.17647
9415000 21 7.33333 32 100 176 0.85714 76 3.52381
9420000 17 8.58824 28 100 178 0.88235 74 4.23529
9425000 21 7.42857 29 101 177 0.85714 78 3.57143
9430000 20 8.00000 32 96 188 0.90000 79 3.75000
9435000 20 7.65000 35 98 184 0.90000 79 3.80000
9440000 15 9.53333 34 102 177 0.93333 78 4.93333
9445000 19 7.94737 34 104 186 1.00000 78 4.00000
9450000 19 8.15789 37 101 182 0.94737 77 3.89474
9455000 19 8.42105 33 98 182 0.89474 74 3.89474
9460000 17 9.05882 35 99 177 0.94118 76 4.23529
9465000 17 8.76471 28 95 171 0.82353 77 4.11765
9470000 18 8.22222 27 99 174 0.88889 76 4.05556
9475000 18 8.00000 26 99 170 0.77778 77 4.05556
9480000 16 9.00000 26 107 176 0.87500 78 4.56250
9485000 17 8.29412 27 103 177 0.94118 77 4.41176
9490000 20 7.10000 25 96 173 0.95000 75 3.70000
9495000 18 7.44444 24 114 174 1.00000 71 3.88889
9500000 23 6.34783 23 91 155 0.82609 73 3.08696
9505000 20 6.70000 24 106 159 0.80000 71 3.40000
9510000 15 8.06667 24 113 153 0.93333 71 4.60000
9515000 16 7.43750 25 104 147 1.00000 72 4.31250
9520000 17 7.35294 31 98 151 0.88235 75 4.05882
9525000 15 8.33333 31 112 162 0.93333 77 4.73333
9530000 17 7.88235 35 113 159 0.82353 74 4.23529
9535000 16 8.81250 40 114 176 0.87500 76 4.56250
9540000 14 9.35714 38 115 168 0.92857 74 5.07143
9545000 21 7.23810 40 92 171 0.90476 77 3.52381
9550000 18 8.50000 38 90 170 0.83333 77 4.05556
9555000 14 10.07143 37 108 181 0.92857 77 5.00000
9560000 18 8.61111 37 98 179 0.88889 79 4.11111
9565000 14 10.71429 38 102 188 0.92857 74 5.14286
9570000 15 10.06667 39 102 171 1.00000 74 4.80000
9575000 17 8.58824 34 99 174 0.82353 75 4.17647
9580000 14 10.07143 34 113 178 1.00000 74 5.21429
9585000 13 10.69231 35 119 175 1.00000 75 5.53846
9590000 17 8.88235 37 98 175 0.76471 75 4.23529
9595000 14 10.42857 38 108 182 0.92857 77 5.14286
9600000 17 8.29412 40 106 177 1.00000 75 4.29412
9605000 14 9.42857 42 108 169 1.00000 75 5.21429
9610000 15 8.93333 41 110 169 0.86667 73 4.66667
9615000 15 8.80000 38 115 168 0.86667 73 4.66667
9620000 18 7.83333 43 99 167 0.77778 74 4.00000
9625000 14 9.71429 43 114 172 0.92857 76 5.21429
9630000 15 9.93333 42 113 189 0.93333 78 4.86667
9635000 17 9.05882 43 119 178 0.88235 75 4.29412
9640000 15 10.00000 43 107 182 0.86667 77 4.86667
9645000 16 9.37500 40 105 177 0.93750 77 4.62500
9650000 15 9.60000 42 111 180 1.00000 77 4.86667
9655000 18 8.50000 41 110 182 0.94444 78 4.16667
9660000 16 9.18750 35 111 180 0.93750 76 4.50000
9665000 19 8.10526 43 113 182 0.73684 75 3.73684
9670000 20 7.85000 44 105 176 0.85000 77 3.55000
9675000 16 9.25000 44 111 184 0.93750 73 4.37500
9680000 18 8.50000 42 104 179 0.94444 78 4.00000
9685000 15 9.53333 40 112 177 1.00000 76 4.86667
9690000 15 9.46667 40 109 173 0.86667 75 4.80000
9695000 17 8.47059 34 99 166 0.82353 76 4.17647
9700000 17 8.41176 32 104 173 0.88235 74 4.05882
9705000 19 8.15789 31 98 185 0.94737 75 3.73684
9710000 20 7.80000 32 101 183 0.90000 77 3.60000
9715000 22 7.45455 30 101 193 0.90909 76 3.36364
9720000 21 7.95238 32 100 201 0.90476 74 3.38095
9725000 19 8.42105 28 107 198 0.94737 75 3.73684
9730000 19 8.21053 31 111 192 0.84211 74 3.47368
9735000 21 7.38095 31 98 186 0.85714 75 3.28571
9740000 22 6.81818 28 108 173 0.90909 77 3.27273
9745000 21 7.38095 30 103 184 0.90476 74 3.42857
9750000 22 7.27273 25 93 177 0.81818 75 3.27273
9755000 25 6.36000 25 90 175 0.72000 75 2.84000
9760000 18 7.83333 22 112 168 0.94444 74 3.88889
9765000 17 8.11765 25 117 183 0.88235 75 4.00000
9770000 17 7.94118 23 114 168 0.94118 75 4.17647
9775000 24 6.41667 23 97 171 0.75000 74 2.91667
9780000 20 7.35000 27 107 181 0.95000 76 3.60000
9785000 21 7.23810 28 106 172 0.85714 76 3.42857
9790000 17 8.29412 27 111 172 1.00000 75 4.17647
9795000 20 7.35000 27 113 178 0.95000 71 3.50000
9800000 17 7.88235 25 123 174 0.94118 76 4.00000
9805000 21 7.52381 30 112 185 0.95238 77 3.52381
9810000 18 8.61111 28 105 179 0.83333 77 3.94444
9815000 18 8.38889 29 112 192 0.94444 75 3.94444
9820000 19 8.10526 27 102 177 0.73684 74 3.63158
9825000 17 8.94118 28 100 175 0.82353 74 4.00000
9830000 17 8.94118 33 98 188 0.82353 70 3.82353
9835000 15 9.66667 34 105 172 0.93333 71 4.33333
9840000 14 10.07143 30 122 182 0.92857 71 4.50000
9845000 17 8.35294 28 119 177 0.82353 71 3.82353
9850000 18 7.83333 24 114 174 0.94444 72 3.66667
9855000 22 6.90909 30 111 176 0.81818 70 3.00000
9860000 20 7.75000 30 103 183 0.90000 74 3.45000
9865000 19 7.68421 28 113 185 0.89474 71 3.52632
9870000 17 7.76471 28 121 165 0.82353 74 4.00000
9875000 16 8.00000 28 127 168 0.93750 74 4.18750
9880000 19 7.31579 28 116 181 0.94737 76 3.68421
9885000 22 6.50000 30 121 172 0.77273 75 3.09091
9890000 21 7.23810 33 123 183 0.95238 73 3.19048
9895000 22 6.50000 28 125 174 0.86364 73 2.95455
9900000 20 7.10000 28 119 177 0.95000 74 3.30000
9905000 22 6.68182 29 114 180 0.95455 73 3.04545
9910000 18 8.16667 30 123 187 0.94444 72 3.72222
9915000 22 6.50000 28 123 176 0.86364 73 3.13636
9920000 16 8.18750 28 137 174 1.00000 76 4.18750
9925000 22 6.59091 28 123 188 0.90909 74 3.13636
9930000 22 7.00000 29 118 195 0.95455 75 3.22727
9935000 22 6.90909 27 112 182 0.95455 76 3.13636
9940000 18 7.44444 22 124 170 0.88889 76 3.72222
9945000 17 8.05882 25 116 180 1.00000 73 3.88235
9950000 22 6.36364 27 108 166 0.77273 71 3.18182
9955000 16 8.87500 31 104 176 0.75000 72 4.12500
9960000 17 8.47059 33 112 178 0.88235 74 4.00000
9965000 20 7.45000 33 107 179 0.90000 78 3.55000
9970000 20 7.90000 37 100 194 1.00000 75 3.60000
9975000 15 9.73333 37 109 189 0.93333 75 4.60000
9980000 16 9.37500 39 105 191 1.00000 75 4.37500
9985000 16 9.68750 38 104 191 0.87500 77 4.43750
9990000 20 8.05000 38 103 180 0.80000 76 3.55000
9995000 19 7.73684 40 106 166 0.89474 76 3.78947
10000000 21 7.19048 37 107 177 0.85714 81 3.57143
