# V2 - Timesteps, No of clusters, Mean cluster size, Size largest cluster, No clusters size 1, No prot bound to poly, Fraction clusters bound to poly, No type 2 poly bound to prot, Mean no type 2 in prot cluster
3000000 20 6.15000 25 72 146 1.00000 74 3.50000
3005000 18 6.16667 21 81 139 1.00000 74 3.94444
3010000 15 7.00000 22 94 136 1.00000 72 4.46667
3015000 17 6.70588 24 90 145 0.94118 73 4.00000
3020000 19 6.05263 24 84 142 0.89474 73 3.42105
3025000 14 7.71429 23 85 145 1.00000 74 4.64286
3030000 16 7.06250 22 80 146 1.00000 75 4.00000
3035000 16 7.00000 27 79 139 1.00000 74 4.12500
3040000 17 6.64706 25 73 136 0.88235 73 3.94118
3045000 16 6.75000 25 89 133 1.00000 72 4.06250
3050000 16 6.87500 27 101 147 0.93750 71 4.00000
3055000 16 7.06250 26 95 147 0.93750 72 4.06250
3060000 15 7.53333 26 83 138 0.93333 69 4.26667
3065000 12 9.25000 27 86 141 1.00000 74 5.16667
3070000 15 7.80000 24 81 142 0.93333 73 4.40000
3075000 15 7.13333 23 91 131 1.00000 73 4.33333
3080000 18 6.61111 25 85 148 1.00000 71 3.55556
3085000 17 7.29412 25 86 146 1.00000 72 3.88235
3090000 19 6.42105 23 87 151 1.00000 74 3.52632
3095000 15 8.00000 24 91 146 0.93333 72 4.33333
3100000 18 6.88889 24 85 144 0.94444 75 3.83333
3105000 21 5.90476 24 76 151 0.90476 75 3.42857
3110000 21 5.90476 23 82 151 0.90476 75 3.38095
3115000 14 7.64286 23 84 138 1.00000 73 4.64286
3120000 17 6.58824 23 78 132 0.88235 75 3.82353
3125000 22 5.45455 24 81 140 0.90909 76 3.18182
3130000 14 7.42857 26 90 132 1.00000 74 4.78571
3135000 17 6.23529 23 80 127 0.94118 72 3.94118
3140000 16 5.87500 20 91 118 1.00000 70 4.06250
3145000 14 6.42857 23 100 122 1.00000 71 4.64286
3150000 14 6.78571 23 100 124 1.00000 73 4.64286
3155000 15 6.13333 21 96 121 0.86667 67 4.13333
3160000 12 6.83333 18 106 124 0.91667 66 5.00000
3165000 16 6.31250 16 88 133 1.00000 68 4.00000
3170000 16 6.87500 18 81 131 0.93750 70 4.12500
3175000 16 6.87500 18 75 134 1.00000 69 4.06250
3180000 16 6.93750 19 80 131 0.87500 71 4.06250
3185000 15 7.73333 19 85 147 1.00000 72 4.33333
3190000 20 5.85000 16 85 145 0.95000 72 3.30000
3195000 21 5.66667 16 83 138 0.90476 74 3.19048
3200000 19 5.89474 16 94 145 0.94737 74 3.42105
3205000 25 4.96000 14 89 146 0.84000 74 2.76000
3210000 18 6.50000 16 99 151 1.00000 73 3.83333
3215000 17 6.70588 18 100 148 0.94118 76 4.00000
3220000 16 7.00000 19 100 148 1.00000 77 4.37500
3225000 18 6.44444 26 91 142 0.88889 73 3.94444
3230000 18 6.16667 24 101 149 0.83333 72 3.66667
3235000 18 6.05556 22 112 143 0.88889 70 3.44444
3240000 17 6.11765 24 113 139 0.82353 67 3.52941
3245000 18 5.88889 23 102 139 0.94444 67 3.33333
3250000 21 5.52381 24 99 149 0.90476 73 3.00000
3255000 16 7.18750 24 90 137 1.00000 74 4.06250
3260000 12 9.41667 36 86 139 1.00000 70 5.33333
3265000 11 9.72727 31 90 134 1.00000 67 5.63636
3270000 17 6.76471 29 82 137 0.88235 68 3.64706
3275000 17 6.64706 31 85 144 0.94118 72 3.82353
3280000 13 8.07692 31 91 136 1.00000 69 4.76923
3285000 15 7.40000 27 82 139 1.00000 72 4.06667
3290000 15 7.46667 31 88 138 0.86667 71 4.00000
3295000 18 6.22222 31 82 134 0.83333 70 3.50000
3300000 15 7.66667 30 75 142 1.00000 71 4.33333
3305000 18 6.61111 29 87 150 0.88889 72 3.66667
3310000 17 6.94118 28 82 148 1.00000 71 3.94118
3315000 19 6.31579 28 86 154 0.94737 72 3.52632
3320000 20 5.85000 25 88 145 0.90000 73 3.45000
3325000 18 6.55556 24 85 147 1.00000 74 3.83333
3330000 17 6.52941 21 83 135 0.88235 77 4.00000
3335000 15 7.53333 23 81 139 0.93333 74 4.60000
3340000 12 8.75000 22 81 140 1.00000 69 5.41667
3345000 14 7.71429 23 81 136 1.00000 72 4.71429
3350000 13 8.46154 26 79 137 1.00000 72 5.15385
3355000 16 7.25000 26 74 144 0.93750 68 4.12500
3360000 19 6.26316 22 76 134 0.84211 70 3.57895
3365000 15 8.20000 27 72 143 1.00000 73 4.73333
3370000 11 10.27273 24 81 140 1.00000 69 6.09091
3375000 12 9.16667 22 79 132 0.91667 73 5.58333
3380000 12 9.50000 22 76 148 1.00000 70 5.58333
3385000 13 8.38462 20 84 137 1.00000 72 5.23077
3390000 15 7.80000 22 84 149 1.00000 74 4.53333
3395000 16 7.12500 21 83 140 1.00000 71 4.18750
3400000 13 7.92308 23 98 136 0.92308 69 4.92308
3405000 18 6.50000 23 83 140 0.88889 71 3.72222
3410000 18 6.66667 23 82 144 0.88889 73 3.61111
3415000 16 7.00000 24 87 142 0.93750 68 3.87500
3420000 16 6.93750 21 85 129 0.93750 68 4.06250
3425000 20 5.60000 19 83 127 0.85000 71 3.40000
3430000 18 5.72222 18 79 124 0.88889 72 3.72222
3435000 17 6.00000 20 79 120 0.94118 71 4.00000
3440000 14 7.21429 25 81 123 0.85714 71 4.64286
3445000 15 7.06667 26 85 135 0.93333 72 4.13333
3450000 18 6.44444 34 76 141 0.94444 74 3.72222
3455000 18 6.77778 33 76 144 0.83333 72 3.72222
3460000 20 5.60000 29 84 137 0.95000 71 3.45000
3465000 17 6.29412 25 82 140 1.00000 72 3.76471
3470000 17 5.88235 24 94 133 0.94118 73 3.64706
3475000 15 6.66667 26 100 137 0.93333 70 4.13333
3480000 17 5.64706 23 99 127 0.88235 70 3.58824
3485000 15 6.40000 22 105 134 1.00000 71 4.06667
3490000 14 6.85714 21 95 138 1.00000 70 4.35714
3495000 16 6.37500 19 89 136 0.93750 66 3.68750
3500000 19 5.89474 19 86 138 0.89474 68 3.15789
3505000 18 6.00000 17 78 132 0.94444 66 3.44444
3510000 12 8.16667 19 96 138 1.00000 70 4.91667
3515000 15 6.86667 18 103 136 1.00000 70 4.20000
3520000 15 7.40000 22 102 145 1.00000 68 4.06667
3525000 19 6.05263 22 87 142 0.89474 71 3.47368
3530000 20 5.95000 21 81 142 0.90000 67 3.15000
3535000 17 6.47059 21 87 132 0.94118 70 3.64706
3540000 19 5.63158 21 79 129 0.89474 70 3.36842
3545000 16 6.43750 20 90 140 1.00000 71 4.06250
3550000 13 7.30769 22 90 118 1.00000 67 4.46154
3555000 18 6.38889 21 69 138 1.00000 67 3.44444
3560000 16 6.81250 20 70 136 0.93750 68 3.81250
3565000 17 6.47059 19 76 131 0.88235 68 3.70588
3570000 22 5.45455 19 75 133 0.86364 70 2.86364
3575000 19 6.10526 20 87 147 0.89474 69 3.36842
3580000 19 6.42105 21 87 156 1.00000 72 3.36842
3585000 17 6.88235 18 87 135 0.94118 69 3.64706
3590000 15 7.06667 17 95 130 0.80000 69 3.93333
3595000 17 6.58824 17 95 145 0.88235 72 3.64706
3600000 11 9.27273 18 102 131 1.00000 68 5.45455
3605000 18 6.22222 18 91 140 0.94444 66 3.33333
3610000 17 6.17647 17 96 140 0.88235 69 3.70588
3615000 15 7.00000 17 104 144 0.93333 66 4.00000
3620000 20 5.90000 19 100 154 0.95000 68 3.10000
3625000 19 6.26316 19 92 159 0.94737 72 3.31579
3630000 17 7.00000 23 90 151 1.00000 71 3.82353
3635000 19 6.52632 24 89 146 0.89474 74 3.42105
3640000 19 6.57895 23 95 149 1.00000 72 3.57895
3645000 16 7.62500 22 103 156 0.93750 72 4.06250
3650000 19 6.68421 22 94 150 0.94737 68 3.36842
3655000 17 7.52941 24 98 158 0.88235 70 3.70588
3660000 21 6.04762 23 91 145 0.80952 73 3.23810
3665000 17 7.17647 23 95 158 0.94118 73 3.82353
3670000 19 6.47368 23 89 151 0.89474 76 3.42105
3675000 17 6.70588 28 93 146 0.94118 71 3.70588
3680000 19 6.47368 28 89 146 0.94737 71 3.47368
3685000 18 6.83333 29 92 150 1.00000 69 3.50000
3690000 19 6.68421 31 86 148 0.84211 70 3.36842
3695000 13 8.92308 32 95 142 1.00000 71 5.00000
3700000 16 6.93750 30 98 137 0.81250 73 4.06250
3705000 16 6.81250 28 93 136 0.93750 70 3.93750
3710000 16 6.68750 23 97 134 0.93750 74 4.12500
3715000 16 7.06250 22 85 142 1.00000 74 4.12500
3720000 16 7.06250 21 79 144 1.00000 74 4.18750
3725000 15 7.00000 20 86 134 1.00000 70 4.26667
3730000 15 7.26667 23 89 142 1.00000 71 4.60000
3735000 15 7.33333 25 91 142 1.00000 70 4.40000
3740000 13 8.23077 24 91 135 1.00000 70 5.07692
3745000 16 6.62500 22 101 143 1.00000 75 4.31250
3750000 14 7.78571 24 99 143 0.92857 75 4.85714
3755000 14 7.92857 24 97 137 1.00000 71 4.92857
3760000 19 6.68421 23 76 144 0.94737 70 3.52632
3765000 19 6.36842 18 77 141 0.89474 69 3.47368
3770000 14 7.78571 18 85 144 1.00000 72 4.64286
3775000 16 6.75000 18 74 130 1.00000 74 4.37500
3780000 20 5.90000 19 74 147 0.90000 77 3.45000
3785000 19 6.42105 20 84 141 0.89474 75 3.63158
3790000 19 6.26316 24 90 141 1.00000 74 3.63158
3795000 17 6.70588 23 91 145 1.00000 74 3.94118
3800000 15 7.00000 19 91 134 1.00000 72 4.33333
3805000 21 5.14286 14 74 125 0.90476 71 3.14286
3810000 15 7.20000 17 81 131 0.93333 70 4.26667
3815000 15 7.00000 18 76 130 0.93333 74 4.33333
3820000 17 6.41176 18 77 141 0.88235 72 3.88235
3825000 15 7.06667 17 76 134 1.00000 71 4.40000
3830000 15 7.00000 19 80 135 0.93333 74 4.33333
3835000 13 8.23077 24 73 133 1.00000 73 4.92308
3840000 15 6.93333 21 89 128 1.00000 69 4.20000
3845000 17 6.17647 19 84 137 0.94118 71 3.70588
3850000 15 6.73333 14 90 129 0.93333 73 4.40000
3855000 15 7.06667 21 80 132 0.93333 70 4.40000
3860000 15 7.06667 22 81 127 0.93333 72 4.33333
3865000 16 6.43750 20 91 132 0.93750 76 4.12500
3870000 17 6.41176 19 87 136 0.94118 74 3.82353
3875000 15 6.73333 19 96 144 0.93333 77 4.40000
3880000 17 6.11765 19 90 136 1.00000 73 4.05882
3885000 18 5.88889 19 94 133 0.94444 69 3.77778
3890000 17 6.35294 20 90 134 0.88235 67 3.70588
3895000 18 6.11111 21 93 135 0.88889 70 3.72222
3900000 18 6.72222 20 90 146 0.83333 70 3.61111
3905000 17 7.05882 20 91 146 1.00000 72 3.94118
3910000 19 6.63158 22 82 140 0.89474 72 3.57895
3915000 19 7.00000 21 77 152 0.89474 71 3.52632
3920000 17 7.41176 24 80 148 0.94118 70 3.88235
3925000 17 7.17647 19 83 149 0.88235 71 3.82353
3930000 21 5.85714 18 81 149 0.90476 72 3.14286
3935000 18 6.38889 19 87 138 0.94444 68 3.55556
3940000 16 7.00000 19 80 138 0.87500 68 3.87500
3945000 18 6.38889 20 77 139 0.94444 69 3.50000
3950000 16 7.00000 19 84 145 1.00000 73 4.12500
3955000 21 5.76190 18 83 150 0.90476 73 3.09524
3960000 17 6.76471 17 92 141 0.88235 70 3.70588
3965000 18 6.61111 20 88 148 0.94444 72 3.55556
3970000 15 7.73333 23 94 143 1.00000 73 4.33333
3975000 17 6.70588 20 97 143 0.94118 73 3.82353
3980000 20 5.80000 18 92 139 1.00000 71 3.25000
3985000 17 6.52941 16 90 150 1.00000 72 3.76471
3990000 21 5.57143 17 86 147 0.95238 73 3.28571
3995000 18 6.27778 17 93 146 0.94444 75 3.61111
4000000 16 6.93750 16 97 148 1.00000 76 4.12500
4005000 20 5.60000 16 85 135 0.85000 72 3.15000
4010000 17 6.29412 16 94 135 1.00000 73 3.76471
4015000 17 6.58824 18 91 151 1.00000 72 3.70588
4020000 20 6.15000 20 85 154 0.90000 73 3.20000
4025000 23 5.47826 17 84 151 0.95652 75 2.91304
4030000 20 6.05000 20 91 157 1.00000 76 3.35000
4035000 19 6.52632 35 91 156 0.89474 78 3.57895
4040000 22 5.27273 20 94 153 1.00000 76 3.18182
4045000 24 5.37500 33 86 157 0.91667 76 2.83333
4050000 20 6.35000 36 88 156 1.00000 72 3.35000
4055000 19 6.52632 34 93 150 0.89474 72 3.47368
4060000 21 6.47619 36 88 166 0.90476 74 3.33333
4065000 16 8.00000 32 93 159 0.93750 72 4.12500
4070000 17 7.70588 32 80 150 0.94118 72 4.11765
4075000 15 8.46667 31 84 157 1.00000 68 4.33333
4080000 17 7.23529 28 86 150 0.94118 75 3.88235
4085000 16 7.68750 30 85 150 0.93750 72 4.06250
4090000 16 7.43750 29 75 143 1.00000 73 4.18750
4095000 14 8.07143 28 84 138 1.00000 77 4.85714
4100000 17 7.58824 27 72 148 0.88235 71 4.05882
4105000 19 6.78947 30 76 140 0.84211 73 3.68421
4110000 17 6.94118 28 76 142 1.00000 73 4.11765
4115000 17 6.82353 29 74 136 0.94118 73 4.11765
4120000 17 7.58824 31 70 153 0.94118 72 4.11765
4125000 14 8.50000 29 77 147 0.92857 70 4.78571
4130000 13 8.84615 27 84 141 1.00000 71 5.15385
4135000 18 6.72222 24 81 145 0.94444 72 3.83333
4140000 15 7.40000 19 72 138 1.00000 72 4.33333
4145000 13 8.15385 18 76 132 0.92308 72 4.76923
4150000 16 7.06250 21 73 135 0.87500 69 4.12500
4155000 16 7.68750 25 63 148 1.00000 73 4.43750
4160000 16 8.12500 25 67 147 0.87500 73 4.43750
4165000 16 7.81250 27 68 137 0.93750 75 4.50000
4170000 15 7.66667 25 77 144 1.00000 77 4.60000
4175000 15 7.86667 22 71 140 0.93333 74 4.80000
4180000 17 6.70588 20 76 140 1.00000 74 4.23529
4185000 13 8.69231 24 74 137 1.00000 74 5.38462
4190000 14 8.50000 25 73 145 0.92857 75 5.14286
4195000 13 8.53846 26 76 142 1.00000 73 5.38462
4200000 13 8.46154 26 79 140 1.00000 72 5.30769
4205000 13 8.69231 29 81 132 1.00000 71 5.30769
4210000 15 8.20000 30 78 143 0.86667 73 4.60000
4215000 16 7.56250 29 77 142 1.00000 72 4.31250
4220000 16 7.50000 25 75 143 1.00000 74 4.50000
4225000 15 8.00000 22 75 146 1.00000 75 4.66667
4230000 17 7.00000 22 79 143 0.94118 71 3.76471
4235000 17 6.82353 23 79 141 0.88235 73 3.82353
4240000 17 7.00000 24 78 146 0.94118 76 4.05882
4245000 17 6.88235 23 76 153 1.00000 74 4.17647
4250000 18 6.72222 22 66 141 1.00000 75 4.00000
4255000 18 6.22222 22 74 127 0.88889 70 3.66667
4260000 15 6.80000 20 80 129 1.00000 71 4.13333
4265000 16 6.25000 15 83 125 0.93750 73 4.06250
4270000 18 5.77778 14 73 126 0.94444 72 3.66667
4275000 15 6.93333 17 77 136 1.00000 71 4.26667
4280000 14 8.00000 20 78 138 0.92857 73 4.50000
4285000 16 7.12500 16 70 138 1.00000 73 4.00000
4290000 21 5.52381 17 62 132 0.90476 73 3.14286
4295000 16 6.43750 14 72 132 1.00000 74 4.00000
4300000 19 5.63158 15 82 137 1.00000 75 3.68421
4305000 18 5.88889 17 92 135 0.88889 74 3.61111
4310000 17 6.11765 15 103 137 0.88235 72 3.64706
4315000 19 5.94737 16 89 136 0.89474 72 3.26316
4320000 16 6.87500 17 99 150 1.00000 70 3.87500
4325000 15 8.06667 17 80 144 1.00000 72 4.53333
4330000 16 7.56250 18 90 152 1.00000 73 4.12500
4335000 19 6.89474 25 77 154 0.94737 75 3.52632
4340000 16 7.37500 22 83 153 1.00000 77 4.18750
4345000 15 8.13333 21 85 140 1.00000 72 4.53333
4350000 20 6.15000 18 78 141 0.85000 76 3.60000
4355000 16 7.12500 17 85 137 1.00000 76 4.37500
4360000 16 7.56250 20 86 142 1.00000 75 4.50000
4365000 21 5.80952 21 84 133 0.80952 76 3.57143
4370000 16 7.00000 21 85 142 1.00000 76 4.56250
4375000 16 7.06250 21 76 132 0.93750 77 4.56250
4380000 15 7.13333 22 80 125 1.00000 75 4.86667
4385000 16 6.81250 23 79 132 0.93750 77 4.50000
4390000 16 7.06250 26 88 139 0.87500 78 4.62500
4395000 19 6.21053 24 80 144 0.78947 77 3.78947
4400000 15 7.66667 23 84 135 0.93333 75 4.60000
4405000 15 7.60000 23 89 141 1.00000 73 4.40000
4410000 14 7.92857 24 90 146 0.92857 74 4.64286
4415000 17 7.11765 27 76 146 1.00000 74 4.00000
4420000 15 7.46667 25 85 142 1.00000 76 4.66667
4425000 20 5.95000 23 72 145 0.95000 73 3.50000
4430000 19 6.15789 22 69 138 1.00000 71 3.63158
4435000 15 7.46667 23 81 135 1.00000 72 4.46667
4440000 18 6.77778 22 74 145 0.94444 74 3.88889
4445000 16 6.68750 20 84 132 0.81250 73 4.00000
4450000 18 6.33333 19 83 135 0.88889 69 3.66667
4455000 16 6.37500 16 95 131 0.93750 71 4.18750
4460000 17 6.00000 15 92 132 1.00000 71 4.00000
4465000 19 5.52632 14 90 128 1.00000 69 3.52632
4470000 16 6.18750 15 91 121 0.93750 70 4.00000
4475000 19 5.89474 17 83 141 0.94737 74 3.47368
4480000 18 6.11111 18 83 136 1.00000 72 3.66667
4485000 17 6.52941 26 87 144 0.94118 70 3.82353
4490000 18 6.44444 18 82 143 1.00000 74 3.77778
4495000 21 5.61905 16 79 138 0.90476 71 3.23810
4500000 15 7.06667 16 87 137 1.00000 72 4.00000
4505000 15 6.93333 19 79 134 0.86667 72 4.26667
4510000 14 7.28571 23 86 130 1.00000 71 4.57143
4515000 16 6.75000 23 83 135 0.93750 72 4.12500
4520000 19 5.84211 22 89 144 0.84211 71 3.31579
4525000 16 6.93750 23 97 143 0.93750 71 4.06250
4530000 16 7.00000 22 93 145 0.93750 73 4.12500
4535000 19 5.89474 22 94 136 0.89474 77 3.57895
4540000 19 6.10526 19 78 140 0.94737 73 3.63158
4545000 21 6.14286 23 71 152 0.90476 74 3.38095
4550000 18 7.05556 24 73 149 1.00000 73 4.00000
4555000 20 6.65000 23 70 146 0.95000 72 3.50000
4560000 18 7.11111 24 79 144 0.94444 74 3.94444
4565000 18 6.88889 23 75 141 0.88889 74 3.94444
4570000 16 7.56250 23 85 149 0.93750 74 4.37500
4575000 17 7.05882 21 83 137 0.88235 72 3.94118
4580000 14 8.42857 21 89 148 1.00000 70 4.57143
4585000 19 6.21053 19 81 143 0.94737 71 3.52632
4590000 16 6.87500 16 81 138 0.93750 70 4.06250
4595000 17 6.64706 20 78 137 1.00000 75 4.17647
4600000 18 6.77778 18 79 140 0.94444 73 3.88889
4605000 16 7.31250 19 92 148 0.87500 73 4.00000
4610000 19 6.57895 18 81 148 0.89474 71 3.47368
4615000 19 7.05263 18 70 156 0.89474 69 3.42105
4620000 19 6.84211 18 69 143 0.89474 74 3.42105
4625000 18 7.16667 18 75 158 0.94444 73 3.55556
4630000 16 7.56250 19 87 153 1.00000 71 3.87500
4635000 17 7.35294 20 86 155 0.94118 71 3.82353
4640000 17 7.29412 19 83 155 0.88235 71 3.82353
4645000 18 6.88889 20 92 161 1.00000 70 3.66667
4650000 15 7.93333 19 92 148 1.00000 67 4.20000
4655000 17 6.82353 18 93 141 0.88235 69 3.82353
4660000 18 6.55556 17 91 151 0.94444 71 3.66667
4665000 19 6.21053 19 84 138 0.89474 69 3.52632
4670000 16 7.18750 20 95 151 0.93750 71 3.93750
4675000 21 5.95238 17 77 144 0.85714 71 3.04762
4680000 19 6.57895 22 92 153 0.89474 75 3.52632
4685000 17 7.00000 22 91 149 0.94118 72 3.88235
4690000 15 7.86667 22 88 150 1.00000 70 4.33333
4695000 15 8.26667 23 86 149 1.00000 68 4.33333
4700000 19 6.78947 22 85 156 1.00000 73 3.52632
4705000 18 7.33333 23 82 161 0.94444 78 3.83333
4710000 19 6.78947 22 75 148 0.94737 76 3.57895
4715000 16 7.62500 23 74 148 1.00000 73 4.06250
4720000 14 8.71429 24 79 154 0.92857 75 4.50000
4725000 17 7.29412 22 77 146 0.94118 70 3.88235
4730000 14 8.64286 23 84 151 1.00000 72 4.78571
4735000 16 7.81250 23 74 150 0.87500 71 4.06250
4740000 17 7.41176 24 72 145 0.94118 69 3.88235
4745000 17 6.94118 22 66 142 1.00000 69 3.94118
4750000 17 6.17647 21 76 137 1.00000 76 4.00000
4755000 18 5.83333 21 80 127 0.94444 70 3.50000
4760000 17 6.05882 20 84 129 0.82353 72 3.82353
4765000 14 6.78571 22 93 121 1.00000 71 4.57143
4770000 19 5.68421 17 80 125 0.89474 71 3.42105
4775000 20 5.50000 15 87 138 0.85000 70 3.30000
4780000 22 4.95455 13 86 132 0.86364 72 3.04545
4785000 21 5.28571 13 86 139 0.90476 72 3.23810
4790000 21 5.76190 13 84 143 0.90476 73 3.23810
4795000 20 5.10000 13 97 129 1.00000 72 3.40000
4800000 17 5.94118 16 88 121 0.88235 69 3.88235
4805000 18 5.27778 13 91 124 0.94444 70 3.66667
4810000 17 5.41176 16 89 120 0.94118 68 3.76471
4815000 16 5.87500 14 95 119 0.93750 68 3.43750
4820000 16 5.50000 11 93 121 1.00000 65 3.50000
4825000 18 5.44444 14 89 124 1.00000 66 3.44444
4830000 18 5.61111 14 96 135 0.94444 70 3.55556
4835000 18 5.61111 14 93 121 1.00000 69 3.55556
4840000 19 5.47368 17 88 132 0.78947 69 3.26316
4845000 18 5.55556 18 85 129 0.88889 69 3.50000
4850000 18 6.16667 22 91 132 0.94444 72 3.38889
4855000 13 7.38462 20 91 124 0.92308 59 4.07692
4860000 15 6.86667 20 81 122 0.93333 66 3.80000
4865000 13 7.15385 18 93 129 1.00000 65 4.38462
4870000 17 5.76471 16 87 134 0.94118 66 3.35294
4875000 15 7.00000 17 84 140 1.00000 70 3.86667
4880000 15 7.06667 18 93 143 1.00000 72 4.00000
4885000 17 6.47059 18 84 138 1.00000 71 3.82353
4890000 20 5.55000 17 87 146 0.85000 74 3.30000
4895000 20 5.65000 18 82 141 1.00000 74 3.40000
4900000 22 5.45455 17 82 138 0.81818 77 3.22727
4905000 17 7.29412 24 83 151 0.94118 76 4.11765
4910000 17 6.88235 23 91 152 0.94118 76 4.00000
4915000 17 6.94118 22 78 145 1.00000 75 4.05882
4920000 19 6.47368 21 83 155 1.00000 76 3.63158
4925000 17 7.00000 22 80 148 1.00000 74 3.94118
4930000 18 6.50000 20 75 146 0.94444 76 3.94444
4935000 17 7.05882 19 77 138 1.00000 71 4.00000
4940000 15 7.53333 17 92 143 1.00000 74 4.60000
4945000 17 7.05882 16 87 144 0.94118 73 4.11765
4950000 15 8.00000 17 79 135 0.86667 72 4.40000
4955000 17 6.76471 17 83 141 0.88235 69 4.00000
4960000 17 6.64706 15 80 132 0.94118 71 4.00000
4965000 17 6.70588 14 83 127 0.88235 71 4.00000
4970000 16 7.18750 17 93 138 0.87500 70 4.12500
4975000 15 7.53333 16 94 146 1.00000 74 4.46667
4980000 19 6.31579 19 86 140 0.84211 74 3.57895
4985000 17 6.82353 17 89 139 1.00000 74 4.11765
4990000 20 6.40000 17 73 154 0.95000 71 3.40000
4995000 17 7.29412 21 75 151 1.00000 77 4.05882
5000000 17 7.00000 21 79 149 1.00000 74 3.94118
5005000 18 6.44444 19 81 137 1.00000 73 3.77778
5010000 18 6.72222 22 81 150 1.00000 72 3.66667
5015000 18 6.33333 20 84 139 0.94444 69 3.77778
5020000 19 6.00000 18 73 133 0.94737 69 3.42105
5025000 15 6.86667 17 79 127 0.93333 71 4.13333
5030000 18 6.05556 19 74 129 0.94444 71 3.66667
5035000 18 5.94444 18 80 129 0.94444 70 3.55556
5040000 16 6.43750 17 79 130 0.93750 70 4.00000
5045000 15 6.86667 19 86 126 1.00000 72 4.13333
5050000 17 6.64706 20 81 136 0.94118 72 3.88235
5055000 18 6.77778 21 75 141 0.94444 71 3.66667
5060000 15 7.00000 22 84 133 0.93333 71 4.06667
5065000 17 6.23529 22 97 144 0.94118 71 3.58824
5070000 18 6.05556 22 91 140 0.88889 71 3.44444
5075000 22 5.50000 24 92 139 0.90909 69 2.77273
5080000 20 6.15000 24 80 146 0.95000 69 3.10000
5085000 20 6.15000 25 86 148 1.00000 71 3.30000
5090000 17 6.47059 21 91 143 1.00000 71 3.64706
5095000 18 5.94444 19 93 137 1.00000 70 3.72222
5100000 20 5.70000 17 86 133 0.90000 71 3.25000
5105000 17 6.47059 25 93 144 0.88235 68 3.76471
5110000 20 5.60000 24 85 137 0.90000 67 3.10000
5115000 15 6.66667 20 104 137 1.00000 67 3.86667
5120000 16 6.50000 21 102 144 0.93750 72 3.93750
5125000 15 7.80000 27 83 142 1.00000 71 4.40000
5130000 15 7.80000 26 77 144 1.00000 70 4.33333
5135000 13 8.23077 25 80 134 1.00000 71 4.92308
5140000 16 7.18750 28 83 145 0.87500 76 3.93750
5145000 18 6.38889 27 88 146 0.88889 73 3.50000
5150000 18 6.50000 22 86 142 0.94444 70 3.50000
5155000 17 6.23529 20 92 132 1.00000 74 3.88235
5160000 19 5.89474 18 79 143 1.00000 75 3.57895
5165000 18 6.00000 21 83 129 0.88889 72 3.66667
5170000 16 6.50000 19 91 135 0.93750 75 4.06250
5175000 19 5.94737 20 88 139 1.00000 74 3.68421
5180000 20 5.70000 22 87 139 0.95000 74 3.55000
5185000 20 5.75000 19 82 130 0.95000 69 3.30000
5190000 18 6.33333 22 90 141 1.00000 71 3.61111
5195000 19 6.05263 21 83 139 0.94737 69 3.42105
5200000 20 6.00000 22 81 142 0.80000 72 3.30000
5205000 18 6.72222 22 86 142 0.94444 71 3.66667
5210000 21 5.90476 25 76 148 0.95238 71 3.09524
5215000 16 7.50000 28 79 143 1.00000 72 4.12500
5220000 19 6.68421 27 70 143 0.94737 71 3.57895
5225000 20 6.55000 27 72 150 0.90000 74 3.55000
5230000 21 6.14286 25 73 150 0.85714 77 3.42857
5235000 19 6.89474 27 78 159 1.00000 78 3.78947
5240000 17 7.29412 29 84 153 1.00000 74 4.05882
5245000 15 8.13333 28 77 153 1.00000 73 4.53333
5250000 17 7.05882 26 86 147 0.94118 72 4.00000
5255000 18 7.05556 24 74 150 1.00000 75 3.88889
5260000 15 8.00000 23 82 150 1.00000 71 4.53333
5265000 16 7.62500 27 81 157 1.00000 75 4.31250
5270000 18 6.88889 28 80 149 0.94444 75 4.00000
5275000 19 6.42105 25 76 139 0.84211 75 3.57895
5280000 16 7.31250 26 80 139 0.87500 74 4.18750
5285000 17 6.88235 26 85 141 0.88235 71 3.94118
5290000 17 7.29412 28 86 151 0.94118 74 4.00000
5295000 18 7.11111 26 81 156 0.94444 71 3.77778
5300000 18 7.61111 27 74 171 1.00000 74 3.88889
5305000 21 6.28571 27 75 156 1.00000 74 3.38095
5310000 17 8.11765 30 79 162 0.88235 74 4.11765
5315000 18 7.33333 28 80 152 0.94444 76 3.88889
5320000 19 6.94737 28 75 157 0.94737 75 3.73684
5325000 17 7.17647 29 76 143 1.00000 75 4.17647
5330000 17 7.70588 29 81 153 0.88235 70 3.94118
5335000 15 8.13333 27 88 147 0.93333 71 4.40000
5340000 16 7.93750 25 75 158 0.93750 73 4.25000
5345000 17 7.35294 25 72 147 0.94118 75 3.94118
5350000 16 7.75000 26 71 148 0.93750 74 4.25000
5355000 17 7.47059 26 66 147 1.00000 75 4.11765
5360000 19 6.78947 28 58 152 0.89474 74 3.68421
5365000 17 7.76471 28 66 155 1.00000 74 4.11765
5370000 15 8.60000 32 77 151 1.00000 74 4.66667
5375000 13 9.07692 27 82 147 1.00000 74 5.07692
5380000 12 9.16667 28 82 148 1.00000 74 5.41667
5385000 16 7.31250 28 83 142 0.81250 72 3.93750
5390000 15 8.60000 30 85 162 1.00000 73 4.46667
5395000 16 7.81250 27 83 143 0.81250 74 4.00000
5400000 13 8.69231 27 90 144 1.00000 71 5.00000
5405000 17 6.70588 22 86 144 1.00000 71 4.00000
5410000 17 6.47059 19 87 139 1.00000 75 3.94118
5415000 20 5.95000 21 81 151 0.95000 75 3.50000
5420000 19 6.36842 20 86 149 0.94737 73 3.52632
5425000 20 5.80000 19 88 140 0.90000 73 3.20000
5430000 20 5.95000 18 92 141 0.85000 72 3.30000
5435000 18 6.44444 19 91 150 0.94444 74 3.77778
5440000 16 7.31250 21 88 151 1.00000 73 4.12500
5445000 16 7.43750 21 92 143 0.87500 71 4.00000
5450000 17 6.70588 24 95 137 0.82353 72 3.88235
5455000 17 6.23529 21 102 136 0.82353 70 3.82353
5460000 17 6.52941 22 99 136 0.94118 73 4.00000
5465000 17 6.64706 22 94 151 0.94118 74 4.00000
5470000 18 6.61111 25 85 141 0.83333 71 3.61111
5475000 18 6.44444 23 85 139 0.94444 71 3.66667
5480000 20 6.05000 26 87 142 0.85000 72 3.40000
5485000 19 6.57895 27 90 155 0.89474 74 3.42105
5490000 21 6.04762 22 86 151 0.85714 73 3.14286
5495000 18 6.61111 25 97 147 0.94444 77 3.61111
5500000 13 8.15385 23 98 144 1.00000 75 4.84615
5505000 17 6.94118 23 93 154 0.94118 76 4.00000
5510000 19 6.42105 23 82 148 0.94737 76 3.68421
5515000 16 7.37500 21 85 154 1.00000 72 3.93750
5520000 15 7.66667 23 78 146 1.00000 69 4.13333
5525000 19 6.42105 23 73 149 1.00000 68 3.36842
5530000 14 8.07143 22 76 137 1.00000 70 4.35714
5535000 16 7.06250 30 60 137 0.87500 72 3.81250
5540000 16 7.25000 30 72 142 1.00000 70 3.81250
5545000 13 8.46154 29 85 134 1.00000 66 4.46154
5550000 17 6.35294 29 83 132 0.88235 69 3.52941
5555000 16 6.50000 27 96 142 1.00000 70 3.68750
5560000 22 4.90909 22 79 136 0.95455 71 2.86364
5565000 18 6.16667 22 81 145 1.00000 76 3.55556
5570000 18 6.16667 24 89 144 1.00000 74 3.50000
5575000 21 5.57143 24 81 139 0.85714 74 3.14286
5580000 18 6.33333 25 88 145 1.00000 70 3.66667
5585000 18 6.33333 24 87 137 0.88889 68 3.50000
5590000 18 6.33333 27 84 136 0.88889 74 3.77778
5595000 15 6.86667 27 91 140 1.00000 70 4.26667
5600000 13 8.30769 26 97 138 0.92308 69 4.92308
5605000 14 8.21429 28 87 143 1.00000 72 4.64286
5610000 18 6.94444 27 81 148 0.88889 74 3.72222
5615000 20 6.15000 29 82 140 0.85000 71 3.30000
5620000 17 6.47059 26 97 141 0.94118 73 3.76471
5625000 19 6.15789 28 84 143 0.94737 70 3.36842
5630000 18 6.50000 29 82 150 1.00000 71 3.55556
5635000 20 6.40000 30 85 155 0.90000 71 3.25000
5640000 21 6.19048 29 92 159 0.90476 72 3.00000
5645000 19 6.68421 30 83 158 1.00000 72 3.31579
5650000 22 5.86364 28 72 150 1.00000 69 2.90909
5655000 22 5.68182 25 69 144 1.00000 73 3.04545
5660000 19 6.15789 21 82 144 0.84211 70 3.47368
5665000 15 7.26667 20 90 141 0.93333 70 4.40000
5670000 14 8.21429 21 90 149 1.00000 70 4.42857
5675000 14 8.42857 21 97 154 0.78571 71 4.35714
5680000 17 7.64706 23 90 150 0.82353 72 3.76471
5685000 19 6.84211 23 87 156 0.89474 74 3.57895
5690000 16 7.37500 24 88 150 0.93750 75 4.12500
5695000 15 8.00000 25 90 155 0.93333 71 4.20000
5700000 16 7.75000 24 88 158 0.93750 71 4.00000
5705000 17 7.41176 27 86 150 0.82353 72 3.70588
5710000 15 7.60000 23 91 147 1.00000 73 4.06667
5715000 17 6.94118 24 79 142 0.94118 69 3.82353
5720000 17 7.35294 24 73 148 0.88235 71 3.94118
5725000 15 8.40000 23 78 153 1.00000 75 4.40000
5730000 14 8.57143 22 83 143 1.00000 73 4.64286
5735000 15 8.00000 21 87 155 0.93333 73 4.33333
5740000 18 6.94444 21 86 153 0.88889 72 3.72222
5745000 19 6.57895 20 86 146 0.89474 69 3.42105
5750000 17 7.47059 22 85 154 0.88235 71 3.88235
5755000 16 7.43750 20 95 150 0.87500 70 4.18750
5760000 16 7.68750 22 92 152 0.87500 70 4.06250
5765000 17 7.23529 23 86 142 0.82353 70 3.82353
5770000 14 7.78571 23 96 140 1.00000 69 4.71429
5775000 18 6.94444 25 83 151 0.88889 73 3.66667
5780000 16 7.43750 27 76 148 0.93750 75 4.18750
5785000 20 6.05000 24 67 134 0.85000 71 3.15000
5790000 14 7.50000 22 85 131 0.92857 71 4.50000
5795000 18 6.16667 20 81 138 1.00000 72 3.61111
5800000 18 6.50000 22 82 140 1.00000 75 3.72222
5805000 16 7.31250 23 88 149 1.00000 73 4.18750
5810000 18 6.61111 19 85 143 0.83333 71 3.61111
5815000 19 6.42105 18 82 152 0.94737 75 3.57895
5820000 19 6.63158 17 81 150 1.00000 75 3.68421
5825000 19 6.47368 17 80 146 0.89474 77 3.63158
5830000 22 5.63636 19 87 147 0.95455 74 3.13636
5835000 18 6.22222 20 97 146 0.94444 78 3.77778
5840000 22 5.50000 22 90 153 0.95455 75 3.13636
5845000 17 6.76471 28 94 136 0.88235 72 3.70588
5850000 15 7.33333 27 101 136 0.93333 73 4.33333
5855000 15 7.40000 28 84 137 1.00000 71 4.53333
5860000 13 8.15385 30 92 144 1.00000 73 5.00000
5865000 14 7.50000 28 85 131 0.85714 72 4.64286
5870000 16 7.00000 31 77 134 0.93750 67 4.06250
5875000 14 7.71429 30 83 137 0.85714 67 4.28571
5880000 14 7.28571 28 87 129 0.92857 71 4.50000
5885000 16 6.62500 27 83 132 1.00000 71 3.93750
5890000 18 6.16667 28 75 138 0.94444 70 3.55556
5895000 16 6.87500 24 87 137 1.00000 70 3.87500
5900000 16 7.06250 24 77 151 0.93750 73 3.87500
5905000 18 6.16667 23 87 141 0.88889 66 3.38889
5910000 16 6.81250 24 92 138 1.00000 70 4.00000
5915000 16 6.75000 23 88 134 0.93750 69 3.93750
5920000 17 6.58824 23 93 138 0.94118 70 3.70588
5925000 13 8.53846 22 87 144 1.00000 67 4.61538
5930000 20 6.15000 21 75 148 0.85000 75 3.25000
5935000 20 6.00000 20 83 141 1.00000 70 3.40000
5940000 18 6.27778 18 83 137 0.94444 70 3.55556
5945000 15 6.86667 17 96 137 0.93333 69 4.06667
5950000 17 6.58824 23 86 140 0.94118 74 3.64706
5955000 18 6.61111 22 78 153 1.00000 73 3.72222
5960000 15 7.13333 21 94 139 1.00000 71 4.20000
5965000 15 6.86667 20 100 136 1.00000 73 4.20000
5970000 18 6.05556 19 92 136 0.88889 73 3.55556
5975000 17 5.94118 18 84 128 0.82353 71 3.58824
5980000 16 6.75000 22 84 134 1.00000 69 3.93750
5985000 15 7.13333 22 87 142 0.93333 69 3.80000
5990000 15 7.46667 22 80 133 0.93333 69 3.86667
5995000 14 7.85714 22 88 139 0.92857 71 4.14286
6000000 18 6.55556 20 90 152 0.88889 72 3.44444
6005000 22 5.63636 20 80 145 0.86364 73 3.00000
6010000 20 6.00000 20 81 145 0.95000 72 3.35000
6015000 17 6.41176 17 83 142 0.94118 72 3.58824
6020000 14 7.57143 16 96 139 1.00000 70 4.50000
6025000 13 8.30769 16 89 129 1.00000 68 4.84615
6030000 15 7.33333 17 84 136 1.00000 70 4.26667
6035000 19 5.89474 15 84 141 0.89474 71 3.42105
6040000 18 6.00000 17 90 136 0.88889 70 3.55556
6045000 17 6.29412 17 93 133 0.88235 67 3.58824
6050000 14 7.14286 17 104 131 1.00000 69 4.21429
6055000 16 6.37500 14 104 131 0.87500 67 3.62500
6060000 17 6.64706 20 96 146 0.82353 67 3.47059
6065000 18 6.33333 18 94 143 1.00000 69 3.66667
6070000 11 8.81818 16 106 134 1.00000 68 5.36364
6075000 13 7.76923 16 97 135 1.00000 71 4.69231
6080000 14 7.57143 16 98 140 0.92857 72 4.21429
6085000 15 7.40000 15 97 148 0.93333 73 4.26667
6090000 13 8.84615 19 99 145 1.00000 69 4.84615
6095000 17 6.52941 16 98 146 0.94118 72 3.82353
6100000 20 5.70000 19 82 142 0.90000 71 3.35000
6105000 18 6.66667 21 83 137 0.88889 67 3.38889
6110000 15 7.20000 23 92 133 0.86667 66 4.06667
6115000 20 5.80000 25 83 137 0.95000 68 3.20000
6120000 17 6.29412 25 99 140 0.94118 68 3.64706
6125000 22 5.45455 28 88 141 0.90909 66 2.81818
6130000 16 6.87500 29 96 136 0.93750 62 3.37500
6135000 16 6.50000 30 101 127 0.81250 65 3.50000
6140000 21 5.66667 30 84 136 0.85714 68 2.95238
6145000 16 6.68750 31 93 142 1.00000 68 3.68750
6150000 21 5.71429 31 80 140 1.00000 73 3.28571
6155000 16 7.18750 30 79 145 1.00000 73 4.12500
6160000 18 6.44444 27 73 141 1.00000 73 3.72222
6165000 14 7.92857 27 82 142 1.00000 71 4.50000
6170000 17 6.64706 23 77 135 0.94118 68 3.76471
6175000 19 5.68421 19 75 126 0.89474 64 3.15789
6180000 16 6.25000 17 81 123 0.93750 63 3.50000
6185000 17 6.35294 19 91 131 0.94118 69 3.58824
6190000 14 7.35714 21 94 135 1.00000 71 4.21429
6195000 13 7.76923 19 99 133 1.00000 72 4.69231
6200000 20 5.75000 22 84 146 0.85000 76 3.30000
6205000 19 6.26316 23 76 145 0.94737 70 3.47368
6210000 17 6.58824 21 79 147 1.00000 72 3.94118
6215000 17 6.47059 20 89 138 0.94118 72 3.82353
6220000 16 6.87500 22 93 144 0.93750 75 4.06250
6225000 20 5.85000 22 96 154 0.95000 74 3.30000
6230000 18 6.88889 24 94 153 0.88889 74 3.55556
6235000 20 6.80000 25 83 161 0.90000 74 3.35000
6240000 19 6.84211 24 91 147 0.89474 71 3.47368
6245000 21 6.47619 26 88 159 0.90476 74 3.28571
6250000 19 6.94737 25 85 159 1.00000 75 3.57895
6255000 17 7.76471 24 86 153 0.94118 73 3.88235
6260000 16 7.93750 24 91 158 0.93750 74 4.31250
6265000 18 6.94444 23 86 155 0.88889 72 3.83333
6270000 19 6.52632 19 72 144 0.89474 74 3.68421
6275000 17 7.29412 21 76 151 0.94118 75 4.00000
6280000 18 6.83333 21 77 147 1.00000 73 3.83333
6285000 17 6.94118 19 80 140 1.00000 75 3.94118
6290000 19 5.94737 18 92 143 0.94737 72 3.52632
6295000 19 6.42105 20 92 146 0.94737 73 3.57895
6300000 19 6.73684 20 79 147 0.94737 70 3.47368
6305000 16 7.68750 20 77 145 0.93750 64 3.81250
6310000 16 7.18750 15 79 136 1.00000 70 4.00000
6315000 16 6.87500 14 78 135 0.93750 70 3.93750
6320000 19 5.89474 14 80 138 0.94737 72 3.36842
6325000 21 5.47619 14 77 139 0.80952 73 2.95238
6330000 19 5.73684 13 77 130 0.89474 69 3.31579
6335000 19 5.84211 15 87 139 1.00000 70 3.47368
6340000 17 6.41176 15 87 139 1.00000 71 3.70588
6345000 20 5.75000 14 77 139 0.95000 71 3.25000
6350000 17 6.52941 14 75 136 1.00000 69 3.52941
6355000 20 5.65000 14 76 139 0.90000 68 3.05000
6360000 18 5.94444 14 83 142 1.00000 71 3.50000
6365000 21 5.28571 14 81 143 0.95238 71 3.19048
6370000 24 5.16667 15 67 143 1.00000 72 2.83333
6375000 21 5.38095 17 81 129 0.85714 73 2.95238
6380000 16 6.62500 17 87 139 1.00000 71 3.75000
6385000 17 7.05882 21 81 146 1.00000 75 3.82353
6390000 24 5.54167 21 76 146 0.91667 74 2.83333
6395000 21 5.80952 20 82 144 1.00000 72 3.23810
6400000 15 7.53333 19 95 142 0.93333 69 4.13333
6405000 20 6.10000 21 89 148 1.00000 75 3.45000
6410000 22 5.72727 22 87 151 0.95455 77 3.22727
6415000 20 6.40000 22 84 160 1.00000 77 3.35000
6420000 18 6.88889 22 88 150 0.83333 75 3.66667
6425000 18 6.83333 24 79 150 0.83333 73 3.61111
6430000 18 6.72222 26 92 154 0.94444 73 3.72222
6435000 21 6.47619 26 79 167 1.00000 72 3.28571
6440000 19 6.89474 25 79 161 1.00000 76 3.68421
6445000 21 6.28571 24 79 162 1.00000 77 3.38095
6450000 18 7.16667 21 75 158 1.00000 74 3.83333
6455000 20 6.60000 22 71 161 1.00000 74 3.50000
6460000 19 6.73684 22 75 144 0.94737 71 3.63158
6465000 16 7.50000 23 74 147 1.00000 69 4.12500
6470000 16 7.00000 22 79 144 0.93750 74 3.93750
6475000 15 7.93333 24 70 152 0.93333 71 4.13333
6480000 15 7.60000 21 68 142 0.93333 71 4.06667
6485000 15 7.46667 21 76 141 1.00000 71 4.26667
6490000 17 7.00000 25 75 147 0.94118 71 3.82353
6495000 20 5.85000 23 78 135 0.90000 72 3.30000
6500000 17 6.35294 22 84 137 0.94118 72 3.64706
6505000 20 5.35000 21 86 127 0.90000 72 3.20000
6510000 20 5.30000 21 87 129 0.90000 72 3.20000
6515000 16 6.37500 22 91 136 1.00000 73 3.87500
6520000 16 6.18750 21 94 139 0.93750 71 3.62500
6525000 18 5.55556 19 85 120 0.94444 68 3.33333
6530000 25 4.56000 15 74 133 0.84000 68 2.64000
6535000 25 4.40000 16 86 136 0.92000 73 2.64000
6540000 20 5.30000 15 89 129 0.90000 72 3.25000
6545000 19 5.63158 15 87 136 0.94737 75 3.47368
6550000 19 5.68421 15 83 135 1.00000 77 3.57895
6555000 15 7.00000 16 81 132 1.00000 70 4.40000
6560000 19 6.31579 16 72 138 1.00000 74 3.57895
6565000 15 7.46667 18 88 142 1.00000 70 4.40000
6570000 18 6.44444 18 94 148 0.94444 72 3.61111
6575000 14 7.92857 19 99 142 1.00000 73 4.42857
6580000 20 6.50000 19 82 153 0.95000 75 3.45000
6585000 20 6.30000 19 79 151 0.80000 77 3.40000
6590000 17 7.00000 20 89 142 0.94118 75 3.94118
6595000 17 6.94118 17 92 144 1.00000 73 3.82353
6600000 17 7.05882 20 89 147 0.94118 71 3.70588
6605000 18 6.61111 20 83 151 0.94444 71 3.55556
6610000 18 6.72222 19 76 142 0.94444 68 3.55556
6615000 19 6.63158 20 80 146 0.84211 71 3.42105
6620000 14 8.35714 20 90 148 1.00000 71 4.42857
6625000 16 7.81250 22 74 157 1.00000 72 3.87500
6630000 20 6.30000 23 75 148 0.85000 71 3.20000
6635000 19 6.68421 27 74 151 0.89474 71 3.42105
6640000 13 8.76923 30 85 144 0.84615 66 4.46154
6645000 15 8.46667 29 74 148 1.00000 67 4.26667
6650000 14 8.35714 25 88 145 1.00000 75 4.50000
6655000 16 7.62500 25 92 151 0.93750 74 3.93750
6660000 17 7.47059 26 81 158 0.94118 71 3.88235
6665000 14 8.42857 23 81 146 0.92857 68 4.42857
6670000 16 8.00000 25 73 152 1.00000 71 4.12500
6675000 17 7.41176 23 76 151 0.94118 70 3.94118
6680000 16 7.31250 20 85 146 0.93750 73 3.93750
6685000 16 7.37500 22 76 145 1.00000 74 4.06250
6690000 13 8.00000 18 80 139 1.00000 76 4.76923
6695000 13 8.07692 19 84 139 1.00000 71 4.76923
6700000 14 7.71429 20 81 139 1.00000 73 4.42857
6705000 14 7.64286 20 88 135 1.00000 71 4.50000
6710000 13 8.53846 20 80 132 1.00000 69 4.92308
6715000 16 7.12500 19 86 150 1.00000 71 4.12500
6720000 17 6.76471 18 78 138 1.00000 72 3.94118
6725000 18 6.55556 19 72 139 0.88889 70 3.72222
6730000 15 7.33333 16 88 137 1.00000 73 4.33333
6735000 15 7.26667 16 92 142 0.93333 71 4.33333
6740000 14 7.35714 16 100 131 0.92857 72 4.50000
6745000 19 5.84211 14 94 143 0.94737 74 3.63158
6750000 16 6.81250 15 91 133 1.00000 75 4.31250
6755000 17 6.29412 14 100 135 0.82353 74 3.82353
6760000 15 7.40000 16 93 140 0.93333 73 4.33333
6765000 17 6.70588 16 92 141 0.88235 70 3.82353
6770000 16 7.43750 19 88 157 1.00000 74 4.18750
6775000 15 7.60000 20 87 148 1.00000 73 4.46667
6780000 15 8.00000 20 78 149 1.00000 74 4.60000
6785000 16 7.31250 19 83 147 0.87500 71 4.00000
6790000 16 7.12500 20 79 138 0.81250 70 4.00000
6795000 18 6.05556 19 83 141 1.00000 68 3.61111
6800000 20 6.00000 20 76 149 0.95000 70 3.30000
6805000 20 6.10000 21 69 145 1.00000 74 3.45000
6810000 17 6.64706 19 94 149 1.00000 75 4.00000
6815000 17 7.05882 19 94 145 0.94118 74 3.82353
6820000 18 6.66667 20 86 153 1.00000 75 3.83333
6825000 16 7.12500 21 98 141 0.75000 72 3.93750
6830000 14 8.21429 22 91 157 1.00000 72 4.50000
6835000 19 6.84211 20 80 154 0.94737 73 3.63158
6840000 16 8.00000 22 88 152 0.87500 73 4.12500
6845000 17 7.70588 21 90 161 0.94118 74 4.05882
6850000 18 7.27778 22 86 160 0.94444 72 3.77778
6855000 20 6.50000 22 82 150 0.85000 72 3.35000
6860000 18 6.94444 18 88 154 0.94444 72 3.72222
6865000 15 7.80000 19 92 144 1.00000 72 4.33333
6870000 17 7.23529 20 85 145 1.00000 67 3.88235
6875000 14 8.50000 22 93 143 1.00000 73 4.71429
6880000 14 8.57143 22 90 142 0.92857 70 4.42857
6885000 16 7.37500 23 98 152 1.00000 70 4.00000
6890000 21 6.47619 23 85 157 0.90476 75 3.28571
6895000 18 6.66667 23 91 151 0.94444 74 3.88889
6900000 19 6.63158 24 79 150 0.94737 73 3.73684
6905000 17 6.58824 22 90 147 0.94118 74 4.05882
6910000 18 6.83333 22 91 146 0.83333 76 3.88889
6915000 15 8.26667 23 84 154 0.93333 69 4.33333
6920000 16 7.50000 21 86 149 1.00000 70 4.25000
6925000 15 8.20000 21 81 144 1.00000 73 4.46667
6930000 15 7.93333 20 88 143 0.93333 73 4.40000
6935000 14 7.92857 19 97 141 1.00000 75 4.78571
6940000 18 6.16667 16 91 135 0.88889 73 3.66667
6945000 15 7.26667 19 89 132 0.86667 69 4.26667
6950000 19 6.00000 20 82 130 0.94737 73 3.52632
6955000 16 7.12500 21 83 144 0.93750 71 4.12500
6960000 18 6.55556 18 82 141 0.94444 74 3.83333
6965000 15 7.06667 19 93 133 0.86667 72 4.20000
6970000 15 7.20000 20 88 147 1.00000 70 4.20000
6975000 14 7.92857 19 88 143 1.00000 70 4.35714
6980000 17 7.00000 20 81 139 0.94118 67 3.82353
6985000 15 7.93333 22 86 150 0.93333 69 4.33333
6990000 17 7.23529 23 91 154 1.00000 72 3.82353
6995000 16 7.68750 24 91 155 0.93750 71 3.93750
7000000 16 7.68750 23 84 152 0.87500 70 3.87500
7005000 15 7.26667 22 83 132 0.86667 70 4.20000
7010000 15 7.33333 22 91 133 0.93333 69 4.13333
7015000 19 5.78947 21 81 130 0.94737 71 3.36842
7020000 19 5.89474 20 82 138 0.94737 71 3.42105
7025000 18 6.16667 17 78 134 0.94444 71 3.72222
7030000 17 6.70588 17 81 142 1.00000 70 3.82353
7035000 17 6.23529 16 95 138 0.94118 71 3.70588
7040000 19 6.05263 18 91 140 1.00000 68 3.47368
7045000 24 4.75000 15 83 135 0.79167 68 2.66667
7050000 14 6.78571 17 102 131 0.92857 70 4.35714
7055000 16 6.06250 16 97 130 1.00000 66 3.75000
7060000 14 7.00000 17 91 122 1.00000 69 4.35714
7065000 15 6.73333 15 85 135 0.93333 69 4.00000
7070000 14 7.35714 15 73 124 0.92857 70 4.35714
7075000 16 6.81250 16 87 145 0.93750 73 4.00000
7080000 16 6.68750 17 86 134 1.00000 69 4.06250
7085000 13 7.76923 16 89 134 0.92308 69 4.92308
7090000 15 7.40000 16 86 139 0.93333 71 4.33333
7095000 15 7.60000 30 89 140 0.93333 71 4.33333
7100000 16 7.56250 28 90 151 1.00000 72 4.12500
7105000 17 6.88235 23 93 146 0.94118 72 4.00000
7110000 14 8.21429 26 98 157 1.00000 74 4.85714
7115000 17 7.47059 28 89 163 1.00000 76 4.23529
7120000 17 7.64706 28 89 160 1.00000 74 4.11765
7125000 16 8.18750 26 86 154 0.93750 73 4.37500
7130000 15 8.73333 28 94 162 0.93333 74 4.66667
7135000 19 7.10526 29 88 155 0.94737 76 3.89474
7140000 18 7.72222 26 77 155 0.94444 75 4.11111
7145000 18 7.44444 24 78 150 0.88889 74 4.05556
7150000 15 7.46667 22 88 142 1.00000 73 4.66667
7155000 16 7.37500 25 82 143 1.00000 71 4.12500
7160000 16 7.37500 26 79 138 0.87500 71 4.25000
7165000 18 6.44444 26 83 135 0.88889 72 3.88889
7170000 16 6.93750 24 88 134 0.87500 70 4.12500
7175000 15 8.13333 26 85 148 0.93333 73 4.60000
7180000 16 7.68750 22 84 145 0.93750 72 4.31250
7185000 15 7.86667 24 85 143 1.00000 76 4.60000
7190000 18 7.11111 26 82 149 0.94444 76 3.94444
7195000 16 7.93750 27 92 150 0.81250 74 4.18750
7200000 19 6.94737 27 87 156 0.94737 75 3.68421
7205000 20 6.65000 30 88 152 0.85000 76 3.60000
7210000 18 6.61111 31 87 142 0.77778 76 3.77778
7215000 14 8.14286 29 84 144 1.00000 71 4.64286
7220000 17 6.94118 26 81 145 1.00000 73 4.05882
7225000 17 6.88235 24 86 154 0.94118 76 4.11765
7230000 17 6.58824 22 86 132 1.00000 72 4.05882
7235000 17 6.35294 22 83 135 0.94118 73 4.00000
7240000 18 6.27778 25 84 134 0.94444 70 3.72222
7245000 19 6.05263 24 80 147 1.00000 72 3.26316
7250000 18 6.16667 23 78 138 1.00000 72 3.61111
7255000 17 7.11765 25 81 151 0.94118 75 3.76471
7260000 20 6.35000 24 82 153 0.95000 76 3.30000
7265000 25 5.32000 24 75 158 1.00000 77 2.92000
7270000 20 6.25000 25 79 159 1.00000 76 3.45000
7275000 26 5.19231 24 68 150 0.88462 71 2.65385
7280000 22 5.90909 23 81 152 0.90909 72 3.04545
7285000 21 6.04762 24 78 147 0.95238 75 3.33333
7290000 17 7.17647 28 88 152 1.00000 77 3.94118
7295000 22 5.95455 28 80 152 0.90909 73 3.13636
7300000 22 6.00000 28 84 163 1.00000 72 3.13636
7305000 19 6.89474 29 88 160 1.00000 75 3.68421
7310000 19 6.94737 27 79 153 1.00000 73 3.68421
7315000 19 6.94737 26 77 156 1.00000 73 3.57895
7320000 17 7.41176 26 81 152 0.94118 75 3.88235
7325000 18 7.11111 26 81 157 0.94444 76 3.83333
7330000 19 6.42105 24 76 146 0.89474 75 3.52632
7335000 16 7.68750 28 86 151 0.93750 76 4.12500
7340000 22 6.00000 31 75 158 0.95455 76 3.13636
7345000 18 6.72222 29 87 146 0.83333 72 3.72222
7350000 22 6.09091 29 82 148 0.77273 73 3.18182
7355000 18 6.83333 27 89 139 0.88889 70 3.77778
7360000 17 7.00000 21 82 137 0.94118 72 4.05882
7365000 16 7.18750 22 91 142 1.00000 70 4.25000
7370000 17 7.17647 20 92 156 0.94118 73 4.05882
7375000 16 7.93750 29 90 149 0.87500 72 4.31250
7380000 16 7.62500 29 92 145 0.93750 69 4.06250
7385000 17 7.35294 28 88 144 1.00000 71 4.05882
7390000 15 8.33333 29 88 152 1.00000 70 4.46667
7395000 17 8.05882 31 80 159 0.82353 71 4.00000
7400000 14 9.28571 38 82 151 1.00000 72 4.85714
7405000 14 9.21429 35 84 152 1.00000 76 5.14286
7410000 15 8.86667 35 85 158 0.93333 74 4.73333
7415000 13 9.61538 34 98 161 1.00000 73 5.30769
7420000 13 9.69231 37 97 154 1.00000 73 5.38462
7425000 12 10.25000 32 84 148 1.00000 72 5.75000
7430000 14 8.71429 32 87 156 1.00000 73 4.92857
7435000 13 8.69231 26 86 143 0.92308 72 5.15385
7440000 12 8.41667 21 87 135 1.00000 72 5.41667
7445000 16 6.25000 18 84 124 0.75000 72 4.00000
7450000 13 7.15385 17 101 131 0.92308 72 5.00000
7455000 17 6.17647 17 88 126 0.82353 69 3.76471
7460000 14 7.21429 19 90 128 1.00000 68 4.57143
7465000 17 6.52941 19 92 146 0.88235 71 3.82353
7470000 15 7.40000 23 100 142 0.86667 74 4.33333
7475000 15 8.06667 24 87 150 1.00000 72 4.53333
7480000 20 6.75000 24 75 158 1.00000 72 3.45000
7485000 14 8.42857 24 89 148 1.00000 71 4.71429
7490000 13 8.46154 22 89 138 0.92308 71 5.00000
7495000 19 6.00000 22 76 128 0.84211 71 3.57895
7500000 13 8.00000 23 96 138 1.00000 69 4.76923
7505000 18 6.16667 23 81 130 0.77778 67 3.27778
7510000 17 6.17647 24 79 134 1.00000 72 3.76471
7515000 16 5.93750 22 90 122 1.00000 64 3.62500
7520000 13 6.69231 23 93 128 1.00000 64 4.15385
7525000 19 5.42105 23 80 139 0.84211 68 2.94737
7530000 18 5.77778 21 72 128 1.00000 67 2.94444
7535000 19 5.84211 22 73 137 1.00000 73 3.10526
7540000 14 7.35714 20 76 143 1.00000 72 4.00000
7545000 16 7.12500 23 73 143 1.00000 70 3.62500
7550000 19 6.21053 28 75 146 1.00000 70 3.21053
7555000 21 5.85714 25 64 140 0.90476 73 3.14286
7560000 18 6.16667 22 77 138 1.00000 72 3.38889
7565000 19 5.89474 25 74 136 0.94737 69 3.31579
7570000 19 6.21053 27 73 144 0.94737 68 3.26316
7575000 18 6.27778 26 69 137 1.00000 67 3.50000
7580000 17 6.41176 26 79 138 0.94118 70 3.64706
7585000 17 6.52941 27 89 145 1.00000 70 3.70588
7590000 19 5.73684 28 89 135 0.94737 70 3.21053
7595000 19 6.31579 28 77 148 0.94737 69 3.31579
7600000 21 6.00000 26 74 139 0.90476 73 3.28571
7605000 20 6.05000 30 80 146 0.85000 70 3.25000
7610000 20 5.90000 28 83 131 0.90000 68 3.25000
7615000 20 6.10000 26 79 150 0.95000 72 3.30000
7620000 17 6.58824 26 79 144 0.94118 71 3.70588
7625000 18 6.44444 28 76 149 1.00000 74 3.72222
7630000 19 6.47368 31 69 152 1.00000 74 3.57895
7635000 19 6.15789 28 65 133 0.78947 73 3.57895
7640000 17 6.76471 29 63 140 0.94118 75 4.17647
7645000 19 6.47368 29 68 148 1.00000 76 3.78947
7650000 20 6.10000 31 73 136 0.95000 76 3.55000
7655000 16 6.93750 28 86 139 0.93750 74 4.12500
7660000 17 6.52941 26 85 135 0.94118 70 3.82353
7665000 16 6.25000 26 92 128 0.87500 67 3.75000
7670000 16 6.68750 26 79 129 0.81250 66 3.75000
7675000 15 7.13333 27 85 138 0.93333 70 4.06667
7680000 19 5.89474 25 88 135 0.84211 67 3.42105
7685000 16 7.12500 27 95 144 0.87500 72 4.06250
7690000 20 6.00000 26 96 138 0.80000 71 3.20000
7695000 14 7.78571 28 106 148 1.00000 73 4.71429
7700000 20 6.20000 27 82 151 0.90000 75 3.45000
7705000 19 6.36842 28 84 150 1.00000 78 3.63158
7710000 15 7.26667 26 88 139 0.93333 76 4.20000
7715000 15 7.53333 26 82 140 0.93333 74 4.33333
7720000 17 6.94118 25 80 150 0.88235 71 3.70588
7725000 20 6.25000 26 78 144 0.85000 67 3.10000
7730000 15 7.80000 24 93 146 0.86667 73 4.20000
7735000 17 7.23529 23 87 155 0.94118 74 4.00000
7740000 14 8.50000 23 83 144 1.00000 73 4.64286
7745000 18 6.72222 19 74 144 0.94444 72 3.66667
7750000 17 6.88235 19 75 140 1.00000 72 3.88235
7755000 12 9.25000 20 79 132 1.00000 66 5.00000
7760000 15 7.53333 17 69 131 0.93333 66 4.20000
7765000 15 7.60000 17 70 124 0.86667 63 3.93333
7770000 14 7.07143 15 81 133 1.00000 67 4.28571
7775000 19 5.94737 17 69 134 0.94737 69 3.31579
7780000 14 7.42857 18 75 131 1.00000 71 4.50000
7785000 19 6.05263 16 69 140 1.00000 72 3.42105
7790000 18 6.16667 15 70 133 0.94444 71 3.72222
7795000 19 5.89474 15 72 142 1.00000 73 3.57895
7800000 18 6.22222 14 72 138 1.00000 73 3.83333
7805000 16 6.81250 16 69 131 0.93750 69 4.12500
7810000 15 7.80000 20 72 143 0.93333 71 4.40000
7815000 14 8.42857 22 71 146 1.00000 69 4.71429
7820000 16 7.31250 22 72 135 1.00000 73 4.25000
7825000 18 6.72222 22 76 135 0.94444 76 3.83333
7830000 14 8.07143 25 78 145 1.00000 72 4.64286
7835000 12 8.75000 21 84 145 1.00000 74 5.25000
7840000 14 7.85714 19 82 136 0.92857 73 4.50000
7845000 16 6.68750 21 79 132 1.00000 65 3.87500
7850000 18 6.22222 22 75 140 1.00000 70 3.61111
7855000 15 7.40000 22 74 139 0.93333 72 4.00000
7860000 14 7.35714 20 69 129 1.00000 69 4.21429
7865000 13 7.92308 18 70 128 1.00000 67 4.38462
7870000 15 7.20000 17 71 135 1.00000 66 3.93333
7875000 15 7.06667 16 84 131 0.86667 65 3.80000
7880000 15 7.46667 17 86 136 0.86667 67 3.86667
7885000 22 5.59091 19 71 141 0.86364 66 2.68182
7890000 18 6.44444 21 82 140 0.83333 67 3.27778
7895000 17 6.64706 20 80 137 0.88235 71 3.58824
7900000 16 6.81250 19 78 138 0.93750 71 3.81250
7905000 17 6.41176 20 82 136 0.94118 68 3.58824
7910000 14 7.64286 19 88 137 1.00000 68 4.28571
7915000 18 6.44444 18 90 140 0.83333 70 3.38889
7920000 18 6.38889 16 89 142 1.00000 68 3.33333
7925000 20 6.00000 19 94 150 0.90000 67 3.10000
7930000 18 7.11111 20 94 158 0.94444 71 3.44444
7935000 17 7.41176 21 95 152 1.00000 71 3.52941
7940000 20 6.40000 20 83 161 1.00000 72 3.15000
7945000 19 6.73684 18 75 156 0.94737 73 3.42105
7950000 20 7.00000 24 71 163 0.90000 75 3.40000
7955000 15 8.40000 25 72 152 1.00000 72 4.40000
7960000 16 7.93750 23 66 148 0.87500 70 3.93750
7965000 15 7.80000 22 68 140 1.00000 68 4.13333
7970000 16 7.25000 21 72 141 0.87500 70 3.68750
7975000 13 8.61538 30 78 139 1.00000 70 4.69231
7980000 13 7.61538 30 87 130 0.92308 69 4.53846
7985000 15 6.73333 29 87 127 1.00000 71 4.20000
7990000 16 6.56250 28 82 131 0.87500 71 3.87500
7995000 15 6.93333 27 98 136 1.00000 72 4.06667
8000000 17 6.58824 28 88 142 1.00000 72 3.76471
8005000 17 6.41176 25 94 143 1.00000 71 3.64706
8010000 17 6.58824 24 91 140 0.88235 67 3.52941
8015000 16 6.62500 23 92 140 1.00000 70 3.81250
8020000 16 7.12500 26 85 135 0.93750 70 3.87500
8025000 15 7.26667 23 89 145 0.93333 69 4.00000
8030000 13 8.23077 26 84 134 0.92308 67 4.23077
8035000 14 8.00000 26 90 143 0.78571 62 3.78571
8040000 15 7.60000 23 87 146 0.93333 63 3.60000
8045000 13 8.61538 24 88 139 0.92308 66 4.46154
8050000 14 8.07143 24 82 135 1.00000 70 4.28571
8055000 19 6.26316 24 81 141 0.84211 70 3.36842
8060000 15 7.53333 24 91 137 0.86667 67 3.80000
8065000 19 6.63158 28 82 153 1.00000 69 3.26316
8070000 20 6.10000 29 83 158 0.95000 70 3.10000
8075000 17 7.05882 29 86 155 1.00000 70 3.47059
8080000 17 7.11765 29 80 145 1.00000 66 3.47059
8085000 17 6.94118 29 78 147 1.00000 64 3.35294
8090000 16 6.93750 29 79 138 0.93750 69 3.75000
8095000 16 7.00000 25 81 141 0.93750 70 3.87500
8100000 15 7.20000 30 82 144 1.00000 73 4.33333
8105000 19 6.84211 32 66 157 1.00000 72 3.47368
8110000 14 8.21429 31 83 149 1.00000 69 4.35714
8115000 15 7.40000 30 89 141 0.93333 72 4.20000
8120000 15 7.06667 27 93 135 0.93333 73 4.20000
8125000 18 6.66667 29 88 145 1.00000 72 3.66667
8130000 18 6.11111 29 100 149 0.94444 71 3.55556
8135000 16 7.25000 30 109 149 1.00000 72 4.06250
8140000 24 5.58333 33 100 156 0.95833 71 2.75000
8145000 21 6.33333 33 94 170 0.95238 74 3.19048
8150000 21 6.57143 32 83 166 1.00000 73 3.28571
8155000 22 6.04545 31 87 164 1.00000 75 3.04545
8160000 20 6.25000 24 91 155 0.95000 73 3.30000
8165000 17 7.05882 20 89 153 0.88235 74 3.82353
8170000 19 6.52632 23 90 148 0.78947 75 3.42105
8175000 20 6.10000 24 85 150 0.90000 70 3.25000
8180000 18 6.55556 27 86 139 0.83333 68 3.38889
8185000 16 7.31250 29 98 146 1.00000 67 3.68750
8190000 15 7.93333 32 99 149 1.00000 68 4.00000
8195000 19 6.31579 28 91 155 0.94737 71 3.26316
8200000 18 6.55556 23 87 154 1.00000 73 3.50000
8205000 15 7.80000 23 93 158 1.00000 72 4.00000
8210000 16 7.25000 22 86 150 1.00000 65 3.62500
8215000 16 7.81250 24 77 152 0.87500 67 3.68750
8220000 18 7.05556 24 76 155 1.00000 70 3.50000
8225000 17 6.88235 22 84 152 1.00000 70 3.88235
8230000 15 7.80000 23 80 142 0.93333 73 4.13333
8235000 18 6.83333 22 81 157 1.00000 73 3.72222
8240000 16 7.43750 23 75 145 0.93750 71 3.87500
8245000 18 6.61111 27 75 141 0.88889 67 3.50000
8250000 15 7.40000 26 92 142 0.93333 70 4.13333
8255000 16 7.37500 27 90 146 0.93750 68 3.81250
8260000 16 7.68750 30 89 150 0.87500 68 3.93750
8265000 15 7.66667 29 89 156 1.00000 68 4.26667
8270000 15 7.86667 30 87 147 0.93333 67 3.93333
8275000 15 7.53333 27 88 145 0.86667 76 4.06667
8280000 14 9.00000 32 86 150 0.85714 73 4.35714
8285000 13 8.76923 27 91 149 1.00000 68 4.61538
8290000 16 7.50000 28 82 151 0.87500 69 3.81250
8295000 12 9.08333 25 96 142 1.00000 69 5.00000
8300000 16 7.25000 26 90 147 0.93750 72 3.81250
8305000 16 7.12500 25 95 144 0.87500 69 3.75000
8310000 19 6.57895 27 77 152 0.94737 73 3.42105
8315000 17 6.58824 25 85 133 1.00000 71 3.76471
8320000 13 7.61538 21 103 134 1.00000 69 4.61538
8325000 15 6.80000 22 108 134 0.93333 72 4.13333
8330000 19 5.94737 21 93 149 0.89474 72 3.15789
8335000 15 6.86667 21 95 140 1.00000 74 4.40000
8340000 16 6.87500 24 80 134 0.87500 72 3.87500
8345000 18 6.44444 23 77 145 0.88889 72 3.50000
8350000 17 6.58824 21 84 136 0.94118 73 3.76471
8355000 16 6.56250 20 89 140 0.93750 70 3.87500
8360000 18 6.50000 20 90 154 0.88889 74 3.44444
8365000 18 6.61111 23 89 144 0.88889 69 3.44444
8370000 18 6.88889 25 91 149 1.00000 67 3.61111
8375000 22 5.81818 23 90 158 0.86364 71 3.00000
8380000 17 6.94118 25 101 159 1.00000 74 3.94118
8385000 23 5.95652 28 76 156 0.86957 75 3.04348
8390000 20 6.00000 28 91 143 0.95000 75 3.40000
8395000 14 7.35714 25 104 139 1.00000 73 4.42857
8400000 18 6.05556 24 100 134 0.77778 70 3.16667
8405000 17 6.76471 26 91 144 1.00000 68 3.58824
8410000 19 6.89474 31 83 156 1.00000 71 3.15789
8415000 18 6.94444 34 83 151 0.94444 69 3.55556
8420000 21 6.42857 35 69 158 0.95238 68 3.09524
8425000 19 7.05263 30 69 157 0.94737 71 3.42105
8430000 15 7.86667 26 76 147 1.00000 70 4.13333
8435000 16 7.50000 24 75 147 0.93750 72 3.93750
8440000 15 7.73333 22 72 141 0.93333 69 3.93333
8445000 15 7.86667 24 82 148 1.00000 67 4.00000
8450000 18 6.50000 23 83 149 0.94444 68 3.38889
8455000 17 6.76471 23 73 142 0.94118 72 3.64706
8460000 15 7.46667 26 77 154 1.00000 71 4.06667
8465000 17 6.82353 27 77 135 0.94118 71 3.70588
8470000 18 6.50000 27 84 144 0.88889 70 3.33333
8475000 17 6.23529 24 90 139 1.00000 72 3.70588
8480000 20 5.80000 24 78 139 0.90000 73 3.20000
8485000 21 5.90476 22 80 143 0.90476 75 3.14286
8490000 21 5.71429 20 79 144 0.90476 72 3.19048
8495000 20 6.00000 17 81 145 0.90000 69 3.20000
8500000 19 5.78947 20 86 137 0.94737 72 3.52632
8505000 17 5.88235 18 95 133 0.94118 72 3.70588
8510000 19 5.57895 18 90 138 0.84211 70 3.31579
8515000 17 6.05882 18 88 132 1.00000 73 3.64706
8520000 17 6.23529 18 94 144 1.00000 75 3.70588
8525000 20 6.00000 19 85 141 0.95000 75 3.30000
8530000 18 6.55556 16 94 155 0.94444 75 3.83333
8535000 18 6.38889 18 86 137 1.00000 70 3.66667
8540000 19 6.05263 16 86 137 0.89474 69 3.47368
8545000 20 6.10000 17 88 144 0.90000 74 3.35000
8550000 19 6.15789 18 95 153 1.00000 72 3.57895
8555000 19 6.68421 21 87 160 1.00000 72 3.57895
8560000 20 6.70000 21 72 154 1.00000 73 3.45000
8565000 15 7.80000 20 91 149 0.93333 71 4.13333
8570000 18 6.55556 19 83 146 1.00000 71 3.66667
8575000 19 5.89474 18 86 137 1.00000 71 3.52632
8580000 17 6.05882 18 87 131 0.94118 71 3.88235
8585000 20 5.65000 19 84 137 0.90000 73 3.20000
8590000 16 6.75000 21 92 145 0.87500 74 3.68750
8595000 17 6.47059 18 96 141 0.94118 71 3.58824
8600000 20 5.70000 22 87 141 0.95000 70 3.25000
8605000 17 6.41176 20 97 141 0.94118 68 3.64706
8610000 20 5.70000 18 92 140 0.80000 71 3.00000
8615000 16 6.75000 19 102 145 0.93750 73 3.87500
8620000 18 6.33333 15 85 145 1.00000 70 3.61111
8625000 17 6.41176 17 91 136 1.00000 71 3.76471
8630000 14 7.92857 27 85 145 1.00000 72 4.50000
8635000 17 6.82353 27 77 137 0.94118 69 3.58824
8640000 12 8.66667 26 96 141 1.00000 74 5.16667
8645000 16 6.81250 24 81 137 0.81250 71 3.87500
8650000 16 6.93750 23 84 146 1.00000 70 3.93750
8655000 16 7.00000 22 81 139 1.00000 69 3.81250
8660000 16 7.00000 27 87 138 0.93750 72 4.00000
8665000 15 7.26667 22 88 133 0.93333 70 4.26667
8670000 16 6.62500 17 84 136 1.00000 70 4.06250
8675000 16 6.43750 18 92 134 0.93750 70 4.00000
8680000 19 6.05263 19 92 149 1.00000 69 3.42105
8685000 19 5.94737 18 95 142 0.84211 75 3.36842
8690000 17 6.82353 19 101 147 0.94118 73 3.82353
8695000 19 6.63158 18 86 152 0.94737 73 3.47368
8700000 17 7.29412 22 86 150 0.94118 71 3.82353
8705000 18 6.72222 22 91 145 0.88889 71 3.66667
8710000 18 6.44444 21 92 154 1.00000 72 3.66667
8715000 17 6.76471 19 86 150 0.94118 73 3.88235
8720000 18 6.77778 19 80 144 0.83333 73 3.72222
8725000 15 7.53333 19 84 149 1.00000 70 4.40000
8730000 15 7.20000 16 83 141 0.93333 70 4.33333
8735000 16 7.12500 16 80 147 1.00000 72 4.18750
8740000 15 7.53333 16 74 142 1.00000 69 4.33333
8745000 14 7.14286 16 75 122 0.92857 71 4.57143
8750000 18 6.11111 20 70 131 0.94444 71 3.72222
8755000 16 6.93750 20 72 137 0.93750 73 4.31250
8760000 15 7.00000 18 78 126 0.93333 70 4.46667
8765000 20 5.55000 16 77 132 0.90000 76 3.50000
8770000 17 6.64706 19 88 148 0.94118 72 3.88235
8775000 18 6.38889 19 82 139 0.88889 75 3.83333
8780000 18 6.44444 22 81 139 0.94444 72 3.77778
8785000 14 7.42857 21 89 141 1.00000 75 4.78571
8790000 16 6.50000 22 90 127 0.93750 74 4.18750
8795000 20 5.45000 20 82 130 0.85000 74 3.40000
8800000 18 5.44444 21 85 130 0.88889 72 3.61111
8805000 15 6.40000 18 86 123 1.00000 73 4.33333
8810000 19 5.78947 20 78 131 1.00000 70 3.47368
8815000 18 6.27778 21 81 136 1.00000 73 3.77778
8820000 18 6.66667 21 84 143 0.94444 71 3.61111
8825000 18 6.55556 22 84 147 0.94444 71 3.61111
8830000 19 6.47368 22 76 144 0.94737 72 3.57895
8835000 18 6.66667 19 87 148 0.94444 72 3.72222
8840000 17 7.29412 24 85 150 1.00000 69 3.76471
8845000 17 7.23529 25 95 152 0.94118 68 3.88235
8850000 14 8.00000 27 107 149 1.00000 73 4.71429
8855000 16 7.50000 26 94 141 1.00000 71 4.18750
8860000 19 6.73684 28 83 144 0.89474 75 3.63158
8865000 18 7.00000 30 76 147 0.94444 73 3.88889
8870000 17 6.82353 25 77 133 0.88235 73 4.05882
8875000 15 7.20000 24 87 137 0.86667 73 4.40000
8880000 14 7.42857 24 83 135 0.92857 71 4.42857
8885000 15 7.06667 23 85 130 0.93333 72 4.06667
8890000 16 7.06250 25 77 140 1.00000 71 3.93750
8895000 18 6.16667 26 77 135 0.94444 71 3.77778
8900000 16 6.87500 25 86 140 0.93750 73 4.12500
8905000 16 7.25000 23 88 145 1.00000 72 4.12500
8910000 18 6.44444 22 81 134 0.88889 72 3.66667
8915000 21 5.85714 26 89 155 0.85714 73 3.23810
8920000 18 7.05556 26 86 157 0.94444 74 3.77778
8925000 15 8.00000 27 87 148 0.93333 74 4.40000
8930000 17 7.29412 23 80 147 0.94118 72 3.94118
8935000 13 8.38462 21 83 146 1.00000 73 4.92308
8940000 15 6.86667 17 78 128 0.93333 70 4.33333
8945000 13 7.30769 14 87 130 1.00000 72 4.84615
8950000 17 6.17647 14 77 126 0.94118 68 3.70588
8955000 15 7.33333 16 89 132 1.00000 67 4.26667
8960000 18 6.16667 15 84 131 0.88889 63 3.44444
8965000 15 7.40000 18 89 134 0.93333 68 4.26667
8970000 16 7.06250 18 77 137 0.87500 67 3.68750
8975000 14 7.57143 23 78 131 1.00000 66 4.42857
8980000 18 6.55556 24 65 133 0.88889 69 3.55556
8985000 11 9.27273 20 76 134 1.00000 72 5.54545
8990000 17 6.29412 20 71 129 0.94118 72 3.82353
8995000 16 6.62500 21 73 135 0.93750 72 4.06250
9000000 14 7.42857 23 87 138 0.92857 71 4.42857
9005000 12 8.08333 22 95 131 1.00000 71 5.08333
9010000 16 6.50000 19 89 142 0.93750 73 4.06250
9015000 17 6.41176 20 86 133 0.88235 70 3.64706
9020000 17 6.05882 20 86 129 1.00000 70 3.82353
9025000 19 5.84211 22 91 138 0.89474 70 3.36842
9030000 16 6.62500 20 96 137 0.87500 71 3.81250
9035000 16 6.50000 20 98 134 0.93750 67 3.62500
9040000 17 6.58824 20 93 134 0.82353 70 3.58824
9045000 15 7.26667 17 87 135 0.80000 72 3.80000
9050000 15 7.26667 18 89 129 0.86667 68 4.06667
9055000 12 9.33333 20 81 136 1.00000 70 5.00000
9060000 15 8.13333 23 80 156 0.93333 69 4.20000
9065000 15 7.73333 20 87 148 1.00000 72 4.26667
9070000 14 8.42857 22 87 152 0.92857 70 4.50000
9075000 18 6.38889 20 88 135 0.94444 70 3.77778
9080000 16 6.93750 22 97 137 0.93750 71 4.25000
9085000 16 7.62500 25 100 152 1.00000 73 4.12500
9090000 15 8.26667 27 99 162 0.93333 74 4.33333
9095000 17 7.52941 26 89 156 0.94118 70 3.94118
9100000 19 6.68421 26 94 161 1.00000 72 3.57895
9105000 18 7.16667 26 92 152 0.83333 76 3.77778
9110000 18 6.94444 24 90 160 1.00000 74 3.77778
9115000 20 6.55000 22 79 154 0.95000 74 3.50000
9120000 17 7.52941 21 75 151 0.94118 75 4.05882
9125000 16 8.00000 20 86 146 0.93750 75 4.43750
9130000 14 8.85714 20 89 149 1.00000 77 4.92857
9135000 17 7.23529 21 78 146 1.00000 78 4.05882
9140000 15 7.86667 23 85 148 0.93333 74 4.46667
9145000 18 7.38889 24 76 151 0.94444 74 3.83333
9150000 17 7.23529 21 79 151 0.94118 73 4.11765
9155000 17 7.00000 20 94 152 0.94118 75 4.05882
9160000 19 6.21053 20 88 138 0.94737 75 3.63158
9165000 23 5.52174 19 83 148 1.00000 76 3.04348
9170000 18 6.77778 18 79 153 1.00000 76 4.11111
9175000 14 8.71429 18 75 153 1.00000 73 5.00000
9180000 16 7.68750 19 77 141 1.00000 73 4.43750
9185000 18 7.22222 20 77 150 0.88889 73 3.88889
9190000 20 6.15000 18 77 145 1.00000 75 3.60000
9195000 18 6.72222 15 77 139 1.00000 74 3.94444
9200000 17 7.35294 18 80 138 0.88235 73 4.17647
9205000 15 7.80000 17 91 139 1.00000 73 4.73333
9210000 18 7.00000 17 83 154 0.94444 74 3.94444
9215000 18 7.22222 19 76 153 0.94444 74 4.00000
9220000 18 7.27778 20 75 156 0.94444 75 3.94444
9225000 20 6.45000 21 71 146 0.90000 72 3.45000
9230000 21 6.00000 21 74 147 0.85714 74 3.38095
9235000 17 6.82353 22 77 136 1.00000 71 3.94118
9240000 19 6.31579 24 70 134 0.89474 74 3.68421
9245000 17 6.64706 25 75 133 0.88235 72 4.00000
9250000 18 6.50000 27 68 134 0.94444 73 3.88889
9255000 17 6.70588 26 72 135 1.00000 74 4.05882
9260000 18 6.55556 22 77 137 0.94444 75 4.00000
9265000 15 7.06667 20 79 130 1.00000 73 4.20000
9270000 15 7.33333 23 86 142 1.00000 71 4.13333
9275000 18 6.66667 23 72 136 0.94444 72 3.77778
9280000 16 7.62500 26 68 144 1.00000 72 4.31250
9285000 15 7.66667 26 81 144 1.00000 75 4.53333
9290000 16 7.00000 25 87 138 0.93750 72 4.06250
9295000 17 7.05882 25 84 149 0.94118 74 4.00000
9300000 20 6.00000 24 88 139 0.85000 73 3.35000
9305000 19 6.00000 27 93 147 0.94737 74 3.52632
9310000 17 6.29412 25 98 143 1.00000 75 4.00000
9315000 15 6.66667 22 96 133 0.86667 75 4.26667
9320000 19 5.78947 25 98 141 0.78947 74 3.26316
9325000 20 5.85000 27 94 140 0.95000 74 3.30000
9330000 19 6.42105 29 88 139 0.89474 72 3.42105
9335000 16 7.25000 29 90 148 0.93750 73 4.06250
9340000 23 5.73913 29 86 152 0.91304 73 2.91304
9345000 18 6.94444 30 96 154 0.88889 73 3.50000
9350000 15 7.60000 29 99 153 1.00000 71 3.93333
9355000 17 7.17647 31 84 149 0.94118 70 3.64706
9360000 16 8.06250 30 87 161 0.93750 72 3.81250
9365000 15 8.13333 30 98 147 0.93333 73 4.06667
9370000 17 7.58824 30 86 152 0.94118 71 3.70588
9375000 18 7.27778 26 82 161 0.88889 72 3.50000
9380000 21 6.52381 24 69 157 1.00000 69 3.04762
9385000 19 6.89474 26 75 150 0.84211 67 3.21053
9390000 15 8.26667 26 86 153 0.93333 71 4.20000
9395000 13 9.23077 25 100 158 1.00000 70 4.61538
9400000 14 9.07143 24 91 153 1.00000 67 4.50000
9405000 15 8.33333 29 99 159 0.93333 67 4.20000
9410000 18 7.33333 24 91 152 0.72222 67 3.33333
9415000 15 8.00000 27 98 150 1.00000 71 4.33333
9420000 17 7.17647 27 91 147 0.88235 69 3.70588
9425000 17 7.29412 25 79 150 0.88235 73 3.52941
9430000 17 6.76471 24 85 141 0.94118 74 3.70588
9435000 17 7.05882 26 85 154 1.00000 73 3.88235
9440000 16 7.06250 24 90 142 1.00000 70 3.87500
9445000 18 6.66667 23 85 148 0.94444 72 3.55556
9450000 17 7.29412 24 88 160 0.88235 69 3.58824
9455000 17 7.17647 25 93 140 0.88235 69 3.70588
9460000 15 7.53333 24 96 142 0.93333 66 4.06667
9465000 20 6.30000 22 84 152 0.90000 65 3.10000
9470000 17 6.76471 19 93 150 0.94118 70 3.64706
9475000 17 6.70588 20 84 133 1.00000 64 3.41176
9480000 14 7.92857 22 80 137 0.85714 63 4.14286
9485000 15 7.53333 24 87 142 1.00000 64 3.86667
9490000 16 7.75000 24 74 140 0.93750 68 3.87500
9495000 17 6.94118 24 82 141 1.00000 69 3.76471
9500000 15 7.33333 26 91 136 0.93333 69 4.06667
9505000 17 6.52941 24 98 149 1.00000 71 3.70588
9510000 16 7.31250 21 88 144 0.93750 70 3.87500
9515000 19 6.31579 22 92 153 0.89474 71 3.15789
9520000 19 6.26316 22 100 151 0.89474 73 3.26316
9525000 19 6.31579 21 96 154 0.94737 72 3.36842
9530000 22 5.86364 23 88 160 0.90909 74 2.95455
9535000 25 5.24000 21 99 163 1.00000 74 2.72000
9540000 22 5.68182 22 105 157 1.00000 74 3.09091
9545000 21 6.14286 23 108 161 0.95238 71 3.14286
9550000 18 7.00000 25 106 159 0.94444 72 3.50000
9555000 23 6.08696 25 89 161 0.91304 72 2.91304
9560000 16 8.12500 25 90 161 1.00000 73 4.00000
9565000 16 7.81250 26 90 153 1.00000 72 3.87500
9570000 23 5.82609 24 96 158 0.91304 76 2.86957
9575000 24 5.62500 27 89 166 0.91667 72 2.83333
9580000 21 6.23810 25 85 156 0.95238 73 3.23810
9585000 17 7.35294 27 84 156 1.00000 71 3.88235
9590000 21 6.14286 26 80 156 1.00000 72 3.23810
9595000 15 7.73333 27 90 143 1.00000 67 4.20000
9600000 16 7.50000 28 91 155 1.00000 73 3.93750
9605000 17 7.35294 26 88 155 0.94118 73 3.82353
9610000 19 6.47368 25 81 146 0.94737 75 3.47368
9615000 18 6.94444 25 89 152 1.00000 75 3.66667
9620000 20 6.25000 23 85 152 0.95000 70 3.20000
9625000 19 6.73684 27 88 158 0.94737 71 3.52632
9630000 17 7.47059 25 93 158 0.94118 75 3.88235
9635000 18 6.72222 22 88 147 1.00000 73 3.61111
9640000 16 7.18750 22 85 144 0.93750 69 3.93750
9645000 13 7.92308 23 93 138 1.00000 68 4.30769
9650000 15 7.06667 23 83 136 1.00000 67 3.86667
9655000 14 7.50000 23 88 137 1.00000 66 4.00000
9660000 18 5.94444 19 84 136 0.88889 70 3.11111
9665000 12 7.91667 19 104 137 1.00000 71 4.58333
9670000 15 6.93333 16 88 140 1.00000 71 3.80000
9675000 18 6.05556 19 83 136 0.88889 66 3.33333
9680000 19 5.84211 20 86 138 0.89474 72 3.26316
9685000 13 7.53846 20 95 146 1.00000 72 4.46154
9690000 19 6.00000 22 83 139 1.00000 71 3.47368
9695000 18 6.22222 22 91 148 1.00000 74 3.66667
9700000 22 5.40909 21 82 139 0.90909 71 2.95455
9705000 19 6.00000 22 87 148 1.00000 74 3.47368
9710000 16 6.68750 22 94 134 0.93750 71 3.87500
9715000 19 6.15789 20 84 140 0.94737 70 3.26316
9720000 16 7.31250 19 93 145 1.00000 73 4.00000
9725000 17 7.23529 19 94 153 0.94118 70 3.70588
9730000 15 8.20000 23 96 159 1.00000 66 3.93333
9735000 17 7.29412 23 88 150 0.94118 70 3.70588
9740000 18 7.11111 23 85 149 0.88889 69 3.66667
9745000 17 7.11765 24 85 144 0.94118 70 4.00000
9750000 19 6.47368 22 77 148 0.94737 72 3.42105
9755000 13 8.84615 24 98 149 1.00000 72 4.76923
9760000 17 7.58824 27 80 155 1.00000 67 3.70588
9765000 19 7.05263 26 86 158 1.00000 73 3.52632
9770000 15 8.46667 28 83 155 1.00000 70 4.26667
9775000 17 7.58824 25 78 161 1.00000 71 3.82353
9780000 13 9.07692 25 86 146 1.00000 68 4.61538
9785000 13 8.92308 25 85 150 1.00000 69 4.61538
9790000 17 7.58824 27 77 154 0.88235 70 3.70588
9795000 18 6.94444 26 79 151 0.94444 74 3.61111
9800000 18 7.00000 27 74 145 1.00000 71 3.66667
9805000 19 6.73684 25 68 152 1.00000 71 3.57895
9810000 16 7.31250 24 79 149 1.00000 73 4.00000
9815000 17 7.11765 26 80 149 0.94118 74 3.94118
9820000 16 7.12500 23 78 143 1.00000 72 3.93750
9825000 16 6.68750 17 78 134 1.00000 69 3.93750
9830000 14 7.85714 22 81 142 1.00000 72 4.57143
9835000 16 7.31250 23 89 148 0.93750 68 4.06250
9840000 14 7.85714 22 90 135 0.85714 66 4.35714
9845000 13 7.92308 20 102 135 1.00000 67 4.61538
9850000 14 7.71429 19 94 141 1.00000 70 4.35714
9855000 16 7.25000 19 81 133 0.81250 70 3.93750
9860000 15 7.06667 18 92 134 0.93333 73 4.26667
9865000 19 5.63158 15 93 132 0.94737 71 3.47368
9870000 16 7.18750 19 94 142 1.00000 72 4.12500
9875000 19 6.47368 22 89 144 0.84211 69 3.36842
9880000 16 7.50000 22 94 148 0.93750 68 3.68750
9885000 22 5.77273 20 81 163 0.90909 72 2.90909
9890000 17 7.17647 20 81 147 1.00000 70 3.82353
9895000 18 6.61111 19 80 147 0.94444 70 3.61111
9900000 15 7.40000 21 90 137 1.00000 66 4.33333
9905000 17 7.11765 23 69 140 1.00000 68 3.76471
9910000 16 7.18750 21 74 130 0.87500 73 4.06250
9915000 14 7.85714 19 86 134 1.00000 68 4.64286
9920000 15 7.33333 20 84 140 1.00000 72 4.33333
9925000 14 7.28571 16 99 138 1.00000 67 4.28571
9930000 14 7.50000 19 96 131 1.00000 66 4.35714
9935000 16 6.56250 20 89 132 1.00000 63 3.81250
9940000 14 7.35714 21 95 137 1.00000 62 4.21429
9945000 17 6.47059 22 98 133 0.94118 66 3.41176
9950000 15 7.20000 23 96 135 0.93333 65 4.06667
9955000 17 6.70588 24 96 143 0.94118 69 3.76471
9960000 15 6.93333 22 94 130 0.86667 71 4.13333
9965000 14 7.21429 21 87 130 1.00000 70 4.21429
9970000 16 6.50000 21 97 135 0.93750 66 3.81250
9975000 17 6.05882 20 96 132 0.94118 68 3.58824
9980000 15 6.46667 19 93 126 0.93333 64 3.93333
9985000 12 8.00000 19 94 120 1.00000 67 5.00000
9990000 15 7.40000 21 92 138 0.93333 69 4.20000
9995000 17 6.88235 23 87 139 0.88235 69 3.58824
10000000 17 7.23529 23 81 150 0.94118 68 3.70588
