# V2 - Timesteps, No of clusters, Mean cluster size, Size largest cluster, No clusters size 1, No prot bound to poly, Fraction clusters bound to poly, No type 2 poly bound to prot, Mean no type 2 in prot cluster
0 21 2.09524 3 263 103 0.42857 6 0.04762
5000 53 3.15094 7 141 178 0.81132 55 0.77358
10000 60 3.68333 11 100 219 0.83333 67 0.90000
15000 52 4.30769 14 94 236 0.80769 67 1.13462
20000 47 5.02128 14 78 256 0.93617 71 1.44681
25000 48 5.27083 17 61 251 0.87500 70 1.39583
30000 46 5.69565 17 54 264 0.95652 73 1.52174
35000 41 6.41463 16 53 260 0.90244 73 1.73171
40000 38 6.89474 18 48 264 0.94737 74 1.89474
45000 38 7.07895 24 42 268 0.92105 76 1.94737
50000 36 7.47222 23 41 268 0.91667 75 2.05556
55000 31 8.25806 19 50 261 1.00000 76 2.38710
60000 30 8.50000 26 47 259 0.96667 77 2.50000
65000 35 7.80000 23 37 272 0.91429 77 2.14286
70000 35 7.48571 22 46 252 0.85714 75 2.14286
75000 33 7.51515 22 61 249 0.87879 75 2.21212
80000 32 7.56250 22 58 255 1.00000 75 2.31250
85000 34 7.41176 23 45 252 0.94118 77 2.20588
90000 35 7.48571 24 52 266 0.94286 78 2.20000
95000 34 7.94118 26 55 271 0.97059 79 2.29412
100000 34 7.94118 27 48 266 0.94118 79 2.32353
105000 35 7.28571 24 57 265 0.97143 79 2.25714
110000 31 8.29032 29 58 260 0.93548 79 2.48387
115000 31 8.48387 29 51 270 0.93548 77 2.45161
120000 29 8.93103 28 48 265 0.89655 77 2.58621
125000 29 8.93103 29 45 265 0.93103 77 2.65517
130000 29 8.93103 30 41 261 0.93103 77 2.65517
135000 27 9.03704 27 53 252 0.96296 80 2.85185
140000 32 7.71875 25 51 255 0.90625 80 2.43750
145000 32 7.68750 24 59 254 0.96875 80 2.43750
150000 33 7.63636 24 64 267 0.96970 78 2.33333
155000 30 8.46667 22 61 266 1.00000 78 2.60000
160000 32 7.56250 21 58 257 0.93750 78 2.40625
165000 32 7.31250 20 58 243 0.93750 78 2.40625
170000 30 7.83333 20 60 246 0.96667 78 2.50000
175000 30 8.30000 23 54 253 0.93333 78 2.46667
180000 29 8.55172 24 64 262 0.93103 78 2.58621
185000 31 8.00000 22 56 257 0.96774 79 2.48387
190000 31 8.06452 21 56 255 0.93548 78 2.45161
195000 29 8.00000 19 53 241 0.93103 79 2.62069
200000 27 8.18519 18 63 233 0.92593 75 2.70370
205000 30 7.66667 19 56 240 0.90000 79 2.43333
210000 30 7.83333 20 60 246 1.00000 77 2.46667
215000 32 7.65625 23 58 265 0.96875 79 2.37500
220000 32 7.81250 24 54 258 0.87500 75 2.25000
225000 30 8.03333 25 72 262 0.96667 74 2.33333
230000 31 7.70968 25 67 256 0.87097 74 2.06452
235000 29 8.44828 26 67 263 1.00000 72 2.41379
240000 29 8.17241 23 58 240 0.93103 73 2.37931
245000 30 8.10000 25 54 248 0.90000 75 2.36667
250000 29 7.89655 22 60 231 0.86207 75 2.51724
255000 28 8.35714 33 67 245 0.85714 74 2.60714
260000 28 8.78571 35 56 244 0.82143 73 2.60714
265000 25 9.64000 33 62 249 0.96000 74 2.96000
270000 26 9.07692 29 61 252 1.00000 79 2.84615
275000 31 7.83871 31 50 244 0.80645 77 2.38710
280000 23 10.30435 37 59 246 0.95652 77 3.26087
285000 28 8.46429 33 60 242 0.92857 76 2.67857
290000 27 8.70370 34 71 244 0.85185 75 2.70370
295000 27 8.85185 32 70 242 0.85185 74 2.74074
300000 25 9.20000 32 70 236 0.88000 77 2.96000
305000 27 8.18519 31 72 235 0.85185 75 2.70370
310000 23 9.43478 33 78 231 1.00000 76 3.26087
315000 30 7.93333 35 66 236 0.86667 77 2.50000
320000 28 8.50000 31 59 243 0.85714 77 2.64286
325000 30 8.06667 30 59 245 0.90000 77 2.56667
330000 29 8.00000 26 79 243 0.89655 77 2.62069
335000 31 8.06452 26 63 248 0.90323 76 2.45161
340000 28 9.28571 25 64 266 0.96429 76 2.71429
345000 29 8.93103 21 71 272 0.93103 79 2.68966
350000 30 8.36667 17 61 254 1.00000 77 2.56667
355000 30 8.16667 19 63 247 0.93333 77 2.56667
360000 31 7.77419 17 58 251 0.90323 77 2.48387
365000 31 8.12903 16 55 247 0.87097 76 2.41935
370000 29 8.13793 18 61 252 0.96552 77 2.58621
375000 29 8.34483 18 54 246 0.89655 77 2.62069
380000 28 8.35714 21 59 234 0.89286 75 2.67857
385000 30 7.76667 22 58 241 0.86667 76 2.50000
390000 30 7.93333 21 53 233 0.80000 77 2.56667
395000 24 9.33333 21 66 238 1.00000 78 3.16667
400000 24 9.33333 24 69 241 1.00000 74 3.04167
405000 25 8.52000 19 71 224 0.92000 75 2.88000
410000 27 8.22222 20 69 237 0.88889 78 2.81481
415000 30 7.60000 23 63 232 0.83333 78 2.60000
420000 28 8.21429 22 61 229 0.85714 76 2.67857
425000 26 8.84615 23 64 239 0.84615 75 2.88462
430000 32 7.34375 22 61 243 0.87500 76 2.31250
435000 32 7.43750 23 57 240 0.84375 74 2.31250
440000 28 8.21429 21 71 242 0.89286 75 2.64286
445000 29 7.93103 23 79 246 0.86207 78 2.58621
450000 28 8.67857 24 79 254 0.89286 79 2.67857
455000 29 8.06897 22 76 239 0.86207 79 2.58621
460000 28 8.60714 29 61 249 0.89286 80 2.85714
465000 27 9.11111 25 54 246 0.92593 80 2.85185
470000 29 8.62069 26 56 249 0.82759 81 2.65517
475000 28 8.92857 24 63 256 0.96429 80 2.82143
480000 30 8.60000 23 51 250 0.90000 79 2.63333
485000 32 8.00000 22 60 248 0.84375 78 2.43750
490000 28 8.46429 20 73 241 0.89286 75 2.60714
495000 27 8.48148 26 75 240 0.88889 75 2.62963
500000 27 8.74074 22 69 251 0.92593 77 2.77778
505000 29 7.89655 23 65 243 0.93103 78 2.62069
510000 31 7.16129 22 69 233 0.93548 78 2.41935
515000 29 7.58621 23 79 225 0.93103 77 2.62069
520000 34 7.14706 24 65 237 0.73529 77 2.26471
525000 26 8.76923 25 77 242 0.88462 76 2.92308
530000 27 8.37037 26 75 242 0.85185 77 2.81481
535000 27 8.14815 22 75 241 0.88889 77 2.85185
540000 27 8.33333 21 66 228 0.92593 77 2.81481
545000 26 8.73077 23 66 231 0.92308 78 3.00000
550000 28 8.28571 23 73 247 0.89286 78 2.78571
555000 32 7.56250 23 55 237 0.75000 77 2.40625
560000 28 8.42857 23 72 237 0.82143 78 2.78571
565000 27 8.48148 21 77 241 0.81481 76 2.74074
570000 30 7.70000 20 83 236 0.80000 78 2.60000
575000 28 8.17857 21 80 236 0.89286 78 2.78571
580000 33 7.24242 17 70 236 0.84848 76 2.30303
585000 30 7.53333 17 69 238 0.93333 76 2.53333
590000 30 7.70000 17 63 230 0.86667 76 2.53333
595000 27 8.40741 17 81 237 0.88889 76 2.77778
600000 28 8.46429 17 71 241 0.78571 77 2.67857
605000 32 7.59375 16 66 232 0.78125 76 2.37500
610000 28 8.28571 18 62 224 0.89286 76 2.71429
615000 34 7.02941 16 62 232 0.79412 74 2.17647
620000 28 7.89286 15 80 231 0.89286 77 2.67857
625000 31 7.25806 16 71 231 0.83871 76 2.38710
630000 33 6.75758 15 75 219 0.81818 77 2.24242
635000 34 6.52941 16 88 230 0.82353 78 2.26471
640000 32 7.28125 16 71 227 0.81250 79 2.43750
645000 34 7.05882 17 59 228 0.85294 78 2.29412
650000 28 7.92857 16 78 232 0.96429 79 2.78571
655000 32 7.25000 15 77 231 0.87500 79 2.40625
660000 34 6.70588 15 84 225 0.76471 78 2.23529
665000 35 6.85714 16 76 229 0.80000 79 2.20000
670000 34 6.94118 18 72 236 0.85294 78 2.26471
675000 29 7.68966 15 73 221 0.93103 77 2.62069
680000 32 7.00000 14 64 215 0.84375 76 2.34375
685000 28 7.78571 15 80 206 0.92857 77 2.71429
690000 29 7.89655 15 71 228 0.86207 76 2.62069
695000 26 8.34615 15 69 214 0.96154 77 2.88462
700000 31 7.32258 17 65 223 0.93548 79 2.51613
705000 32 7.12500 16 58 214 0.87500 77 2.37500
710000 30 7.33333 17 67 228 0.83333 78 2.56667
715000 30 7.63333 17 66 231 0.86667 79 2.56667
720000 29 7.58621 16 70 215 0.86207 78 2.65517
725000 29 7.44828 17 70 217 0.86207 80 2.72414
730000 29 7.48276 19 74 218 0.82759 79 2.68966
735000 30 7.56667 17 69 221 0.93333 78 2.60000
740000 31 7.41935 15 52 221 0.80645 79 2.54839
745000 29 7.65517 14 63 226 0.86207 79 2.72414
750000 33 6.87879 15 62 219 0.81818 79 2.36364
755000 34 6.70588 16 54 225 0.85294 77 2.26471
760000 30 6.83333 17 67 217 0.86667 78 2.53333
765000 32 6.34375 17 80 211 0.93750 74 2.31250
770000 33 6.60606 25 75 216 0.81818 77 2.27273
775000 36 6.63889 25 74 252 0.94444 76 2.08333
780000 34 6.76471 24 73 224 0.79412 75 2.17647
785000 32 6.93750 23 78 225 0.87500 76 2.31250
790000 31 7.58065 24 84 241 0.90323 77 2.41935
795000 29 8.27586 28 78 249 0.89655 79 2.58621
800000 32 7.90625 29 64 252 0.90625 78 2.43750
805000 33 7.90909 29 69 261 0.90909 78 2.36364
810000 30 8.56667 27 69 249 0.90000 78 2.60000
815000 31 8.06452 26 66 237 0.87097 80 2.54839
820000 31 8.00000 25 59 236 0.83871 79 2.54839
825000 27 8.85185 23 68 236 0.92593 79 2.85185
830000 26 8.96154 21 63 233 0.92308 77 2.96154
835000 27 8.33333 21 77 221 0.81481 74 2.70370
840000 31 8.00000 21 55 236 0.87097 76 2.41935
845000 26 8.84615 21 68 232 0.88462 75 2.76923
850000 29 7.55172 17 62 208 0.86207 75 2.48276
855000 31 7.25806 18 61 214 0.83871 76 2.38710
860000 33 6.78788 20 60 215 0.84848 78 2.30303
865000 30 7.13333 19 78 219 0.80000 78 2.53333
870000 31 6.87097 17 84 209 0.74194 78 2.41935
875000 29 7.62069 18 89 226 0.82759 78 2.58621
880000 27 8.03704 17 98 235 0.85185 79 2.81481
885000 27 8.44444 18 83 236 0.88889 76 2.81481
890000 29 7.82759 19 74 223 0.79310 77 2.58621
895000 31 7.67742 24 65 225 0.83871 77 2.41935
900000 36 6.69444 23 65 231 0.75000 80 2.13889
905000 34 6.70588 21 76 216 0.76471 79 2.29412
910000 27 8.18519 19 96 226 0.81481 79 2.85185
915000 27 8.33333 24 72 224 1.00000 79 2.92593
920000 27 8.29630 25 66 214 0.92593 79 2.92593
925000 27 8.14815 24 76 218 0.88889 80 2.96296
930000 26 8.65385 24 78 224 0.84615 80 3.07692
935000 25 9.24000 28 70 231 0.88000 80 3.20000
940000 30 7.60000 27 67 224 0.80000 81 2.66667
945000 25 9.20000 25 67 225 0.84000 81 3.20000
950000 26 8.76923 23 57 220 0.84615 79 3.00000
955000 28 8.14286 21 67 229 0.78571 79 2.78571
960000 27 8.40741 23 77 230 0.85185 80 2.88889
965000 29 8.37931 26 75 235 0.86207 78 2.62069
970000 29 8.13793 27 74 234 0.79310 78 2.65517
975000 30 7.43333 26 75 226 0.90000 77 2.56667
980000 29 7.55172 25 77 219 0.86207 78 2.65517
985000 29 7.93103 27 74 221 0.79310 77 2.65517
990000 29 7.68966 28 76 224 0.86207 77 2.65517
995000 33 6.72727 25 72 220 0.75758 77 2.27273
1000000 31 7.06452 23 82 209 0.77419 79 2.54839
1005000 31 7.58065 24 75 230 0.87097 79 2.51613
1010000 37 6.64865 28 68 233 0.75676 77 2.02703
1015000 34 6.88235 30 79 221 0.76471 79 2.32353
1020000 33 7.03030 28 71 214 0.78788 79 2.39394
1025000 33 7.12121 35 80 231 0.78788 78 2.33333
1030000 32 7.56250 35 70 222 0.68750 79 2.46875
1035000 26 8.69231 35 75 218 0.80769 79 3.03846
1040000 25 9.40000 36 66 227 0.88000 79 3.16000
1045000 27 8.66667 29 67 217 0.77778 79 2.92593
1050000 22 9.72727 28 79 211 0.86364 76 3.45455
1055000 27 8.62963 33 80 224 0.70370 76 2.81481
1060000 29 8.65517 40 72 236 0.79310 77 2.62069
1065000 29 8.17241 32 85 232 0.79310 77 2.62069
1070000 26 8.88462 30 85 226 0.80769 77 2.84615
1075000 29 8.48276 26 74 232 0.82759 78 2.62069
1080000 33 7.63636 28 65 226 0.72727 77 2.33333
1085000 25 9.64000 27 69 240 0.92000 77 3.00000
1090000 25 9.32000 26 69 217 0.88000 77 3.00000
1095000 22 10.04545 25 75 229 0.90909 79 3.40909
1100000 23 9.86957 23 67 231 0.95652 79 3.30435
1105000 27 8.25926 21 60 209 0.81481 77 2.85185
1110000 25 8.68000 25 74 216 0.88000 77 2.96000
1115000 28 7.82143 21 80 216 0.85714 78 2.75000
1120000 27 8.37037 22 79 225 0.88889 79 2.81481
1125000 34 7.20588 21 70 232 0.82353 78 2.29412
1130000 34 7.44118 22 61 234 0.76471 78 2.29412
1135000 30 7.90000 22 71 232 0.83333 78 2.56667
1140000 28 8.67857 24 68 240 0.89286 79 2.78571
1145000 29 7.82759 24 77 234 0.86207 77 2.65517
1150000 28 7.82143 27 85 218 0.85714 79 2.78571
1155000 28 8.14286 24 89 220 0.78571 78 2.75000
1160000 30 7.80000 24 82 225 0.83333 79 2.60000
1165000 31 7.48387 24 73 225 0.77419 78 2.51613
1170000 30 7.53333 22 76 228 0.83333 79 2.63333
1175000 29 7.86207 25 82 237 0.86207 78 2.68966
1180000 27 8.44444 28 86 241 0.88889 79 2.88889
1185000 24 9.75000 38 87 240 0.83333 79 3.20833
1190000 23 10.08696 38 92 242 0.91304 79 3.43478
1195000 29 8.13793 37 87 238 0.79310 79 2.68966
1200000 28 9.10714 35 71 245 0.75000 79 2.82143
1205000 24 10.41667 35 87 249 0.83333 79 3.29167
1210000 23 10.47826 32 80 232 0.78261 79 3.43478
1215000 21 11.09524 30 83 229 0.90476 79 3.76190
1220000 25 9.36000 30 72 230 0.88000 79 3.12000
1225000 25 8.96000 29 78 234 0.92000 79 3.16000
1230000 23 8.78261 28 79 210 0.82609 78 3.34783
1235000 29 7.20690 27 68 212 0.79310 78 2.65517
1240000 23 8.43478 27 80 204 0.82609 77 3.34783
1245000 24 8.70833 32 68 214 0.83333 78 3.16667
1250000 23 8.86957 30 71 210 0.73913 79 3.39130
1255000 23 8.78261 28 74 216 0.82609 79 3.39130
1260000 21 9.52381 30 85 215 0.85714 78 3.61905
1265000 25 8.48000 32 83 217 0.76000 77 3.08000
1270000 30 7.73333 31 76 231 0.83333 80 2.63333
1275000 26 8.15385 29 84 226 0.80769 76 2.88462
1280000 25 8.60000 28 77 222 0.76000 77 3.00000
1285000 20 10.60000 34 78 229 0.95000 78 3.85000
1290000 21 10.19048 33 86 241 0.95238 79 3.66667
1295000 22 10.18182 36 80 239 0.86364 79 3.59091
1300000 24 9.62500 39 71 242 0.79167 77 3.20833
1305000 24 9.25000 40 66 234 0.87500 77 3.20833
1310000 24 8.83333 33 84 228 0.83333 78 3.20833
1315000 30 7.26667 30 74 220 0.73333 78 2.56667
1320000 25 8.28000 28 97 224 0.88000 77 3.08000
1325000 27 8.25926 31 84 226 0.77778 78 2.88889
1330000 30 7.50000 32 83 230 0.76667 77 2.53333
1335000 27 8.25926 31 84 233 0.85185 77 2.81481
1340000 25 8.76000 28 88 231 0.88000 77 3.04000
1345000 24 9.00000 35 85 229 0.91667 76 3.12500
1350000 26 8.42308 32 86 230 0.84615 78 2.92308
1355000 28 7.78571 34 84 211 0.75000 75 2.60714
1360000 26 8.00000 30 89 218 0.73077 75 2.80769
1365000 24 8.75000 28 84 219 0.91667 76 3.08333
1370000 27 7.59259 25 85 212 0.81481 76 2.77778
1375000 29 6.89655 20 89 208 0.79310 77 2.58621
1380000 28 7.42857 20 74 209 0.85714 76 2.67857
1385000 31 6.87097 22 70 219 0.83871 76 2.38710
1390000 27 7.85185 23 78 217 0.81481 78 2.74074
1395000 30 7.43333 24 74 227 0.80000 80 2.56667
1400000 25 9.08000 26 76 229 0.84000 79 3.04000
1405000 25 9.32000 25 82 241 0.80000 78 3.00000
1410000 25 9.08000 24 85 236 0.80000 77 3.04000
1415000 23 9.95652 28 85 234 0.91304 79 3.34783
1420000 28 8.60714 30 86 247 0.78571 80 2.75000
1425000 25 9.64000 31 79 245 0.84000 80 3.16000
1430000 26 9.03846 26 78 228 0.69231 79 3.00000
1435000 25 9.40000 27 82 237 0.80000 79 3.12000
1440000 27 8.62963 22 76 221 0.66667 78 2.85185
1445000 30 7.80000 23 66 224 0.76667 77 2.56667
1450000 23 9.60870 23 84 218 0.78261 78 3.34783
1455000 23 9.26087 22 82 218 0.78261 76 3.30435
1460000 19 11.21053 20 85 220 0.94737 76 4.00000
1465000 25 8.36000 19 66 206 0.80000 75 3.00000
1470000 25 8.44000 20 72 202 0.84000 77 3.04000
1475000 29 7.68966 20 63 214 0.72414 78 2.58621
1480000 25 8.32000 25 80 214 0.88000 76 3.00000
1485000 28 7.64286 24 72 212 0.85714 77 2.60714
1490000 24 8.45833 26 75 208 0.87500 78 3.08333
1495000 24 8.45833 26 82 207 0.87500 77 3.08333
1500000 32 6.84375 27 85 220 0.78125 76 2.31250
1505000 27 7.85185 24 86 221 0.88889 74 2.66667
1510000 29 7.51724 23 86 229 0.82759 73 2.48276
1515000 25 8.36000 26 86 212 0.80000 73 2.84000
1520000 25 8.52000 24 71 212 0.76000 75 2.84000
1525000 26 8.50000 25 71 217 0.84615 74 2.76923
1530000 29 7.72414 27 71 228 0.93103 75 2.55172
1535000 27 8.37037 31 67 225 0.88889 77 2.77778
1540000 26 8.34615 31 69 214 0.76923 76 2.92308
1545000 35 6.42857 27 61 205 0.65714 77 2.20000
1550000 27 7.62963 24 78 206 0.74074 76 2.81481
1555000 23 8.69565 25 85 205 0.82609 75 3.26087
1560000 24 8.45833 23 84 216 0.87500 75 3.08333
1565000 24 8.33333 21 89 216 1.00000 75 3.04167
1570000 30 7.23333 20 77 214 0.76667 77 2.56667
1575000 26 8.42308 21 83 226 0.80769 77 2.88462
1580000 30 7.43333 25 68 227 0.80000 77 2.50000
1585000 28 7.89286 26 74 225 0.82143 78 2.67857
1590000 29 8.17241 22 64 243 0.82759 78 2.65517
1595000 28 8.03571 21 65 230 0.85714 79 2.71429
1600000 28 7.75000 19 77 230 0.96429 79 2.78571
1605000 24 9.41667 28 65 234 0.91667 79 3.20833
1610000 29 8.31034 27 64 237 0.75862 79 2.62069
1615000 27 9.18519 29 57 251 0.85185 77 2.85185
1620000 26 9.26923 29 55 242 0.84615 77 2.92308
1625000 27 8.74074 28 57 235 0.92593 78 2.77778
1630000 23 10.17391 26 68 239 1.00000 78 3.26087
1635000 26 9.00000 26 64 233 0.88462 80 3.00000
1640000 27 8.66667 27 65 244 0.92593 80 2.85185
1645000 29 8.06897 27 72 242 0.93103 80 2.75862
1650000 28 7.92857 25 74 231 0.89286 79 2.82143
1655000 27 8.51852 24 71 241 0.88889 77 2.85185
1660000 30 7.73333 31 72 228 0.76667 78 2.53333
1665000 22 9.86364 31 78 224 0.95455 77 3.27273
1670000 24 9.45833 31 82 235 0.87500 77 3.00000
1675000 25 8.88000 29 72 229 0.96000 77 3.04000
1680000 27 8.25926 27 69 225 0.77778 76 2.77778
1685000 28 7.89286 27 65 223 0.78571 75 2.67857
1690000 26 8.50000 25 72 226 0.84615 78 2.96154
1695000 28 8.10714 26 75 239 0.92857 79 2.75000
1700000 29 7.93103 27 71 239 0.82759 78 2.62069
1705000 27 8.62963 29 78 248 0.92593 76 2.77778
1710000 29 8.41379 31 67 239 0.82759 76 2.62069
1715000 26 9.23077 34 62 244 0.80769 77 2.88462
1720000 26 9.65385 37 58 253 0.84615 76 2.88462
1725000 32 7.68750 31 53 236 0.78125 77 2.34375
1730000 25 9.04000 32 63 236 0.88000 76 3.00000
1735000 23 9.65217 31 70 229 0.91304 78 3.26087
1740000 28 8.17857 28 66 239 0.85714 77 2.71429
1745000 30 7.76667 26 73 237 0.73333 78 2.50000
1750000 32 7.43750 25 66 233 0.84375 78 2.37500
1755000 28 8.28571 24 72 236 0.78571 77 2.67857
1760000 26 9.30769 25 69 242 0.88462 79 2.92308
1765000 27 8.88889 24 71 239 0.88889 77 2.77778
1770000 32 7.78125 24 62 254 0.87500 77 2.40625
1775000 26 9.03846 26 85 249 0.92308 79 3.00000
1780000 31 8.51613 28 59 246 0.80645 80 2.51613
1785000 24 10.16667 29 68 250 0.95833 79 3.25000
1790000 29 8.55172 28 63 253 0.72414 80 2.68966
1795000 26 9.19231 29 70 245 0.80769 78 3.00000
1800000 23 10.08696 24 71 242 0.95652 78 3.39130
1805000 28 8.35714 20 67 229 0.78571 78 2.78571
1810000 28 8.46429 21 64 235 0.78571 78 2.71429
1815000 26 9.03846 20 70 234 0.76923 76 2.88462
1820000 26 9.50000 26 57 248 0.84615 76 2.84615
1825000 21 11.71429 24 65 249 0.90476 77 3.61905
1830000 27 9.33333 22 58 245 0.66667 78 2.81481
1835000 25 9.68000 22 60 238 0.80000 79 3.08000
1840000 24 9.33333 22 68 230 0.87500 79 3.20833
1845000 23 10.30435 26 75 235 0.86957 79 3.34783
1850000 23 10.21739 23 73 239 0.91304 78 3.30435
1855000 26 8.96154 25 77 228 0.69231 81 2.96154
1860000 26 8.69231 26 73 229 0.88462 80 3.00000
1865000 26 8.38462 24 79 227 0.88462 79 3.00000
1870000 23 8.60870 23 86 220 0.91304 80 3.34783
1875000 26 7.76923 28 86 219 0.76923 79 3.00000
1880000 25 7.84000 29 95 201 0.72000 77 3.04000
1885000 22 8.95455 30 90 215 0.95455 80 3.54545
1890000 29 7.37931 29 80 211 0.72414 80 2.65517
1895000 25 8.36000 29 84 214 0.76000 78 3.04000
1900000 26 7.88462 29 86 208 0.80769 79 2.96154
1905000 27 7.85185 29 84 217 0.74074 76 2.81481
1910000 27 8.22222 30 87 225 0.70370 79 2.92593
1915000 25 8.44000 28 86 210 0.72000 77 3.04000
1920000 23 9.13043 29 89 217 0.82609 78 3.34783
1925000 28 8.28571 31 78 224 0.71429 78 2.71429
1930000 27 8.40741 26 76 222 0.74074 76 2.77778
1935000 21 10.14286 25 88 231 0.90476 77 3.57143
1940000 25 8.68000 23 90 227 0.88000 79 3.12000
1945000 26 8.53846 27 105 232 0.76923 78 2.96154
1950000 33 7.12121 28 78 205 0.66667 78 2.33333
1955000 25 8.68000 27 83 225 0.88000 80 3.16000
1960000 26 8.07692 25 79 223 0.84615 78 2.92308
1965000 26 7.76923 23 74 207 0.80769 77 2.92308
1970000 27 7.77778 29 65 206 0.81481 77 2.81481
1975000 30 7.30000 30 62 206 0.76667 76 2.46667
1980000 25 8.20000 27 78 206 0.84000 76 3.04000
1985000 29 7.51724 31 75 211 0.72414 76 2.62069
1990000 24 8.45833 30 87 214 0.95833 79 3.25000
1995000 26 7.92308 32 81 204 0.76923 78 2.96154
2000000 30 7.20000 30 82 215 0.80000 78 2.60000
2005000 26 7.69231 29 89 217 0.80769 78 2.96154
2010000 26 7.84615 30 78 210 0.76923 77 2.92308
2015000 23 8.60870 31 82 206 0.78261 78 3.34783
2020000 26 8.23077 32 74 215 0.80769 80 2.96154
2025000 30 7.30000 31 68 208 0.70000 76 2.53333
2030000 25 7.92000 26 83 202 0.84000 77 3.04000
2035000 30 6.60000 24 85 201 0.83333 79 2.56667
2040000 30 7.03333 25 86 219 0.86667 80 2.63333
2045000 27 7.85185 27 89 220 0.85185 80 2.96296
2050000 32 6.96875 26 85 223 0.71875 79 2.46875
2055000 30 7.60000 26 81 240 0.86667 79 2.60000
2060000 26 8.34615 27 89 226 0.76923 77 2.92308
2065000 28 7.89286 25 89 225 0.92857 80 2.82143
2070000 31 7.29032 34 85 226 0.80645 78 2.48387
2075000 27 7.81481 32 87 227 0.88889 78 2.85185
2080000 27 7.40741 28 73 214 0.88889 78 2.88889
2085000 26 7.65385 30 71 208 0.96154 78 2.96154
2090000 28 7.10714 25 70 203 0.82143 78 2.71429
2095000 27 7.22222 25 83 201 0.88889 77 2.81481
2100000 27 7.66667 28 81 213 0.85185 77 2.81481
2105000 29 7.10345 29 88 212 0.79310 77 2.62069
2110000 29 7.10345 30 83 208 0.89655 79 2.72414
2115000 29 7.34483 28 89 224 0.86207 79 2.68966
2120000 26 7.88462 25 91 222 0.88462 77 2.96154
2125000 26 8.73077 26 83 243 0.92308 78 3.00000
2130000 30 7.63333 23 77 228 0.80000 77 2.56667
2135000 24 9.20833 29 84 240 0.91667 77 3.20833
2140000 29 7.68966 25 78 228 0.82759 77 2.65517
2145000 30 7.73333 34 68 232 0.80000 79 2.63333
2150000 26 8.26923 34 79 230 0.84615 79 3.03846
2155000 28 7.67857 31 80 218 0.85714 79 2.82143
2160000 28 8.35714 32 78 236 0.89286 80 2.85714
2165000 24 9.41667 37 78 224 0.83333 81 3.37500
2170000 24 9.08333 35 76 223 0.91667 79 3.29167
2175000 24 8.75000 35 79 218 0.87500 79 3.29167
2180000 27 7.85185 34 71 207 0.85185 79 2.92593
2185000 31 6.67742 33 76 209 0.74194 78 2.48387
2190000 23 8.60870 33 87 216 0.91304 78 3.39130
2195000 24 8.25000 31 96 204 0.79167 79 3.29167
2200000 30 7.20000 32 74 200 0.63333 80 2.63333
2205000 26 8.03846 32 82 206 0.73077 80 3.07692
2210000 31 7.06452 30 75 210 0.70968 79 2.54839
2215000 25 8.20000 33 81 208 0.76000 78 3.12000
2220000 27 8.11111 33 83 224 0.70370 80 2.92593
2225000 24 9.41667 34 90 245 0.79167 77 3.16667
2230000 25 9.00000 29 85 237 0.80000 77 3.00000
2235000 20 10.65000 29 79 226 0.85000 77 3.80000
2240000 25 9.00000 29 61 225 0.76000 77 3.08000
2245000 22 9.40909 28 75 221 0.81818 78 3.45455
2250000 26 8.38462 27 77 230 0.84615 77 2.88462
2255000 24 8.66667 24 84 218 0.75000 78 3.20833
2260000 29 7.51724 25 69 206 0.65517 76 2.62069
2265000 30 7.06667 24 84 218 0.80000 76 2.50000
2270000 23 8.78261 24 92 209 0.78261 79 3.34783
2275000 27 7.85185 24 91 217 0.77778 77 2.85185
2280000 25 8.44000 25 78 233 0.84000 76 3.00000
2285000 26 8.03846 30 78 209 0.69231 77 2.96154
2290000 30 7.23333 26 70 209 0.80000 78 2.56667
2295000 25 8.20000 24 72 205 0.84000 78 3.08000
2300000 26 8.00000 27 96 218 0.84615 81 3.00000
2305000 26 8.38462 27 85 225 0.76923 79 3.03846
2310000 27 8.18519 28 86 218 0.70370 79 2.92593
2315000 31 7.16129 25 77 216 0.70968 78 2.51613
2320000 24 8.79167 27 80 219 0.91667 76 3.16667
2325000 26 8.46154 30 75 229 0.88462 79 2.96154
2330000 30 7.36667 27 77 222 0.86667 76 2.53333
2335000 28 7.82143 25 85 232 0.78571 78 2.75000
2340000 29 7.86207 27 74 227 0.75862 79 2.68966
2345000 26 8.19231 23 87 222 0.84615 77 2.92308
2350000 29 7.55172 24 74 223 0.89655 78 2.62069
2355000 26 7.61538 20 78 204 0.80769 76 2.92308
2360000 27 7.59259 23 80 213 0.77778 77 2.81481
2365000 30 7.13333 23 78 223 0.83333 80 2.63333
2370000 33 6.75758 21 74 221 0.75758 78 2.36364
2375000 27 8.48148 22 89 236 0.77778 79 2.92593
2380000 32 7.68750 25 65 236 0.75000 81 2.50000
2385000 30 7.83333 23 69 228 0.76667 80 2.66667
2390000 27 8.40741 28 76 221 0.81481 80 2.96296
2395000 25 8.92000 29 82 236 0.92000 80 3.16000
2400000 30 7.56667 26 72 232 0.76667 77 2.50000
2405000 28 7.67857 22 86 216 0.78571 80 2.75000
2410000 28 7.92857 22 83 225 0.75000 78 2.75000
2415000 26 8.53846 23 79 217 0.80769 79 2.96154
2420000 30 7.70000 24 84 231 0.76667 79 2.56667
2425000 33 7.39394 26 76 238 0.75758 78 2.30303
2430000 24 9.45833 29 94 228 0.87500 78 3.20833
2435000 28 8.50000 28 91 245 0.78571 77 2.75000
2440000 30 7.76667 25 84 222 0.76667 76 2.53333
2445000 31 7.77419 28 72 227 0.74194 76 2.45161
2450000 30 7.63333 24 77 212 0.66667 76 2.53333
2455000 29 7.41379 23 75 210 0.75862 78 2.65517
2460000 33 6.51515 25 79 210 0.72727 77 2.30303
2465000 25 7.72000 23 89 207 0.80000 78 3.04000
2470000 27 7.40741 28 88 205 0.85185 76 2.81481
2475000 22 8.40909 27 104 191 0.95455 77 3.50000
2480000 30 6.63333 23 86 202 0.80000 78 2.56667
2485000 27 7.22222 23 96 208 0.81481 76 2.81481
2490000 31 6.90323 23 86 208 0.67742 77 2.41935
2495000 30 7.16667 22 79 216 0.83333 74 2.43333
2500000 27 8.22222 22 90 228 0.77778 74 2.66667
2505000 27 8.11111 33 87 225 0.81481 73 2.55556
2510000 22 10.04545 33 82 227 0.86364 75 3.22727
2515000 27 8.44444 33 73 231 0.77778 75 2.74074
2520000 31 7.35484 29 75 216 0.67742 73 2.35484
2525000 24 8.25000 25 90 215 0.79167 76 3.08333
2530000 25 7.96000 26 80 211 0.80000 77 3.00000
2535000 27 7.37037 22 76 199 0.70370 77 2.81481
2540000 31 6.67742 22 70 194 0.67742 75 2.41935
2545000 22 9.09091 21 76 208 0.81818 72 3.27273
2550000 21 9.71429 21 74 204 0.76190 77 3.61905
2555000 23 8.65217 21 81 208 0.82609 76 3.21739
2560000 22 8.86364 21 84 214 0.90909 76 3.27273
2565000 26 7.50000 20 82 213 0.84615 78 2.76923
2570000 25 7.80000 22 84 210 0.88000 76 2.92000
2575000 26 8.00000 31 78 204 0.73077 76 2.80769
2580000 32 6.53125 29 76 202 0.75000 77 2.31250
2585000 24 7.79167 24 93 211 0.79167 78 3.12500
2590000 24 8.58333 27 82 212 0.91667 78 3.25000
2595000 31 7.25806 29 65 235 0.83871 80 2.51613
2600000 29 7.44828 28 75 226 0.89655 79 2.65517
2605000 28 7.82143 27 78 234 0.92857 79 2.78571
2610000 33 6.69697 27 80 225 0.75758 79 2.36364
2615000 30 7.10000 30 82 215 0.83333 77 2.56667
2620000 30 7.06667 27 85 219 0.76667 77 2.53333
2625000 30 7.10000 30 85 223 0.76667 78 2.56667
2630000 28 7.39286 34 86 227 0.85714 78 2.78571
2635000 33 6.87879 32 80 229 0.78788 80 2.36364
2640000 28 7.89286 33 79 232 0.82143 81 2.82143
2645000 28 7.85714 31 84 247 0.89286 80 2.82143
2650000 25 8.68000 34 75 226 0.88000 79 3.16000
2655000 28 8.03571 33 73 233 0.82143 79 2.82143
2660000 26 8.30769 32 73 230 0.88462 79 3.00000
2665000 27 8.48148 34 77 240 0.92593 79 2.92593
2670000 31 7.51613 34 71 237 0.77419 79 2.51613
2675000 25 8.64000 30 84 229 0.88000 80 3.16000
2680000 26 8.76923 30 82 241 0.80769 77 2.92308
2685000 28 8.25000 27 72 230 0.85714 75 2.64286
2690000 26 8.84615 28 86 245 0.80769 76 2.84615
2695000 21 10.76190 28 84 246 0.95238 79 3.57143
2700000 28 8.75000 30 68 244 0.82143 78 2.75000
2705000 33 7.78788 27 59 253 0.78788 79 2.33333
2710000 34 7.41176 26 74 251 0.82353 78 2.26471
2715000 28 8.42857 26 84 246 0.82143 80 2.78571
2720000 24 9.25000 24 75 232 0.95833 79 3.25000
2725000 23 9.52174 26 73 238 1.00000 79 3.39130
2730000 25 8.76000 24 79 226 0.84000 78 3.12000
2735000 27 8.44444 23 60 230 0.85185 78 2.88889
2740000 28 8.00000 21 70 223 0.75000 78 2.78571
2745000 26 8.42308 25 70 217 0.80769 79 3.03846
2750000 26 8.42308 25 77 221 0.88462 78 3.00000
2755000 28 7.85714 25 77 222 0.85714 79 2.78571
2760000 29 7.48276 21 82 220 0.79310 78 2.68966
2765000 26 8.23077 21 83 220 0.76923 80 3.03846
2770000 26 8.19231 19 85 224 0.84615 81 3.07692
2775000 23 9.47826 21 70 213 0.91304 79 3.34783
2780000 25 9.04000 28 69 233 0.80000 80 3.12000
2785000 25 8.68000 26 75 219 0.84000 78 3.04000
2790000 21 10.04762 27 93 228 0.85714 78 3.61905
2795000 25 8.56000 23 79 220 0.76000 76 2.96000
2800000 23 9.34783 27 86 229 0.82609 75 3.26087
2805000 29 7.75862 29 74 230 0.82759 77 2.62069
2810000 28 8.14286 32 68 236 0.82143 78 2.78571
2815000 29 8.06897 33 62 237 0.82759 78 2.62069
2820000 30 7.93333 34 60 239 0.83333 80 2.63333
2825000 26 8.11538 31 75 217 0.92308 78 2.92308
2830000 29 7.79310 30 62 232 0.79310 79 2.62069
2835000 26 8.38462 30 74 221 0.84615 79 2.96154
2840000 28 7.75000 28 73 218 0.85714 77 2.67857
2845000 28 7.60714 27 74 215 0.85714 76 2.71429
2850000 24 8.45833 25 82 220 0.75000 78 3.16667
2855000 28 7.50000 26 82 222 0.75000 80 2.75000
2860000 29 7.34483 25 71 219 0.72414 78 2.62069
2865000 27 7.77778 24 86 215 0.81481 76 2.77778
2870000 25 8.12000 22 91 219 0.84000 79 3.04000
2875000 23 9.34783 25 81 225 0.91304 79 3.26087
2880000 25 8.84000 23 80 225 0.88000 76 2.96000
2885000 34 6.61765 22 78 218 0.67647 77 2.14706
2890000 26 8.34615 22 85 218 0.76923 76 2.84615
2895000 30 7.40000 22 78 217 0.70000 76 2.43333
2900000 25 8.56000 25 92 230 0.84000 75 2.96000
2905000 27 8.40741 25 88 242 0.85185 79 2.77778
2910000 23 9.39130 26 92 237 1.00000 79 3.34783
2915000 27 8.51852 29 75 232 0.88889 79 2.85185
2920000 27 8.66667 28 73 245 0.92593 77 2.81481
2925000 29 8.34483 25 76 245 0.82759 79 2.65517
2930000 29 8.31034 23 70 249 0.82759 79 2.68966
2935000 28 8.42857 22 78 239 0.82143 78 2.78571
2940000 32 7.65625 22 65 240 0.78125 76 2.37500
2945000 25 9.36000 32 68 237 0.88000 77 3.08000
2950000 27 8.48148 30 67 226 0.88889 79 2.92593
2955000 21 10.38095 32 71 224 0.90476 79 3.71429
2960000 21 10.38095 28 66 221 0.85714 79 3.66667
2965000 25 9.00000 27 71 224 0.80000 77 3.04000
2970000 22 10.22727 26 67 230 0.86364 79 3.50000
2975000 25 9.04000 26 70 225 0.84000 79 3.04000
2980000 25 9.28000 25 74 235 0.88000 80 3.08000
2985000 27 8.62963 25 76 238 0.88889 78 2.85185
2990000 26 8.69231 30 72 236 0.88462 79 3.03846
2995000 27 8.14815 28 75 219 0.81481 79 2.85185
3000000 29 7.82759 24 75 221 0.82759 78 2.58621
3005000 24 8.70833 23 83 215 0.87500 78 3.08333
3010000 28 7.75000 39 82 218 0.85714 78 2.75000
3015000 28 7.89286 22 78 224 0.82143 79 2.78571
3020000 29 7.51724 22 78 210 0.75862 78 2.68966
3025000 23 9.08696 28 92 213 0.95652 75 3.21739
3030000 28 8.21429 28 65 212 0.89286 73 2.57143
3035000 24 8.70833 30 72 201 0.95833 75 3.04167
3040000 28 7.71429 28 72 206 0.85714 78 2.67857
3045000 28 7.71429 26 73 212 0.89286 79 2.71429
3050000 29 7.48276 24 82 218 0.82759 78 2.65517
3055000 26 8.38462 25 83 209 0.92308 79 2.92308
3060000 25 8.56000 26 81 211 0.88000 75 2.96000
3065000 29 7.65517 26 76 212 0.86207 74 2.55172
3070000 30 7.26667 25 71 215 0.90000 76 2.50000
3075000 27 8.18519 28 68 222 0.92593 76 2.77778
3080000 37 6.45946 31 69 226 0.78378 75 2.02703
3085000 32 7.28125 31 72 238 0.78125 78 2.40625
3090000 29 7.68966 30 75 232 0.82759 76 2.58621
3095000 34 6.73529 30 81 218 0.76471 78 2.20588
3100000 27 8.00000 28 89 218 0.85185 78 2.77778
3105000 29 7.34483 28 88 224 0.79310 76 2.51724
3110000 34 6.94118 26 68 209 0.73529 75 2.17647
3115000 28 7.71429 24 77 224 0.85714 75 2.64286
3120000 30 7.43333 25 75 223 0.76667 78 2.46667
3125000 28 7.78571 24 74 212 0.85714 80 2.71429
3130000 28 7.71429 24 79 219 0.82143 77 2.67857
3135000 29 7.79310 22 77 224 0.89655 78 2.62069
3140000 26 8.46154 21 89 226 0.88462 77 2.92308
3145000 28 8.14286 22 74 237 0.78571 78 2.71429
3150000 27 8.18519 22 78 221 0.88889 78 2.85185
3155000 32 7.56250 21 72 227 0.71875 75 2.34375
3160000 25 9.44000 27 79 240 0.80000 77 3.04000
3165000 25 9.08000 27 83 230 1.00000 78 3.00000
3170000 29 8.24138 29 82 231 0.68966 79 2.65517
3175000 28 8.39286 24 83 227 0.75000 79 2.82143
3180000 27 8.51852 25 85 228 0.77778 79 2.92593
3185000 25 8.64000 26 81 213 0.80000 80 3.16000
3190000 27 8.22222 25 70 217 0.77778 79 2.92593
3195000 26 8.53846 24 86 233 0.88462 79 2.96154
3200000 29 8.00000 24 80 244 0.93103 79 2.68966
3205000 30 7.90000 23 69 235 0.83333 80 2.63333
3210000 33 7.03030 24 67 231 0.72727 78 2.33333
3215000 28 7.71429 24 92 226 0.78571 77 2.75000
3220000 27 8.11111 24 85 218 0.74074 77 2.77778
3225000 23 9.78261 25 89 225 0.78261 77 3.21739
3230000 30 7.96667 26 66 211 0.63333 79 2.56667
3235000 31 7.87097 34 71 221 0.64516 78 2.48387
3240000 24 9.62500 34 71 229 0.75000 78 3.16667
3245000 28 8.39286 34 71 231 0.82143 79 2.78571
3250000 29 8.06897 31 78 237 0.79310 79 2.68966
3255000 30 7.80000 33 69 233 0.70000 79 2.60000
3260000 26 8.65385 34 83 229 0.88462 77 2.92308
3265000 28 8.46429 35 86 236 0.85714 76 2.71429
3270000 31 7.83871 34 72 238 0.83871 78 2.51613
3275000 27 8.92593 35 80 235 0.81481 79 2.92593
3280000 26 9.23077 33 85 245 0.84615 79 3.00000
3285000 26 9.61538 34 79 257 0.92308 79 3.03846
3290000 31 8.16129 32 63 249 0.83871 77 2.45161
3295000 26 9.19231 34 70 241 0.80769 79 2.92308
3300000 28 8.50000 31 71 236 0.85714 79 2.78571
3305000 27 9.03704 32 69 243 0.88889 79 2.85185
3310000 30 8.43333 39 60 234 0.66667 78 2.56667
3315000 25 9.80000 38 58 237 0.92000 79 3.12000
3320000 29 8.72414 36 57 254 0.86207 79 2.72414
3325000 25 8.88000 33 75 232 0.88000 79 3.16000
3330000 33 7.03030 33 68 222 0.78788 79 2.36364
3335000 29 7.89655 33 71 232 0.82759 78 2.65517
3340000 28 7.92857 31 91 230 0.85714 79 2.75000
3345000 28 8.35714 33 89 234 0.75000 78 2.75000
3350000 31 7.64516 32 75 231 0.70968 78 2.51613
3355000 23 9.56522 31 83 222 0.91304 79 3.43478
3360000 27 8.22222 27 83 217 0.77778 79 2.88889
3365000 27 8.14815 27 92 218 0.85185 77 2.81481
3370000 28 8.14286 24 77 223 0.78571 77 2.71429
3375000 27 8.07407 23 89 228 0.81481 77 2.81481
3380000 30 7.86667 25 76 223 0.76667 77 2.53333
3385000 28 8.21429 26 81 241 0.92857 79 2.75000
3390000 25 8.88000 24 83 229 0.96000 79 3.12000
3395000 27 8.29630 26 82 221 0.81481 77 2.81481
3400000 26 8.57692 30 85 231 0.80769 77 2.92308
3405000 31 7.35484 25 83 233 0.77419 78 2.45161
3410000 31 7.06452 26 86 231 0.77419 78 2.51613
3415000 27 8.22222 24 79 232 0.81481 79 2.88889
3420000 29 7.58621 25 88 231 0.89655 80 2.62069
3425000 32 6.93750 25 81 225 0.78125 79 2.40625
3430000 31 7.25806 27 73 218 0.77419 78 2.48387
3435000 24 9.04167 26 91 241 0.91667 78 3.25000
3440000 24 9.25000 34 86 242 0.91667 76 3.16667
3445000 30 7.70000 31 80 237 0.80000 77 2.56667
3450000 33 7.00000 22 81 231 0.72727 80 2.39394
3455000 31 7.03226 20 86 224 0.87097 79 2.54839
3460000 33 6.39394 21 89 224 0.84848 79 2.39394
3465000 28 7.00000 20 93 208 0.78571 77 2.75000
3470000 29 6.89655 21 84 206 0.79310 76 2.62069
3475000 31 6.87097 22 82 222 0.77419 78 2.51613
3480000 29 7.31034 23 84 205 0.82759 79 2.68966
3485000 28 7.57143 24 80 209 0.78571 77 2.75000
3490000 29 7.41379 21 74 210 0.89655 77 2.62069
3495000 32 6.78125 20 77 206 0.75000 78 2.37500
3500000 25 8.28000 20 81 197 0.88000 78 3.04000
3505000 25 8.32000 22 83 209 0.88000 76 3.00000
3510000 21 9.76190 21 97 225 1.00000 77 3.61905
3515000 28 7.53571 24 86 217 0.82143 78 2.67857
3520000 30 6.96667 23 81 209 0.83333 79 2.60000
3525000 29 7.00000 23 87 215 0.89655 79 2.65517
3530000 31 6.87097 25 83 202 0.74194 78 2.51613
3535000 30 7.03333 26 98 211 0.76667 78 2.56667
3540000 28 8.07143 30 87 225 0.85714 78 2.75000
3545000 30 7.40000 28 84 220 0.86667 80 2.56667
3550000 28 7.96429 26 79 219 0.78571 78 2.71429
3555000 24 8.62500 26 96 217 0.91667 78 3.16667
3560000 27 7.88889 25 86 222 0.81481 78 2.88889
3565000 31 7.29032 26 72 224 0.83871 77 2.45161
3570000 28 7.71429 29 104 223 0.75000 77 2.71429
3575000 31 7.19355 27 103 229 0.70968 77 2.48387
3580000 31 7.48387 28 108 242 0.83871 76 2.45161
3585000 28 8.28571 25 96 244 0.78571 78 2.75000
3590000 32 7.40625 24 82 240 0.78125 78 2.40625
3595000 32 7.40625 22 73 228 0.78125 76 2.34375
3600000 35 6.85714 23 81 249 0.82857 77 2.20000
3605000 31 7.61290 21 80 235 0.83871 77 2.48387
3610000 31 7.48387 22 80 241 0.83871 78 2.51613
3615000 30 7.50000 25 85 221 0.83333 79 2.60000
3620000 29 7.89655 24 84 233 0.86207 78 2.68966
3625000 32 7.34375 27 81 233 0.81250 78 2.37500
3630000 27 8.44444 29 91 232 0.81481 79 2.88889
3635000 30 7.66667 27 86 234 0.83333 80 2.66667
3640000 27 8.18519 26 86 226 0.85185 79 2.92593
3645000 25 8.80000 26 89 234 0.88000 79 3.16000
3650000 29 7.79310 28 79 220 0.75862 79 2.72414
3655000 25 8.72000 27 97 219 0.88000 79 3.16000
3660000 29 7.93103 30 86 225 0.75862 75 2.58621
3665000 29 7.72414 30 78 225 0.82759 77 2.62069
3670000 30 8.00000 29 77 229 0.73333 78 2.60000
3675000 29 8.62069 31 68 233 0.72414 76 2.62069
3680000 26 9.00000 28 84 232 0.84615 78 2.96154
3685000 27 9.00000 26 72 226 0.85185 76 2.81481
3690000 24 10.00000 32 72 240 0.87500 77 3.16667
3695000 25 9.12000 29 72 220 0.80000 76 3.00000
3700000 25 9.32000 27 74 221 0.72000 77 3.00000
3705000 23 9.73913 28 81 234 0.82609 77 3.26087
3710000 29 7.96552 29 70 219 0.72414 76 2.55172
3715000 23 9.39130 31 80 216 0.82609 78 3.26087
3720000 27 8.40741 31 78 224 0.81481 76 2.77778
3725000 26 8.50000 33 86 232 0.88462 77 2.92308
3730000 26 8.46154 35 85 222 0.76923 78 2.84615
3735000 23 9.65217 33 91 232 0.78261 78 3.26087
3740000 25 8.96000 28 85 221 0.84000 77 3.00000
3745000 30 8.00000 32 80 245 0.83333 79 2.56667
3750000 27 9.00000 31 81 240 0.74074 79 2.81481
3755000 31 8.06452 39 77 256 0.87097 79 2.51613
3760000 25 9.04000 39 90 249 0.84000 80 3.12000
3765000 32 7.46875 36 83 245 0.81250 78 2.43750
3770000 29 7.93103 31 84 245 0.82759 78 2.68966
3775000 28 8.85714 30 66 239 0.71429 77 2.75000
3780000 22 10.22727 31 88 239 0.86364 76 3.45455
3785000 27 8.55556 30 68 240 0.85185 76 2.81481
3790000 22 9.86364 32 79 233 0.86364 79 3.45455
3795000 25 8.32000 28 85 232 0.84000 79 3.12000
3800000 29 7.27586 28 74 217 0.82759 79 2.68966
3805000 23 9.08696 30 82 221 0.95652 77 3.30435
3810000 22 9.31818 28 79 228 0.90909 77 3.45455
3815000 26 8.15385 24 69 206 0.65385 74 2.80769
3820000 20 9.65000 26 105 217 0.90000 74 3.60000
3825000 28 7.60714 25 80 210 0.75000 77 2.67857
3830000 23 9.00000 29 76 219 0.91304 77 3.21739
3835000 22 9.27273 31 74 226 0.95455 76 3.40909
3840000 22 9.45455 31 84 225 0.81818 78 3.45455
3845000 24 8.75000 31 88 224 0.83333 77 3.16667
3850000 26 7.80769 28 85 209 0.80769 78 2.96154
3855000 25 8.12000 32 82 206 0.76000 75 3.00000
3860000 26 7.92308 31 79 212 0.80769 74 2.80769
3865000 27 7.62963 32 74 211 0.74074 75 2.74074
3870000 28 7.89286 33 62 224 0.85714 76 2.67857
3875000 32 6.68750 31 62 215 0.84375 77 2.37500
3880000 26 7.65385 33 69 209 0.76923 77 2.80769
3885000 27 7.44444 34 71 210 0.88889 76 2.77778
3890000 26 7.53846 38 74 201 0.84615 76 2.92308
3895000 20 9.25000 40 84 203 0.85000 76 3.80000
3900000 28 7.53571 40 72 217 0.89286 77 2.71429
3905000 24 8.62500 39 84 214 0.79167 79 3.20833
3910000 24 8.83333 42 76 227 0.83333 79 3.16667
3915000 26 7.80769 50 88 217 0.76923 79 2.96154
3920000 27 7.88889 44 86 218 0.74074 80 2.85185
3925000 25 8.08000 37 87 214 0.84000 80 3.12000
3930000 28 7.35714 35 89 219 0.75000 79 2.78571
3935000 29 7.41379 33 87 219 0.72414 79 2.65517
3940000 28 8.17857 31 83 236 0.78571 80 2.78571
3945000 27 8.37037 26 87 236 0.85185 79 2.92593
3950000 25 9.04000 25 96 248 0.88000 79 3.16000
3955000 27 8.77778 25 99 255 0.81481 78 2.88889
3960000 29 8.62069 33 86 251 0.79310 76 2.62069
3965000 28 9.00000 36 79 253 0.75000 77 2.75000
3970000 26 9.80769 36 73 258 0.80769 78 2.92308
3975000 30 8.56667 34 65 255 0.80000 80 2.63333
3980000 22 11.04545 34 79 257 1.00000 80 3.50000
3985000 28 9.25000 31 61 246 0.89286 79 2.82143
3990000 27 9.03704 25 59 238 0.85185 77 2.85185
3995000 26 9.23077 22 62 230 0.88462 78 2.96154
4000000 29 8.31034 21 58 232 0.79310 78 2.65517
4005000 29 7.96552 19 78 236 0.86207 78 2.68966
4010000 30 7.86667 22 69 231 0.76667 78 2.60000
4015000 24 9.29167 20 80 228 0.87500 78 3.25000
4020000 26 8.69231 19 84 236 0.80769 78 2.96154
4025000 26 9.11538 21 80 236 0.80769 77 2.96154
4030000 27 8.51852 25 85 235 0.85185 77 2.85185
4035000 32 7.34375 23 67 230 0.84375 77 2.37500
4040000 27 8.33333 23 75 248 0.88889 80 2.92593
4045000 25 8.88000 21 79 232 0.76000 79 3.04000
4050000 29 8.06897 20 83 257 0.86207 80 2.72414
4055000 31 7.16129 20 75 224 0.83871 80 2.58065
4060000 28 7.92857 21 77 236 0.85714 79 2.82143
4065000 27 8.11111 20 65 222 0.85185 81 2.92593
4070000 25 8.48000 19 73 222 0.84000 79 3.00000
4075000 26 8.65385 21 67 235 0.84615 78 2.92308
4080000 29 7.89655 24 68 238 0.93103 79 2.65517
4085000 24 9.70833 27 70 242 0.91667 77 3.20833
4090000 20 12.25000 34 67 255 0.95000 76 3.75000
4095000 21 10.95238 32 64 246 1.00000 78 3.71429
4100000 22 10.18182 29 57 225 0.81818 77 3.50000
4105000 23 9.60870 26 63 227 0.86957 78 3.34783
4110000 23 9.39130 27 66 229 0.95652 76 3.26087
4115000 24 9.12500 29 69 222 0.79167 77 3.20833
4120000 24 9.04167 28 69 224 0.79167 78 3.16667
4125000 20 10.45000 26 72 229 0.95000 80 3.90000
4130000 24 9.33333 29 67 218 0.83333 77 3.16667
4135000 23 8.86957 28 72 209 0.73913 78 3.30435
4140000 23 8.95652 29 84 216 0.82609 78 3.34783
4145000 27 8.29630 28 82 237 0.88889 77 2.85185
4150000 29 7.89655 33 74 233 0.79310 79 2.68966
4155000 28 8.32143 34 73 236 0.78571 78 2.75000
4160000 24 10.12500 32 61 239 0.87500 78 3.20833
4165000 24 9.87500 31 77 240 0.83333 79 3.20833
4170000 23 10.21739 28 66 243 0.91304 78 3.34783
4175000 24 9.66667 27 61 241 0.83333 78 3.20833
4180000 22 10.04545 26 72 222 0.86364 77 3.50000
4185000 24 8.91667 24 80 226 0.91667 75 3.12500
4190000 25 8.88000 26 75 215 0.68000 77 3.00000
4195000 25 8.88000 27 77 227 0.84000 78 3.04000
4200000 22 10.36364 27 74 238 0.81818 78 3.54545
4205000 23 10.17391 26 69 231 0.82609 78 3.39130
4210000 27 8.85185 25 73 221 0.62963 79 2.81481
4215000 25 9.12000 24 75 222 0.80000 76 3.04000
4220000 26 8.57692 22 78 218 0.80769 79 3.03846
4225000 29 7.65517 21 69 219 0.75862 79 2.72414
4230000 23 9.47826 22 85 225 0.86957 79 3.43478
4235000 25 8.52000 21 82 215 0.88000 79 3.16000
4240000 21 9.80952 21 85 222 0.90476 78 3.71429
4245000 23 8.60870 21 79 214 0.82609 80 3.43478
4250000 19 10.84211 22 77 218 0.89474 80 4.15789
4255000 24 8.91667 20 76 212 0.79167 76 3.16667
4260000 20 10.05000 19 88 206 0.90000 76 3.75000
4265000 22 9.63636 20 80 213 0.77273 77 3.45455
4270000 25 8.64000 22 76 209 0.80000 78 3.08000
4275000 20 10.20000 21 96 210 0.90000 77 3.85000
4280000 21 10.19048 19 83 226 0.85714 78 3.71429
4285000 24 8.95833 20 74 229 0.87500 79 3.29167
4290000 25 8.88000 22 66 220 0.76000 78 3.12000
4295000 21 10.42857 24 67 231 0.95238 77 3.66667
4300000 25 8.88000 24 67 222 0.88000 78 3.08000
4305000 20 10.35000 25 81 218 0.85000 78 3.75000
4310000 23 9.60870 25 83 225 0.95652 76 3.30435
4315000 25 8.84000 23 72 224 0.76000 77 3.04000
4320000 22 9.68182 24 81 224 0.86364 77 3.40909
4325000 24 9.45833 25 70 236 0.91667 78 3.20833
4330000 23 9.47826 23 75 228 0.91304 77 3.34783
4335000 26 8.61538 24 68 231 0.80769 78 3.00000
4340000 27 8.03704 23 68 206 0.70370 77 2.85185
4345000 26 8.03846 27 79 199 0.73077 79 3.03846
4350000 25 8.52000 29 93 223 0.76000 78 3.08000
4355000 26 8.50000 31 85 223 0.84615 78 3.00000
4360000 25 8.56000 31 91 217 0.72000 75 2.96000
4365000 25 8.64000 31 92 211 0.68000 74 2.92000
4370000 26 8.07692 27 99 208 0.88462 74 2.76923
4375000 26 8.57692 28 87 211 0.76923 76 2.88462
4380000 23 9.86957 29 96 234 0.91304 75 3.21739
4385000 29 8.10345 28 76 224 0.72414 75 2.58621
4390000 26 9.19231 26 74 231 0.73077 74 2.80769
4395000 23 10.39130 27 78 231 0.82609 76 3.26087
4400000 26 9.03846 26 80 224 0.84615 77 2.84615
4405000 27 8.40741 25 79 225 0.77778 76 2.77778
4410000 23 9.73913 31 89 232 0.86957 77 3.30435
4415000 25 9.24000 30 69 220 0.76000 77 3.04000
4420000 26 8.92308 31 72 224 0.76923 76 2.92308
4425000 28 8.57143 30 71 226 0.75000 74 2.64286
4430000 27 8.62963 32 70 227 0.74074 75 2.70370
4435000 26 9.19231 33 72 225 0.73077 76 2.88462
4440000 24 9.54167 29 82 226 0.83333 76 3.08333
4445000 21 10.04762 25 89 211 0.90476 76 3.47619
4450000 22 9.18182 22 83 208 0.95455 75 3.27273
4455000 30 7.43333 25 81 214 0.76667 74 2.40000
4460000 24 8.95833 28 89 208 0.83333 73 2.95833
4465000 27 8.25926 28 73 222 0.77778 74 2.66667
4470000 28 7.71429 28 83 226 0.82143 73 2.57143
4475000 27 8.29630 29 82 223 0.81481 73 2.66667
4480000 30 7.43333 28 72 215 0.76667 73 2.43333
4485000 25 8.68000 31 90 235 0.92000 75 2.88000
4490000 29 7.75862 27 74 216 0.79310 73 2.44828
4495000 27 8.22222 26 73 223 0.81481 74 2.70370
4500000 25 8.88000 31 74 221 0.92000 72 2.84000
4505000 25 9.24000 33 67 226 0.92000 74 2.92000
4510000 24 9.54167 36 68 234 0.87500 75 3.08333
4515000 30 7.63333 35 66 222 0.80000 73 2.43333
4520000 25 9.00000 36 75 221 0.80000 76 2.92000
4525000 25 8.96000 39 83 236 0.84000 78 3.00000
4530000 32 7.43750 41 72 232 0.75000 77 2.34375
4535000 23 9.60870 38 80 229 0.86957 76 3.21739
4540000 21 10.33333 34 74 222 0.90476 76 3.57143
4545000 24 9.08333 33 79 223 0.83333 74 3.08333
4550000 29 7.82759 32 76 226 0.82759 74 2.51724
4555000 29 7.86207 35 82 225 0.72414 75 2.51724
4560000 26 8.30769 33 90 222 0.80769 76 2.80769
4565000 32 7.46875 30 69 234 0.65625 74 2.25000
4570000 28 7.96429 31 69 217 0.82143 76 2.60714
4575000 23 9.21739 33 75 224 0.86957 77 3.26087
4580000 29 7.34483 28 76 213 0.72414 77 2.55172
4585000 34 6.91176 33 66 234 0.82353 78 2.29412
4590000 29 7.58621 33 73 216 0.79310 79 2.65517
4595000 31 7.45161 31 59 217 0.70968 78 2.48387
4600000 30 7.13333 31 75 214 0.86667 79 2.60000
4605000 32 6.53125 31 85 215 0.81250 80 2.46875
4610000 24 8.41667 28 92 219 0.95833 80 3.33333
4615000 24 8.58333 30 89 219 0.91667 80 3.29167
4620000 28 8.00000 30 73 217 0.82143 79 2.78571
4625000 29 7.65517 22 75 215 0.75862 79 2.68966
4630000 29 7.55172 22 77 214 0.72414 80 2.75862
4635000 26 8.15385 22 87 217 0.84615 80 3.03846
4640000 31 7.12903 24 81 217 0.74194 79 2.54839
4645000 26 8.00000 21 81 210 0.84615 78 3.00000
4650000 23 9.04348 30 77 203 0.82609 80 3.47826
4655000 24 8.54167 32 85 205 0.83333 79 3.29167
4660000 28 7.60714 30 75 214 0.85714 80 2.82143
4665000 28 7.60714 32 72 211 0.82143 80 2.82143
4670000 23 8.86957 30 76 207 0.95652 80 3.39130
4675000 23 9.21739 28 71 215 0.91304 79 3.43478
4680000 24 8.16667 23 85 206 0.91667 80 3.29167
4685000 28 7.21429 27 77 210 0.85714 80 2.82143
4690000 30 7.43333 28 66 210 0.76667 78 2.56667
4695000 32 6.81250 28 70 219 0.87500 78 2.40625
4700000 27 7.51852 37 80 211 0.77778 78 2.85185
4705000 31 6.87097 36 78 220 0.83871 76 2.45161
4710000 27 7.96296 33 78 216 0.74074 80 2.92593
4715000 27 7.77778 35 88 216 0.77778 81 2.96296
4720000 29 7.20690 30 87 204 0.75862 80 2.68966
4725000 28 7.46429 30 83 203 0.85714 80 2.78571
4730000 29 7.51724 29 84 213 0.82759 78 2.65517
4735000 28 7.57143 26 88 210 0.78571 73 2.60714
4740000 29 7.55172 23 86 219 0.82759 75 2.58621
4745000 27 7.92593 25 87 208 0.77778 75 2.77778
4750000 30 7.50000 26 85 220 0.70000 74 2.43333
4755000 23 9.13043 30 106 230 0.86957 77 3.26087
4760000 26 8.53846 30 90 221 0.84615 77 2.92308
4765000 31 7.51613 30 78 219 0.67742 78 2.51613
4770000 24 9.37500 30 99 238 0.87500 78 3.16667
4775000 25 9.56000 33 86 246 0.92000 78 3.04000
4780000 27 9.07407 31 80 255 0.85185 78 2.88889
4785000 27 9.48148 34 73 250 0.74074 79 2.85185
4790000 27 8.74074 30 82 229 0.81481 77 2.81481
4795000 23 10.39130 32 82 234 0.86957 77 3.34783
4800000 26 9.19231 32 75 223 0.76923 77 2.96154
4805000 23 9.86957 29 71 226 0.82609 76 3.26087
4810000 25 9.28000 28 61 230 0.80000 76 3.00000
4815000 26 8.76923 26 68 208 0.76923 74 2.84615
4820000 22 9.18182 24 89 203 0.86364 72 3.18182
4825000 24 8.75000 25 79 218 0.79167 73 2.95833
4830000 28 7.82143 31 76 209 0.71429 73 2.53571
4835000 21 9.23810 25 98 201 0.80952 73 3.23810
4840000 29 7.62069 24 72 211 0.75862 76 2.48276
4845000 27 7.88889 22 79 215 0.81481 75 2.70370
4850000 26 7.80769 26 71 202 0.80769 75 2.80769
4855000 26 8.07692 27 81 198 0.73077 74 2.84615
4860000 29 7.24138 25 77 209 0.79310 74 2.55172
4865000 30 7.33333 25 93 211 0.70000 75 2.36667
4870000 27 8.07407 38 82 232 0.85185 75 2.77778
4875000 26 8.38462 37 81 218 0.80769 79 2.92308
4880000 28 8.25000 37 69 223 0.78571 77 2.67857
4885000 28 8.21429 37 74 226 0.82143 76 2.67857
4890000 25 8.80000 33 85 220 0.80000 77 3.00000
4895000 25 8.20000 30 93 202 0.80000 74 2.88000
4900000 32 7.21875 28 79 220 0.71875 76 2.37500
4905000 28 8.17857 24 86 222 0.78571 75 2.60714
4910000 25 9.04000 25 81 230 0.80000 76 2.88000
4915000 34 6.85294 25 70 229 0.82353 77 2.14706
4920000 28 7.85714 23 88 216 0.71429 78 2.67857
4925000 29 7.96552 23 79 220 0.75862 76 2.51724
4930000 25 8.88000 22 81 232 0.96000 78 3.00000
4935000 33 7.18182 21 65 219 0.81818 79 2.33333
4940000 28 8.25000 23 74 224 0.85714 78 2.71429
4945000 25 9.16000 27 77 237 0.88000 77 3.04000
4950000 28 8.53571 26 76 235 0.89286 78 2.75000
4955000 30 7.96667 24 69 229 0.80000 76 2.53333
4960000 28 8.28571 27 73 243 0.96429 77 2.71429
4965000 27 8.48148 27 80 240 0.88889 80 2.81481
4970000 30 7.43333 25 80 223 0.86667 77 2.56667
4975000 26 8.96154 27 76 242 0.80769 75 2.76923
4980000 24 9.50000 26 72 226 0.95833 74 3.00000
4985000 27 8.74074 27 52 228 0.81481 76 2.77778
4990000 28 8.96429 25 49 233 0.82143 77 2.71429
4995000 27 9.03704 24 59 240 1.00000 76 2.77778
5000000 29 8.24138 24 60 224 0.79310 74 2.51724
5005000 24 8.75000 22 77 202 0.91667 73 2.95833
5010000 30 7.70000 22 77 212 0.80000 76 2.53333
5015000 31 7.41935 23 79 210 0.64516 77 2.41935
5020000 30 7.63333 24 76 221 0.83333 75 2.46667
5025000 28 7.89286 23 76 226 0.85714 79 2.75000
5030000 33 7.09091 22 78 218 0.63636 77 2.30303
5035000 32 7.31250 22 73 213 0.68750 78 2.40625
5040000 26 8.46154 22 90 211 0.88462 78 3.00000
5045000 28 8.17857 22 81 229 0.85714 79 2.82143
5050000 33 7.18182 20 77 222 0.72727 78 2.36364
5055000 30 7.33333 21 81 210 0.73333 77 2.56667
5060000 28 8.14286 20 79 217 0.85714 77 2.71429
5065000 25 9.00000 22 78 209 0.84000 79 3.08000
5070000 26 8.11538 22 75 209 0.80769 79 2.92308
5075000 27 7.96296 27 78 206 0.74074 79 2.88889
5080000 30 7.53333 28 75 212 0.83333 80 2.56667
5085000 28 7.75000 26 75 215 0.85714 80 2.82143
5090000 25 8.84000 25 69 215 0.96000 80 3.08000
5095000 29 7.55172 22 61 207 0.82759 78 2.62069
5100000 26 8.03846 22 78 204 0.84615 78 2.88462
5105000 27 7.85185 20 75 201 0.81481 75 2.70370
5110000 29 7.44828 18 71 216 0.82759 77 2.55172
5115000 28 7.85714 20 74 226 0.92857 78 2.71429
5120000 29 7.62069 23 69 227 0.82759 79 2.55172
5125000 25 8.48000 19 84 205 0.84000 79 2.92000
5130000 27 8.03704 20 79 218 0.88889 79 2.74074
5135000 25 8.68000 25 89 218 0.88000 77 3.00000
5140000 30 7.70000 25 90 224 0.66667 76 2.43333
5145000 29 7.79310 22 81 225 0.68966 77 2.51724
5150000 27 8.18519 22 81 224 0.85185 74 2.66667
5155000 25 8.68000 22 80 212 0.80000 77 2.92000
5160000 26 8.57692 22 78 213 0.73077 77 2.80769
5165000 24 9.70833 26 78 239 0.87500 77 3.12500
5170000 25 9.48000 25 67 235 0.84000 75 2.92000
5175000 25 9.56000 24 54 226 0.84000 77 2.96000
5180000 24 9.75000 25 66 223 0.79167 75 3.08333
5185000 23 9.47826 23 77 209 0.86957 72 3.13043
5190000 23 9.39130 24 80 215 0.82609 74 3.13043
5195000 23 9.47826 23 82 202 0.82609 76 3.00000
5200000 25 8.92000 23 79 210 0.84000 76 2.92000
5205000 25 9.04000 22 73 203 0.76000 75 2.96000
5210000 24 9.12500 22 75 199 0.79167 73 3.00000
5215000 26 8.65385 22 76 215 0.80769 75 2.88462
5220000 24 9.16667 23 75 212 0.83333 74 3.08333
5225000 32 7.75000 25 59 210 0.71875 76 2.37500
5230000 26 8.73077 24 76 220 0.76923 77 2.96154
5235000 21 10.28571 23 82 213 0.85714 79 3.71429
5240000 24 9.37500 26 79 213 0.70833 80 3.25000
5245000 28 8.10714 28 74 221 0.78571 78 2.75000
5250000 25 8.64000 25 78 210 0.84000 79 3.12000
5255000 28 8.21429 33 67 219 0.78571 77 2.75000
5260000 26 8.76923 32 76 214 0.73077 77 2.96154
5265000 27 8.40741 28 68 205 0.74074 76 2.74074
5270000 30 7.93333 28 66 225 0.76667 76 2.43333
5275000 27 8.51852 27 71 215 0.74074 75 2.66667
5280000 22 10.40909 28 75 226 0.86364 75 3.31818
5285000 23 9.60870 25 80 208 0.78261 75 3.17391
5290000 25 8.68000 25 83 217 0.76000 78 3.08000
5295000 25 8.40000 23 79 192 0.76000 77 3.04000
5300000 25 8.36000 23 73 198 0.76000 75 3.00000
5305000 26 8.30769 24 81 190 0.76923 76 2.92308
5310000 23 9.08696 27 85 198 0.82609 76 3.30435
5315000 28 8.25000 34 76 216 0.71429 78 2.75000
5320000 27 8.85185 34 75 225 0.77778 76 2.81481
5325000 23 9.95652 33 71 214 0.82609 77 3.34783
5330000 24 9.50000 33 67 218 0.75000 78 3.16667
5335000 26 9.07692 36 66 218 0.69231 76 2.92308
5340000 27 8.66667 32 73 216 0.81481 77 2.81481
5345000 24 9.70833 36 80 237 0.70833 78 3.16667
5350000 29 8.44828 37 80 252 0.72414 78 2.62069
5355000 20 11.00000 36 77 237 0.95000 79 3.85000
5360000 27 8.22222 33 72 219 0.70370 77 2.77778
5365000 23 9.39130 27 74 217 0.82609 78 3.26087
5370000 23 8.86957 27 83 213 0.82609 78 3.39130
5375000 24 9.00000 30 80 222 0.79167 79 3.29167
5380000 28 8.35714 29 64 221 0.78571 79 2.82143
5385000 22 10.00000 25 79 216 0.81818 78 3.54545
5390000 23 9.52174 25 77 216 0.82609 78 3.39130
5395000 30 6.93333 22 70 190 0.73333 77 2.56667
5400000 24 8.29167 27 75 197 0.79167 76 3.16667
5405000 25 8.04000 28 72 198 0.84000 77 3.04000
5410000 27 7.33333 28 86 209 0.81481 79 2.92593
5415000 28 7.00000 33 90 201 0.75000 79 2.78571
5420000 32 6.25000 31 90 200 0.78125 81 2.43750
5425000 30 6.76667 34 97 201 0.76667 81 2.63333
5430000 30 7.13333 36 87 221 0.70000 80 2.66667
5435000 27 8.03704 39 86 213 0.62963 79 2.92593
5440000 26 8.30769 41 85 207 0.69231 79 3.03846
5445000 24 9.04167 40 95 217 0.83333 80 3.29167
5450000 24 9.25000 38 92 223 0.87500 79 3.29167
5455000 26 8.69231 36 93 211 0.80769 79 3.03846
5460000 29 8.00000 35 93 221 0.68966 78 2.68966
5465000 28 8.10714 37 84 203 0.71429 78 2.75000
5470000 25 8.52000 30 96 195 0.84000 79 3.12000
5475000 32 6.93750 28 80 196 0.71875 78 2.40625
5480000 30 7.36667 27 88 197 0.70000 78 2.56667
5485000 24 8.75000 25 98 201 0.75000 78 3.16667
5490000 30 7.60000 27 77 206 0.66667 77 2.53333
5495000 22 10.09091 32 89 220 0.77273 77 3.50000
5500000 26 8.80769 29 83 205 0.73077 79 2.96154
5505000 24 9.54167 30 77 217 0.83333 78 3.12500
5510000 24 9.54167 30 83 207 0.83333 73 3.04167
5515000 29 8.10345 27 65 211 0.82759 74 2.55172
5520000 28 7.78571 25 79 206 0.82143 78 2.67857
5525000 28 8.25000 25 77 220 0.85714 77 2.71429
5530000 23 9.78261 31 81 225 0.91304 78 3.34783
5535000 27 8.88889 31 69 249 0.88889 79 2.92593
5540000 30 8.16667 32 65 238 0.76667 79 2.63333
5545000 26 9.15385 29 69 237 0.84615 78 3.00000
5550000 23 10.04348 28 81 240 0.95652 79 3.43478
5555000 27 9.00000 26 67 248 0.88889 81 2.96296
5560000 27 8.51852 31 69 235 0.85185 78 2.88889
5565000 30 7.36667 30 78 214 0.76667 78 2.60000
5570000 28 7.75000 30 77 216 0.78571 78 2.78571
5575000 29 7.31034 24 80 219 0.82759 78 2.65517
5580000 25 8.36000 23 83 221 0.88000 76 2.92000
5585000 29 7.48276 26 78 223 0.72414 76 2.62069
5590000 24 8.75000 28 92 228 0.91667 80 3.16667
5595000 26 8.07692 38 97 222 0.88462 77 2.92308
5600000 31 6.90323 20 98 216 0.70968 76 2.35484
5605000 31 7.19355 22 87 226 0.80645 80 2.48387
5610000 31 7.29032 23 81 225 0.74194 80 2.58065
5615000 31 7.19355 36 74 227 0.80645 79 2.54839
5620000 29 7.51724 33 73 213 0.75862 76 2.55172
5625000 27 7.88889 31 74 212 0.81481 77 2.77778
5630000 27 7.74074 30 88 223 0.88889 77 2.81481
5635000 26 7.92308 30 79 226 0.80769 78 2.92308
5640000 22 9.22727 30 94 218 0.90909 78 3.50000
5645000 21 9.71429 28 90 223 0.95238 76 3.61905
5650000 23 9.08696 31 97 226 0.78261 77 3.26087
5655000 28 7.35714 26 90 207 0.75000 77 2.64286
5660000 26 7.61538 27 92 203 0.65385 76 2.84615
5665000 31 6.96774 32 94 222 0.64516 79 2.45161
5670000 31 6.90323 30 82 217 0.70968 79 2.48387
5675000 28 6.96429 28 105 200 0.71429 78 2.75000
5680000 36 5.94444 28 81 192 0.52778 77 2.13889
5685000 40 5.75000 29 72 215 0.72500 79 1.95000
5690000 30 7.26667 29 76 213 0.83333 79 2.63333
5695000 28 7.64286 30 88 205 0.78571 79 2.82143
5700000 27 8.18519 33 82 225 0.85185 78 2.88889
5705000 32 6.93750 30 82 214 0.78125 76 2.37500
5710000 27 8.03704 33 82 212 0.70370 76 2.66667
5715000 30 7.40000 29 82 218 0.73333 74 2.40000
5720000 30 7.13333 29 83 211 0.73333 76 2.40000
5725000 25 8.32000 29 85 219 0.92000 75 2.92000
5730000 26 7.84615 30 82 202 0.73077 78 2.88462
5735000 24 7.95833 30 85 201 0.91667 75 3.12500
5740000 24 7.66667 28 84 190 0.87500 78 3.16667
5745000 28 7.32143 31 66 196 0.78571 76 2.67857
5750000 28 7.03571 30 80 196 0.89286 78 2.75000
5755000 32 6.43750 28 77 195 0.75000 80 2.43750
5760000 33 6.27273 24 77 190 0.69697 78 2.33333
5765000 33 6.27273 26 85 196 0.72727 75 2.27273
5770000 31 6.77419 24 81 197 0.80645 78 2.48387
5775000 31 6.70968 21 87 202 0.77419 77 2.48387
5780000 31 6.51613 22 81 188 0.80645 76 2.45161
5785000 27 6.88889 23 97 199 0.85185 76 2.81481
5790000 30 6.86667 22 86 197 0.83333 77 2.56667
5795000 29 7.41379 21 86 209 0.75862 77 2.62069
5800000 34 6.52941 29 76 210 0.67647 78 2.26471
5805000 29 7.31034 29 88 200 0.72414 77 2.62069
5810000 24 8.58333 26 93 202 0.83333 78 3.12500
5815000 25 8.52000 23 78 198 0.80000 79 3.08000
5820000 30 7.73333 26 75 210 0.70000 80 2.63333
5825000 24 9.16667 24 94 222 0.83333 80 3.25000
5830000 31 7.48387 29 81 212 0.74194 80 2.51613
5835000 25 8.16000 28 99 184 0.72000 78 3.12000
5840000 34 6.41176 28 88 197 0.64706 77 2.26471
5845000 31 7.29032 25 83 202 0.74194 78 2.45161
5850000 33 7.12121 24 75 194 0.60606 77 2.30303
5855000 30 7.66667 24 75 198 0.83333 76 2.50000
5860000 27 8.29630 22 67 204 0.81481 74 2.74074
5865000 29 7.48276 21 73 206 0.79310 73 2.51724
5870000 30 7.13333 21 76 203 0.73333 74 2.43333
5875000 25 8.20000 20 94 205 0.84000 78 2.96000
5880000 26 8.34615 21 88 214 0.76923 77 2.96154
5885000 25 8.60000 28 85 213 0.84000 76 3.04000
5890000 25 9.08000 28 74 228 0.92000 77 3.00000
5895000 29 7.65517 24 67 215 0.79310 75 2.58621
5900000 29 7.62069 24 82 224 0.79310 76 2.58621
5905000 23 9.04348 24 93 223 0.82609 77 3.26087
5910000 22 9.27273 25 95 217 0.90909 77 3.45455
5915000 30 7.43333 26 81 238 0.80000 78 2.56667
5920000 31 7.51613 26 77 229 0.74194 78 2.48387
5925000 28 8.64286 27 64 234 0.78571 78 2.78571
5930000 32 7.75000 27 68 233 0.71875 80 2.50000
5935000 23 9.78261 26 82 226 0.86957 79 3.34783
5940000 24 9.12500 25 77 222 0.79167 79 3.25000
5945000 24 8.66667 24 79 209 0.87500 78 3.20833
5950000 27 8.00000 26 76 224 0.92593 76 2.81481
5955000 23 8.78261 25 84 214 0.91304 75 3.21739
5960000 25 8.12000 24 76 214 0.88000 77 3.00000
5965000 28 7.75000 24 71 217 0.85714 76 2.67857
5970000 27 7.70370 23 87 223 0.92593 79 2.85185
5975000 27 8.29630 25 72 222 0.88889 77 2.85185
5980000 29 7.20690 21 78 213 0.89655 77 2.62069
5985000 26 7.88462 21 86 215 0.88462 78 2.92308
5990000 30 6.86667 22 81 206 0.86667 75 2.50000
5995000 31 6.77419 20 73 215 0.87097 79 2.51613
6000000 30 6.70000 20 83 209 0.86667 78 2.60000
6005000 32 6.18750 19 86 203 0.78125 80 2.46875
6010000 28 7.14286 18 82 206 0.82143 79 2.78571
6015000 26 7.19231 23 85 202 0.84615 79 3.00000
6020000 25 7.60000 24 90 214 0.96000 79 3.16000
6025000 29 6.82759 25 94 200 0.82759 78 2.58621
6030000 29 6.72414 26 90 189 0.72414 76 2.48276
6035000 28 6.89286 27 91 201 0.75000 73 2.53571
6040000 31 6.51613 25 83 196 0.77419 76 2.35484
6045000 26 7.23077 25 91 207 0.80769 77 2.80769
6050000 32 6.53125 23 85 212 0.81250 76 2.40625
6055000 31 6.80645 22 81 203 0.80645 78 2.45161
6060000 32 7.06250 28 85 214 0.78125 78 2.37500
6065000 29 7.48276 25 92 206 0.65517 77 2.58621
6070000 30 7.10000 21 88 204 0.73333 77 2.53333
6075000 25 8.40000 20 87 226 0.92000 79 3.08000
6080000 29 7.89655 20 79 222 0.75862 80 2.65517
6085000 29 8.00000 27 74 220 0.72414 79 2.55172
6090000 23 9.52174 26 89 225 0.82609 77 3.17391
6095000 29 8.06897 26 78 238 0.79310 77 2.55172
6100000 24 9.50000 25 90 228 0.75000 75 3.00000
6105000 30 8.03333 26 82 234 0.73333 74 2.43333
6110000 31 7.74194 23 74 223 0.67742 72 2.32258
6115000 26 8.96154 23 77 240 0.84615 74 2.73077
6120000 30 7.93333 22 62 235 0.83333 75 2.40000
6125000 27 8.40741 23 73 236 0.88889 78 2.74074
6130000 31 7.45161 23 72 228 0.77419 79 2.45161
6135000 28 8.00000 21 72 225 0.78571 78 2.71429
6140000 29 7.55172 19 73 207 0.75862 79 2.58621
6145000 29 7.93103 18 66 216 0.79310 79 2.65517
6150000 28 7.71429 28 71 220 0.85714 77 2.71429
6155000 25 7.96000 26 79 211 0.92000 77 3.04000
6160000 29 6.75862 26 71 206 0.86207 76 2.58621
6165000 25 7.60000 26 84 219 0.84000 78 2.96000
6170000 33 6.12121 22 81 213 0.81818 79 2.39394
6175000 38 5.71053 23 87 209 0.73684 78 2.05263
6180000 36 6.69444 34 79 230 0.72222 79 2.16667
6185000 31 7.32258 30 89 229 0.83871 78 2.45161
6190000 27 8.00000 27 86 227 0.88889 78 2.81481
6195000 36 6.47222 25 76 225 0.66667 77 2.05556
6200000 31 7.22581 26 96 235 0.83871 76 2.38710
6205000 30 7.36667 24 89 222 0.76667 77 2.53333
6210000 31 7.51613 24 86 234 0.87097 78 2.48387
6215000 36 6.63889 21 78 239 0.83333 77 2.13889
6220000 29 7.58621 23 89 226 0.93103 76 2.62069
6225000 29 7.37931 22 75 213 0.82759 77 2.58621
6230000 32 7.00000 22 68 222 0.81250 73 2.25000
6235000 26 7.88462 21 77 217 0.88462 73 2.80769
6240000 24 8.54167 22 72 213 0.95833 75 3.12500
6245000 30 6.86667 24 83 214 0.76667 77 2.46667
6250000 31 6.70968 24 88 220 0.83871 76 2.41935
6255000 31 7.00000 29 94 220 0.80645 76 2.35484
6260000 38 6.18421 29 82 232 0.73684 78 1.97368
6265000 29 7.79310 30 77 230 0.82759 78 2.68966
6270000 28 7.82143 30 82 228 0.78571 77 2.75000
6275000 27 8.48148 31 78 240 0.81481 78 2.85185
6280000 33 7.15152 31 68 230 0.69697 78 2.33333
6285000 26 8.50000 29 88 233 0.88462 79 3.03846
6290000 25 9.24000 28 84 247 0.88000 80 3.12000
6295000 29 8.58621 31 77 260 0.82759 77 2.65517
6300000 22 10.86364 31 86 249 0.95455 76 3.40909
6305000 24 9.91667 27 88 256 0.91667 77 3.16667
6310000 24 9.79167 25 84 249 0.87500 79 3.20833
6315000 29 8.13793 24 78 234 0.75862 78 2.68966
6320000 26 8.80769 25 71 235 0.76923 79 3.03846
6325000 28 7.75000 25 81 221 0.78571 78 2.78571
6330000 25 8.76000 26 81 224 0.80000 78 3.08000
6335000 28 7.82143 24 75 222 0.85714 78 2.71429
6340000 25 8.92000 25 74 234 0.84000 79 3.16000
6345000 27 8.66667 24 71 238 0.85185 80 2.96296
6350000 25 9.12000 26 72 237 0.92000 78 3.08000
6355000 27 8.44444 29 66 229 0.81481 78 2.88889
6360000 23 8.95652 26 73 213 0.91304 77 3.34783
6365000 23 9.26087 35 80 222 0.91304 80 3.43478
6370000 26 8.69231 33 66 229 0.88462 78 2.92308
6375000 26 8.53846 33 64 222 0.88462 79 3.03846
6380000 25 8.88000 34 68 231 0.84000 79 3.16000
6385000 28 8.21429 34 74 238 0.78571 80 2.85714
6390000 24 9.12500 34 80 230 0.83333 81 3.33333
6395000 26 8.69231 31 70 232 0.92308 80 3.03846
6400000 27 8.25926 31 66 226 0.92593 78 2.85185
6405000 25 9.16000 33 76 234 0.88000 76 3.00000
6410000 28 8.35714 35 74 246 0.89286 75 2.64286
6415000 26 9.00000 33 75 246 0.84615 76 2.88462
6420000 27 8.33333 30 71 224 0.85185 77 2.81481
6425000 26 8.42308 29 76 222 0.88462 78 2.96154
6430000 27 8.00000 24 77 226 0.81481 76 2.77778
6435000 26 8.19231 20 80 222 0.92308 73 2.76923
6440000 31 7.48387 21 59 227 0.90323 76 2.45161
6445000 27 8.22222 20 69 222 0.81481 77 2.70370
6450000 26 8.19231 19 73 221 0.84615 76 2.84615
6455000 24 8.62500 21 85 228 0.95833 75 3.08333
6460000 23 8.52174 17 89 206 0.86957 76 3.26087
6465000 22 9.50000 19 86 228 0.95455 74 3.22727
6470000 25 8.48000 18 78 219 0.80000 78 3.00000
6475000 31 7.32258 18 70 223 0.74194 79 2.32258
6480000 29 7.65517 20 72 226 0.79310 78 2.62069
6485000 28 8.25000 21 68 227 0.82143 75 2.67857
6490000 28 8.46429 23 62 232 0.78571 75 2.64286
6495000 23 9.65217 22 69 228 0.86957 75 3.13043
6500000 28 7.92857 21 71 226 0.89286 76 2.67857
6505000 27 7.81481 17 70 213 0.77778 77 2.77778
6510000 29 7.41379 19 67 219 0.82759 78 2.65517
6515000 28 7.46429 16 71 216 0.89286 78 2.75000
6520000 29 7.03448 16 70 213 0.93103 77 2.55172
6525000 30 6.56667 16 73 203 0.86667 75 2.50000
6530000 32 6.62500 16 82 217 0.84375 74 2.31250
6535000 31 7.09677 19 82 229 0.77419 75 2.35484
6540000 29 7.48276 20 78 222 0.86207 74 2.55172
6545000 26 8.00000 20 76 215 0.84615 78 2.88462
6550000 25 8.32000 20 75 220 0.88000 75 2.92000
6555000 28 7.50000 18 82 210 0.82143 75 2.60714
6560000 30 7.03333 17 91 218 0.66667 76 2.46667
6565000 29 7.10345 20 98 203 0.65517 77 2.58621
6570000 29 7.41379 32 93 226 0.68966 73 2.48276
6575000 27 8.18519 30 84 227 0.81481 76 2.70370
6580000 29 7.65517 27 91 234 0.75862 75 2.51724
6585000 25 8.72000 30 88 225 0.88000 76 2.92000
6590000 33 7.30303 32 63 236 0.72727 73 2.15152
6595000 28 8.14286 28 73 222 0.71429 76 2.64286
6600000 29 7.96552 29 79 229 0.79310 77 2.62069
6605000 26 8.42308 29 85 229 0.80769 75 2.88462
6610000 22 10.13636 28 79 237 0.90909 73 3.31818
6615000 21 10.57143 28 77 237 0.95238 74 3.47619
6620000 21 10.28571 28 82 228 0.85714 76 3.47619
6625000 22 9.95455 25 97 240 0.86364 77 3.31818
6630000 25 9.28000 24 96 241 0.72000 79 3.00000
6635000 24 9.33333 23 86 234 0.87500 78 3.20833
6640000 26 8.50000 21 80 227 0.84615 77 2.96154
6645000 27 8.25926 22 72 227 0.88889 77 2.81481
6650000 24 8.83333 29 82 223 0.87500 76 3.12500
6655000 26 8.57692 29 75 224 0.84615 78 3.00000
6660000 28 7.92857 29 83 232 0.78571 78 2.78571
6665000 29 7.96552 29 78 224 0.75862 78 2.68966
6670000 22 9.95455 28 91 224 0.86364 79 3.59091
6675000 29 8.44828 27 70 239 0.79310 79 2.72414
6680000 24 9.50000 27 90 226 0.79167 78 3.25000
6685000 25 9.00000 27 85 223 0.60000 78 3.12000
6690000 27 8.14815 27 88 215 0.70370 78 2.85185
6695000 24 8.54167 27 99 215 0.79167 79 3.25000
6700000 27 7.88889 25 100 210 0.66667 79 2.88889
6705000 25 8.04000 24 100 208 0.80000 79 3.12000
6710000 29 7.27586 25 90 214 0.68966 79 2.68966
6715000 30 7.13333 28 92 200 0.63333 80 2.60000
6720000 27 8.14815 28 77 205 0.66667 77 2.81481
6725000 28 7.46429 25 91 211 0.71429 76 2.71429
6730000 28 7.89286 27 82 224 0.75000 78 2.71429
6735000 28 8.07143 27 76 226 0.85714 79 2.75000
6740000 31 7.12903 28 77 214 0.74194 80 2.51613
6745000 24 8.83333 27 96 220 0.87500 80 3.29167
6750000 24 8.95833 26 86 217 0.83333 80 3.29167
6755000 23 9.08696 24 85 223 0.86957 77 3.34783
6760000 23 9.56522 25 87 228 0.91304 77 3.30435
6765000 29 7.75862 25 76 226 0.75862 78 2.65517
6770000 29 7.65517 26 87 221 0.72414 78 2.68966
6775000 28 7.60714 25 87 219 0.71429 77 2.75000
6780000 25 8.56000 23 82 217 0.96000 77 3.08000
6785000 25 8.20000 23 93 220 0.80000 76 3.00000
6790000 26 8.15385 25 85 222 0.80769 77 2.92308
6795000 30 7.30000 24 87 220 0.76667 79 2.60000
6800000 28 7.46429 22 91 206 0.75000 77 2.75000
6805000 26 7.96154 22 86 211 0.80769 77 2.96154
6810000 26 7.92308 23 84 215 0.80769 78 2.96154
6815000 26 8.03846 25 88 215 0.69231 79 3.03846
6820000 29 7.79310 24 77 224 0.75862 79 2.68966
6825000 29 8.20690 25 92 242 0.75862 79 2.68966
6830000 22 10.40909 27 92 242 0.86364 80 3.63636
6835000 29 8.44828 27 71 245 0.86207 80 2.75862
6840000 23 9.95652 31 84 237 0.95652 80 3.47826
6845000 23 10.56522 32 79 255 0.91304 80 3.47826
6850000 23 10.65217 28 83 256 0.86957 79 3.43478
6855000 24 10.16667 25 85 260 0.79167 80 3.29167
6860000 27 9.29630 28 78 262 0.81481 80 2.92593
6865000 27 9.03704 29 79 251 0.85185 80 2.92593
6870000 28 8.75000 28 79 257 0.89286 79 2.82143
6875000 25 9.48000 27 82 243 0.76000 80 3.16000
6880000 22 10.00000 28 90 227 0.86364 79 3.54545
6885000 24 9.20833 26 86 228 0.70833 78 3.16667
6890000 25 8.72000 24 91 228 0.92000 77 3.08000
6895000 23 9.60870 23 80 224 0.86957 77 3.34783
6900000 29 8.03448 27 61 216 0.65517 78 2.68966
6905000 26 8.92308 29 78 244 0.73077 76 2.92308
6910000 29 7.89655 24 86 234 0.68966 78 2.65517
6915000 24 9.20833 22 96 232 0.79167 76 3.12500
6920000 25 9.00000 23 94 235 0.88000 77 3.00000
6925000 31 7.83871 23 70 240 0.74194 77 2.45161
6930000 32 7.78125 22 68 243 0.75000 77 2.40625
6935000 31 8.03226 22 71 250 0.80645 78 2.45161
6940000 22 10.27273 20 83 229 0.90909 77 3.40909
6945000 28 8.50000 21 75 237 0.85714 78 2.75000
6950000 27 8.70370 22 78 222 0.77778 79 2.88889
6955000 27 8.62963 29 73 220 0.81481 77 2.85185
6960000 25 8.84000 28 76 216 0.84000 79 3.12000
6965000 26 8.38462 27 79 206 0.80769 76 2.88462
6970000 24 8.70833 28 85 206 0.83333 73 3.00000
6975000 20 10.25000 24 87 206 0.85000 73 3.65000
6980000 27 8.00000 25 79 211 0.74074 73 2.70370
6985000 27 7.96296 24 87 207 0.70370 76 2.77778
6990000 27 7.40741 22 86 202 0.77778 77 2.85185
6995000 25 7.60000 20 103 205 0.84000 74 2.92000
7000000 31 6.96774 20 94 227 0.83871 77 2.38710
7005000 33 6.60606 22 98 207 0.66667 79 2.33333
7010000 29 7.72414 23 94 216 0.72414 77 2.62069
7015000 25 8.56000 24 99 228 0.80000 79 3.12000
7020000 28 7.75000 25 88 221 0.82143 79 2.82143
7025000 24 8.66667 26 85 226 0.91667 77 3.20833
7030000 25 8.84000 24 87 230 0.76000 75 3.00000
7035000 30 7.86667 25 72 218 0.73333 77 2.53333
7040000 30 7.73333 21 75 227 0.83333 77 2.56667
7045000 28 8.32143 24 73 230 0.75000 77 2.67857
7050000 26 8.69231 28 83 225 0.76923 77 2.92308
7055000 26 8.84615 27 75 225 0.76923 78 3.00000
7060000 25 9.00000 22 71 231 0.88000 79 3.12000
7065000 24 8.87500 21 84 220 0.79167 77 3.20833
7070000 23 9.34783 22 80 222 0.82609 77 3.30435
7075000 29 7.82759 23 66 217 0.72414 78 2.65517
7080000 33 6.81818 23 63 210 0.69697 77 2.33333
7085000 22 9.31818 23 88 215 0.86364 76 3.45455
7090000 25 8.36000 24 82 214 0.72000 77 3.04000
7095000 24 8.54167 23 83 215 0.83333 79 3.08333
7100000 30 7.40000 22 73 213 0.70000 77 2.53333
7105000 27 7.29630 21 88 199 0.77778 76 2.77778
7110000 27 7.55556 24 77 210 0.70370 76 2.77778
7115000 23 8.47826 24 90 212 0.91304 75 3.21739
7120000 29 7.27586 23 72 206 0.75862 78 2.62069
7125000 24 8.25000 22 87 211 0.83333 78 3.20833
7130000 29 7.55172 27 71 222 0.75862 78 2.68966
7135000 24 8.62500 25 87 211 0.79167 79 3.25000
7140000 28 7.89286 23 84 218 0.85714 78 2.78571
7145000 25 8.96000 25 79 224 0.84000 79 3.12000
7150000 28 8.07143 25 78 229 0.92857 80 2.82143
7155000 29 8.00000 21 69 213 0.79310 80 2.75862
7160000 30 8.16667 26 65 226 0.76667 78 2.60000
7165000 28 8.46429 25 66 228 0.78571 78 2.75000
7170000 20 11.05000 29 79 226 0.95000 76 3.80000
7175000 20 10.60000 26 82 218 0.90000 75 3.75000
7180000 22 9.63636 27 84 214 0.77273 76 3.40909
7185000 28 7.92857 27 80 221 0.71429 77 2.67857
7190000 28 7.96429 29 84 226 0.82143 79 2.78571
7195000 23 9.26087 29 83 218 0.82609 78 3.30435
7200000 24 8.91667 29 93 221 0.79167 79 3.25000
7205000 26 8.03846 27 92 216 0.80769 80 3.03846
7210000 23 8.69565 27 92 219 0.86957 79 3.34783
7215000 21 9.66667 26 100 214 0.85714 80 3.76190
7220000 24 8.70833 25 93 219 0.79167 80 3.25000
7225000 23 8.69565 22 102 219 0.82609 80 3.39130
7230000 30 7.43333 25 80 218 0.63333 80 2.60000
7235000 21 9.33333 21 108 216 0.95238 80 3.66667
7240000 28 7.42857 22 96 206 0.75000 78 2.71429
7245000 25 7.92000 19 102 212 0.76000 76 3.04000
7250000 25 8.16000 18 90 203 0.72000 75 3.00000
7255000 21 9.47619 24 90 208 0.76190 73 3.47619
7260000 27 7.59259 20 81 199 0.77778 75 2.77778
7265000 26 7.65385 22 94 203 0.76923 75 2.84615
7270000 22 9.04545 23 109 224 0.86364 76 3.45455
7275000 27 7.70370 23 92 206 0.66667 78 2.81481
7280000 26 8.00000 25 82 215 0.76923 79 3.00000
7285000 26 8.34615 32 82 224 0.80769 80 3.00000
7290000 22 8.86364 29 93 210 0.77273 78 3.50000
7295000 24 8.25000 30 92 204 0.75000 80 3.29167
7300000 22 8.72727 27 90 205 0.81818 78 3.45455
7305000 22 8.68182 25 94 195 0.72727 76 3.45455
7310000 23 8.26087 28 108 202 0.86957 78 3.30435
7315000 24 8.37500 27 97 207 0.79167 79 3.20833
7320000 25 8.20000 28 83 203 0.84000 80 3.08000
7325000 20 9.70000 26 92 208 0.95000 77 3.75000
7330000 22 9.31818 24 83 202 0.68182 78 3.36364
7335000 24 8.79167 26 85 213 0.75000 76 3.04167
7340000 29 7.41379 21 71 203 0.68966 74 2.44828
7345000 26 8.03846 24 75 204 0.69231 75 2.76923
7350000 25 8.04000 23 80 210 0.88000 77 3.04000
7355000 27 7.59259 24 80 197 0.81481 77 2.77778
7360000 22 9.31818 25 78 206 0.81818 75 3.31818
7365000 20 10.10000 26 98 210 0.85000 76 3.70000
7370000 28 8.07143 27 78 213 0.64286 75 2.67857
7375000 27 8.25926 30 94 231 0.77778 78 2.81481
7380000 29 7.65517 27 76 217 0.79310 76 2.55172
7385000 30 7.50000 30 86 219 0.73333 78 2.50000
7390000 28 7.92857 29 88 215 0.75000 77 2.64286
7395000 28 7.96429 29 84 216 0.67857 76 2.57143
7400000 31 7.35484 28 69 203 0.70968 78 2.48387
7405000 25 9.00000 29 74 222 0.92000 79 3.12000
7410000 31 7.41935 30 70 227 0.87097 79 2.54839
7415000 31 7.41935 27 69 222 0.80645 79 2.54839
7420000 29 8.20690 25 71 230 0.75862 79 2.72414
7425000 25 8.84000 23 76 208 0.76000 78 3.12000
7430000 28 7.67857 21 72 209 0.78571 79 2.82143
7435000 26 8.42308 23 85 211 0.84615 78 3.00000
7440000 27 8.37037 25 85 207 0.77778 77 2.85185
7445000 27 8.40741 27 87 222 0.70370 77 2.85185
7450000 34 6.94118 25 75 217 0.73529 77 2.23529
7455000 26 8.73077 31 85 229 0.73077 76 2.88462
7460000 27 8.25926 27 76 219 0.77778 75 2.77778
7465000 25 9.00000 25 76 223 0.80000 75 3.00000
7470000 23 9.13043 25 82 215 0.82609 79 3.30435
7475000 24 8.83333 25 86 212 0.87500 76 3.16667
7480000 24 8.91667 26 84 220 0.87500 77 3.16667
7485000 26 8.07692 26 83 213 0.76923 78 2.88462
7490000 28 7.75000 24 87 210 0.71429 78 2.71429
7495000 24 9.16667 28 85 223 0.79167 78 3.20833
7500000 22 9.45455 26 82 203 0.81818 77 3.45455
7505000 23 9.21739 22 74 206 0.82609 76 3.26087
7510000 26 8.30769 22 82 221 0.84615 76 2.88462
7515000 25 9.64000 23 70 235 0.80000 78 3.04000
7520000 20 11.80000 26 84 236 0.80000 76 3.80000
7525000 27 8.96296 25 76 220 0.70370 77 2.85185
7530000 28 8.10714 22 91 217 0.71429 75 2.64286
7535000 26 8.57692 23 90 231 0.76923 75 2.84615
7540000 28 8.07143 26 81 218 0.71429 75 2.67857
7545000 25 8.84000 26 89 225 0.88000 75 2.96000
7550000 23 9.21739 25 79 217 0.78261 77 3.30435
7555000 22 9.59091 24 78 224 0.90909 78 3.50000
7560000 26 7.57692 19 75 198 0.76923 79 3.00000
7565000 28 7.25000 20 82 195 0.71429 79 2.78571
7570000 29 7.37931 23 76 205 0.72414 78 2.65517
7575000 29 7.20690 30 67 204 0.75862 78 2.65517
7580000 28 7.21429 31 76 195 0.67857 77 2.67857
7585000 30 6.70000 27 82 196 0.76667 77 2.53333
7590000 31 6.67742 26 89 200 0.64516 78 2.48387
7595000 28 7.50000 27 88 206 0.78571 79 2.75000
7600000 29 7.34483 23 85 195 0.75862 80 2.72414
7605000 30 7.43333 23 85 225 0.80000 78 2.56667
7610000 32 7.37500 23 73 217 0.75000 77 2.40625
7615000 26 8.73077 23 77 218 0.80769 76 2.84615
7620000 26 8.88462 29 75 213 0.73077 78 2.84615
7625000 26 8.88462 28 72 227 0.80769 76 2.80769
7630000 22 9.63636 24 87 214 0.90909 74 3.36364
7635000 27 7.70370 22 85 198 0.81481 75 2.74074
7640000 25 8.16000 23 84 201 0.80000 78 3.00000
7645000 24 8.54167 21 84 202 0.79167 76 3.12500
7650000 29 7.58621 23 65 204 0.75862 77 2.62069
7655000 29 7.79310 23 54 205 0.75862 77 2.65517
7660000 27 7.96296 23 66 208 0.77778 78 2.77778
7665000 26 7.88462 20 81 206 0.80769 76 2.80769
7670000 26 8.19231 18 85 207 0.80769 76 2.80769
7675000 30 7.33333 17 83 208 0.76667 75 2.43333
7680000 31 7.32258 18 83 215 0.80645 73 2.35484
7685000 30 7.76667 19 86 226 0.76667 77 2.46667
7690000 28 8.67857 23 74 235 0.78571 76 2.64286
7695000 26 8.61538 20 76 216 0.80769 75 2.84615
7700000 25 9.44000 22 73 237 0.88000 77 3.04000
7705000 26 8.80769 22 82 234 0.84615 76 2.88462
7710000 24 8.91667 21 88 220 0.83333 74 3.04167
7715000 26 8.23077 22 78 208 0.76923 73 2.76923
7720000 27 7.66667 23 76 212 0.81481 73 2.66667
7725000 32 6.65625 21 72 199 0.59375 74 2.25000
7730000 24 8.41667 23 81 217 0.83333 76 3.16667
7735000 27 7.40741 23 78 210 0.70370 74 2.70370
7740000 26 7.80769 22 86 205 0.73077 76 2.92308
7745000 27 8.11111 23 76 219 0.70370 77 2.85185
7750000 28 7.60714 22 76 220 0.89286 75 2.67857
7755000 26 8.38462 23 75 219 0.73077 79 2.96154
7760000 26 8.57692 23 73 238 0.84615 80 3.03846
7765000 25 8.72000 24 81 218 0.80000 80 3.16000
7770000 31 7.09677 21 82 214 0.67742 78 2.51613
7775000 24 8.75000 23 89 218 0.83333 77 3.12500
7780000 24 9.08333 23 80 212 0.83333 75 3.12500
7785000 27 7.85185 23 79 211 0.85185 78 2.85185
7790000 26 8.23077 23 80 219 0.76923 81 3.07692
7795000 31 7.32258 23 73 225 0.70968 79 2.54839
7800000 28 7.71429 23 83 218 0.85714 78 2.78571
7805000 33 7.00000 24 73 221 0.66667 79 2.39394
7810000 29 7.51724 24 81 218 0.65517 80 2.75862
7815000 29 7.75862 23 79 220 0.86207 80 2.68966
7820000 29 7.72414 20 82 226 0.75862 79 2.68966
7825000 26 8.88462 23 77 234 0.80769 79 3.00000
7830000 19 11.31579 25 77 221 0.84211 77 4.05263
7835000 22 9.95455 23 84 227 0.86364 78 3.50000
7840000 21 9.85714 21 90 220 0.90476 76 3.61905
7845000 24 8.83333 19 84 209 0.79167 74 3.04167
7850000 25 8.92000 20 82 218 0.76000 75 2.88000
7855000 26 8.84615 21 62 203 0.73077 75 2.80769
7860000 28 7.89286 20 64 202 0.75000 74 2.53571
7865000 24 8.37500 19 80 192 0.75000 77 3.00000
7870000 29 7.48276 20 78 195 0.65517 76 2.55172
7875000 29 7.65517 18 78 214 0.79310 75 2.51724
7880000 29 7.68966 21 84 215 0.79310 77 2.51724
7885000 30 7.43333 20 71 223 0.80000 79 2.63333
7890000 29 7.51724 19 68 222 0.89655 77 2.65517
7895000 29 7.51724 17 67 215 0.89655 78 2.65517
7900000 33 6.93939 17 75 222 0.75758 77 2.33333
7905000 34 6.61765 16 78 215 0.76471 78 2.26471
7910000 32 7.06250 16 74 219 0.78125 79 2.40625
7915000 31 7.48387 20 75 226 1.00000 79 2.51613
7920000 31 7.45161 27 67 215 0.67742 77 2.45161
7925000 24 9.41667 25 78 233 0.87500 80 3.33333
7930000 24 9.00000 28 74 218 0.83333 79 3.25000
7935000 25 8.56000 26 72 223 0.76000 79 3.08000
7940000 25 8.24000 26 80 214 0.92000 77 3.04000
7945000 27 7.92593 28 76 206 0.74074 76 2.81481
7950000 24 8.33333 27 86 207 0.79167 76 3.12500
7955000 29 7.06897 25 91 212 0.86207 77 2.58621
7960000 28 7.17857 24 100 218 0.82143 78 2.64286
7965000 27 7.66667 22 80 221 0.92593 77 2.77778
7970000 28 7.10714 27 74 201 0.82143 77 2.71429
7975000 25 7.76000 26 77 203 0.84000 76 3.00000
7980000 25 7.40000 25 90 199 0.84000 77 3.04000
7985000 27 7.25926 24 91 198 0.74074 77 2.77778
7990000 32 6.53125 24 78 212 0.87500 79 2.40625
7995000 34 6.20588 23 73 209 0.85294 79 2.29412
8000000 24 8.29167 30 95 224 0.87500 79 3.12500
8005000 28 7.42857 29 78 224 0.85714 79 2.75000
8010000 26 7.84615 26 87 222 0.88462 78 2.92308
8015000 23 8.82609 25 74 220 1.00000 76 3.17391
8020000 29 7.10345 26 66 213 0.79310 74 2.48276
8025000 21 9.33333 23 74 217 1.00000 76 3.52381
8030000 25 8.44000 23 74 229 0.92000 78 3.04000
8035000 29 7.41379 24 74 232 0.89655 77 2.62069
8040000 31 7.09677 19 82 227 0.90323 77 2.45161
8045000 31 7.32258 19 68 235 0.87097 77 2.45161
8050000 28 7.96429 18 77 231 0.89286 78 2.71429
8055000 29 8.03448 19 66 226 0.75862 77 2.62069
8060000 27 8.40741 19 69 225 0.92593 77 2.81481
8065000 31 7.80645 20 70 248 0.77419 77 2.48387
8070000 26 8.88462 20 78 244 0.92308 77 2.88462
8075000 26 8.69231 19 77 234 0.84615 74 2.84615
8080000 29 8.24138 20 71 246 0.86207 75 2.58621
8085000 28 8.64286 21 60 237 0.85714 74 2.64286
8090000 24 9.83333 23 74 248 0.91667 75 3.12500
8095000 24 9.87500 21 70 241 0.83333 75 3.08333
8100000 24 9.50000 26 69 237 0.91667 75 3.08333
8105000 26 8.69231 24 66 232 0.80769 75 2.84615
8110000 28 8.17857 26 67 233 0.85714 77 2.67857
8115000 24 9.00000 24 80 227 0.83333 77 3.08333
8120000 31 7.16129 22 61 219 0.83871 76 2.38710
8125000 29 7.72414 26 70 224 0.89655 78 2.62069
8130000 27 8.00000 23 77 222 0.88889 77 2.77778
8135000 25 8.36000 22 79 222 0.92000 77 3.08000
8140000 28 7.71429 22 63 215 0.82143 77 2.71429
8145000 29 7.37931 21 69 216 0.86207 76 2.62069
8150000 29 7.34483 20 77 212 0.96552 77 2.55172
8155000 29 7.44828 21 71 218 0.79310 76 2.55172
8160000 29 7.58621 20 65 209 0.82759 79 2.65517
8165000 32 7.18750 22 60 207 0.71875 80 2.46875
8170000 29 7.93103 24 67 221 0.82759 80 2.75862
8175000 34 6.82353 22 66 214 0.76471 80 2.35294
8180000 34 6.76471 23 77 224 0.88235 79 2.29412
8185000 34 6.58824 22 90 215 0.76471 80 2.35294
8190000 35 6.40000 20 97 217 0.74286 79 2.22857
8195000 35 6.65714 19 96 225 0.82857 78 2.20000
8200000 31 7.58065 24 85 231 0.87097 77 2.51613
8205000 31 7.74194 24 83 231 0.80645 79 2.51613
8210000 26 9.19231 28 75 241 0.84615 79 2.96154
8215000 28 8.60714 28 73 242 0.85714 80 2.71429
8220000 27 9.25926 26 64 235 0.85185 78 2.81481
8225000 27 8.77778 24 70 232 0.77778 77 2.77778
8230000 26 8.84615 24 74 229 0.96154 79 2.96154
8235000 30 7.86667 23 69 226 0.76667 77 2.53333
8240000 28 8.10714 26 68 229 0.78571 79 2.75000
8245000 28 7.78571 26 66 231 0.82143 80 2.71429
8250000 27 7.96296 27 74 230 0.88889 80 2.85185
8255000 27 7.66667 23 87 217 0.85185 77 2.77778
8260000 28 7.67857 25 79 219 0.82143 77 2.64286
8265000 24 9.04167 26 83 233 0.83333 75 3.08333
8270000 31 7.58065 24 73 231 0.83871 75 2.41935
8275000 31 7.25806 23 79 231 0.83871 75 2.41935
8280000 29 7.79310 24 75 242 0.82759 75 2.58621
8285000 30 7.43333 24 77 233 0.83333 78 2.53333
8290000 31 7.09677 24 88 232 0.87097 76 2.41935
8295000 27 8.00000 22 80 231 0.96296 76 2.74074
8300000 28 7.67857 22 83 228 0.89286 76 2.67857
8305000 25 8.88000 22 65 224 0.84000 78 3.08000
8310000 30 7.73333 23 66 237 0.80000 79 2.60000
8315000 30 7.86667 28 72 239 0.86667 81 2.66667
8320000 28 8.53571 26 73 249 0.89286 80 2.82143
8325000 29 8.10345 22 70 238 0.86207 80 2.75862
8330000 29 8.03448 21 71 231 0.86207 80 2.75862
8335000 29 7.86207 20 71 241 0.86207 79 2.72414
8340000 28 7.85714 22 82 229 0.82143 79 2.75000
8345000 30 7.53333 24 71 220 0.73333 78 2.53333
8350000 31 7.51613 23 78 229 0.80645 77 2.45161
8355000 31 7.48387 21 66 218 0.77419 76 2.41935
8360000 30 7.30000 19 75 215 0.80000 76 2.53333
8365000 28 7.71429 26 82 227 0.92857 77 2.75000
8370000 26 8.38462 25 80 213 0.84615 77 2.92308
8375000 28 7.92857 23 81 220 0.85714 76 2.71429
8380000 30 7.30000 22 80 229 0.86667 78 2.53333
8385000 31 6.74194 21 76 210 0.90323 75 2.38710
8390000 28 7.46429 32 75 207 0.82143 74 2.64286
8395000 25 8.08000 30 79 213 0.96000 76 2.92000
8400000 26 8.07692 34 83 215 0.76923 77 2.84615
8405000 34 6.64706 28 70 208 0.64706 76 2.14706
8410000 28 7.64286 28 87 218 0.78571 75 2.57143
8415000 32 6.78125 28 92 213 0.65625 76 2.21875
8420000 29 7.37931 27 90 210 0.75862 75 2.48276
8425000 33 6.78788 24 84 219 0.69697 74 2.18182
8430000 27 7.55556 26 90 211 0.77778 75 2.70370
8435000 27 7.70370 25 92 208 0.81481 75 2.62963
8440000 31 6.96774 26 79 215 0.80645 79 2.41935
8445000 27 7.81481 28 75 206 0.88889 76 2.81481
8450000 29 7.75862 26 58 213 0.75862 77 2.65517
8455000 25 8.64000 24 71 207 0.80000 77 3.08000
8460000 28 7.96429 27 68 213 0.78571 76 2.71429
8465000 26 8.53846 28 81 226 0.80769 76 2.92308
8470000 31 7.58065 27 71 226 0.64516 74 2.38710
8475000 28 8.07143 29 75 215 0.75000 73 2.60714
8480000 31 7.80645 29 64 231 0.83871 74 2.38710
8485000 27 8.29630 27 70 225 0.85185 74 2.70370
8490000 29 7.82759 27 79 221 0.79310 76 2.55172
8495000 29 7.93103 26 82 238 0.79310 78 2.58621
8500000 30 7.80000 23 68 227 0.83333 76 2.50000
8505000 34 6.97059 23 67 214 0.79412 75 2.17647
8510000 32 7.03125 22 83 211 0.68750 74 2.31250
8515000 26 8.07692 20 98 222 0.80769 74 2.84615
8520000 29 7.27586 20 91 217 0.79310 74 2.55172
8525000 33 6.75758 20 77 212 0.81818 71 2.15152
8530000 25 8.28000 18 80 207 0.88000 73 2.92000
8535000 31 6.74194 18 80 202 0.70968 75 2.41935
8540000 31 6.70968 20 75 198 0.80645 75 2.41935
8545000 31 7.03226 22 73 204 0.77419 75 2.41935
8550000 25 8.04000 25 100 201 0.72000 76 3.00000
8555000 36 6.11111 24 96 226 0.80556 77 2.13889
8560000 32 7.03125 24 87 204 0.59375 78 2.37500
8565000 29 7.37931 24 95 211 0.79310 76 2.58621
8570000 29 7.68966 26 86 216 0.79310 77 2.58621
8575000 28 8.39286 26 70 210 0.71429 79 2.71429
8580000 30 7.90000 26 74 224 0.83333 80 2.63333
8585000 25 9.20000 26 78 232 0.88000 78 3.12000
8590000 26 8.92308 25 82 240 0.84615 76 2.92308
8595000 25 9.32000 25 80 237 0.92000 76 3.04000
8600000 24 10.08333 27 76 243 0.87500 76 3.08333
8605000 28 8.71429 29 71 233 0.75000 77 2.67857
8610000 27 9.00000 28 61 241 0.81481 77 2.81481
8615000 26 9.15385 26 72 240 0.84615 78 3.00000
8620000 30 8.20000 27 66 236 0.80000 78 2.60000
8625000 29 8.27586 27 74 239 0.75862 79 2.72414
8630000 26 8.84615 24 86 237 0.84615 77 2.92308
8635000 29 7.93103 23 87 230 0.75862 78 2.62069
8640000 29 7.86207 24 92 234 0.89655 77 2.62069
8645000 30 7.56667 22 82 227 0.90000 76 2.53333
8650000 34 6.97059 22 68 227 0.82353 77 2.26471
8655000 34 7.05882 23 80 231 0.73529 77 2.26471
8660000 33 7.27273 21 80 242 0.72727 77 2.30303
8665000 36 6.55556 23 79 229 0.69444 77 2.11111
8670000 35 6.40000 19 81 221 0.80000 76 2.14286
8675000 31 7.19355 20 71 221 0.77419 77 2.45161
8680000 30 7.23333 21 68 217 0.73333 76 2.50000
8685000 26 8.34615 20 77 221 0.92308 77 2.92308
8690000 25 8.48000 19 81 228 0.88000 77 3.08000
8695000 25 8.32000 19 79 226 0.96000 76 3.04000
8700000 27 8.07407 21 61 219 0.81481 75 2.77778
8705000 23 9.04348 21 75 219 1.00000 75 3.17391
8710000 24 8.54167 21 79 219 0.83333 74 3.00000
8715000 27 7.48148 19 87 203 0.74074 73 2.62963
8720000 32 6.50000 19 85 199 0.65625 75 2.28125
8725000 26 7.76923 19 89 205 0.80769 75 2.76923
8730000 24 8.87500 29 78 204 0.79167 80 3.12500
8735000 29 7.82759 29 76 218 0.72414 76 2.55172
8740000 28 7.92857 27 77 210 0.78571 76 2.64286
8745000 28 7.82143 25 69 216 0.89286 76 2.71429
8750000 29 7.55172 23 69 209 0.75862 76 2.62069
8755000 28 7.57143 21 81 216 0.89286 75 2.67857
8760000 30 7.20000 23 80 216 0.83333 77 2.56667
8765000 31 7.06452 25 78 206 0.80645 76 2.45161
8770000 28 7.53571 22 81 205 0.67857 75 2.57143
8775000 32 6.62500 22 72 199 0.81250 73 2.25000
8780000 25 8.16000 22 88 213 0.76000 75 2.96000
8785000 33 6.96970 22 73 220 0.78788 76 2.24242
8790000 27 8.00000 20 83 218 0.88889 74 2.74074
8795000 25 9.00000 31 79 219 0.84000 76 3.04000
8800000 28 8.39286 32 74 236 0.89286 76 2.67857
8805000 28 8.25000 29 85 216 0.92857 74 2.64286
8810000 30 7.90000 29 86 230 0.80000 73 2.40000
8815000 24 9.16667 30 89 221 0.83333 75 3.00000
8820000 24 9.12500 32 84 233 0.87500 77 3.12500
8825000 28 8.03571 51 74 226 0.75000 77 2.75000
8830000 29 7.86207 51 67 228 0.75862 77 2.58621
8835000 29 7.68966 48 74 216 0.72414 76 2.51724
8840000 27 8.11111 44 83 227 0.81481 76 2.66667
8845000 26 8.69231 48 79 232 0.76923 75 2.84615
8850000 30 7.30000 40 83 221 0.83333 75 2.43333
8855000 30 7.40000 38 89 228 0.73333 77 2.43333
8860000 33 6.84848 37 82 220 0.66667 76 2.24242
8865000 25 8.84000 40 77 233 0.88000 78 3.08000
8870000 24 8.62500 39 86 227 0.87500 76 3.16667
8875000 27 7.96296 38 81 219 0.81481 75 2.77778
8880000 26 8.42308 35 84 229 0.92308 75 2.88462
8885000 27 8.59259 35 80 238 0.81481 76 2.77778
8890000 28 8.42857 31 77 237 0.89286 75 2.64286
8895000 28 8.71429 36 80 248 0.82143 78 2.71429
8900000 27 9.00000 36 69 251 0.85185 78 2.81481
8905000 28 8.96429 37 71 251 0.75000 79 2.71429
8910000 31 7.83871 35 76 237 0.74194 79 2.51613
8915000 33 7.57576 31 74 243 0.63636 77 2.30303
8920000 27 8.81481 30 80 238 0.81481 78 2.81481
8925000 26 9.07692 33 80 248 0.92308 76 2.88462
8930000 28 8.64286 31 73 240 0.82143 77 2.75000
8935000 27 8.66667 28 82 236 0.85185 75 2.74074
8940000 31 7.90323 28 71 238 0.77419 77 2.41935
8945000 28 8.53571 29 75 241 0.82143 73 2.60714
8950000 25 9.48000 32 64 235 0.84000 74 2.96000
8955000 24 9.66667 30 75 235 0.87500 74 3.04167
8960000 26 8.92308 27 74 228 0.80769 75 2.76923
8965000 27 8.29630 26 75 223 0.74074 77 2.77778
8970000 25 8.84000 27 74 224 0.84000 73 2.88000
8975000 24 8.91667 27 88 228 0.79167 77 3.08333
8980000 30 7.60000 26 70 214 0.60000 78 2.50000
8985000 27 7.92593 27 84 214 0.74074 77 2.70370
8990000 28 7.89286 25 73 221 0.78571 77 2.64286
8995000 28 8.25000 25 75 229 0.85714 75 2.64286
9000000 29 8.10345 24 72 227 0.79310 79 2.58621
9005000 31 7.54839 27 73 230 0.80645 77 2.48387
9010000 29 8.03448 27 69 225 0.75862 79 2.62069
9015000 27 8.37037 26 68 218 0.74074 76 2.74074
9020000 24 9.50000 26 81 236 0.91667 76 3.00000
9025000 23 9.95652 31 80 238 0.86957 76 3.30435
9030000 26 9.11538 30 83 251 0.88462 77 2.92308
9035000 26 9.03846 30 77 241 0.80769 77 2.88462
9040000 26 8.92308 31 87 240 0.80769 79 2.92308
9045000 27 8.85185 32 83 244 0.85185 77 2.74074
9050000 28 8.42857 32 81 237 0.71429 76 2.71429
9055000 24 9.41667 32 82 224 0.79167 77 3.16667
9060000 25 8.84000 33 77 231 0.88000 76 3.00000
9065000 25 9.04000 39 76 235 0.80000 77 2.92000
9070000 23 9.82609 38 85 239 0.91304 79 3.30435
9075000 26 8.61538 36 81 230 0.84615 78 3.00000
9080000 30 7.83333 37 71 231 0.76667 77 2.56667
9085000 29 8.00000 34 72 231 0.79310 77 2.62069
9090000 27 8.48148 34 73 232 0.85185 78 2.70370
9095000 26 8.65385 29 77 229 0.80769 75 2.76923
9100000 23 9.00000 29 87 216 0.91304 76 3.13043
9105000 28 8.03571 28 78 236 0.89286 74 2.53571
9110000 26 8.61538 23 75 237 0.84615 76 2.73077
9115000 24 8.79167 22 82 224 0.87500 75 2.95833
9120000 28 8.00000 21 83 236 0.75000 74 2.50000
9125000 29 7.89655 21 77 241 0.93103 77 2.55172
9130000 28 8.42857 27 78 238 0.78571 78 2.67857
9135000 27 8.55556 24 74 232 0.77778 76 2.70370
9140000 23 9.86957 25 82 240 0.86957 74 3.17391
9145000 26 8.57692 25 83 238 0.80769 76 2.84615
9150000 27 8.40741 25 77 236 0.81481 74 2.74074
9155000 22 10.22727 31 84 252 0.95455 76 3.36364
9160000 28 8.35714 31 82 239 0.78571 77 2.71429
9165000 24 10.08333 32 80 252 0.87500 77 3.08333
9170000 28 8.60714 34 76 240 0.75000 77 2.67857
9175000 28 8.64286 30 73 242 0.75000 78 2.71429
9180000 27 8.66667 29 89 246 0.81481 77 2.85185
9185000 27 8.55556 31 84 238 0.85185 77 2.81481
9190000 31 7.74194 34 71 240 0.74194 77 2.45161
9195000 29 7.82759 33 89 252 0.86207 75 2.55172
9200000 24 8.54167 28 104 233 0.95833 76 3.16667
9205000 26 8.50000 28 86 230 0.84615 76 2.88462
9210000 28 7.67857 25 84 229 0.85714 75 2.60714
9215000 29 7.72414 23 76 229 0.82759 78 2.62069
9220000 29 7.89655 24 73 241 0.89655 78 2.65517
9225000 26 8.65385 28 73 239 0.84615 77 2.92308
9230000 26 8.30769 27 78 227 0.84615 75 2.84615
9235000 27 8.44444 25 77 242 0.96296 77 2.77778
9240000 26 8.88462 25 81 240 0.96154 75 2.88462
9245000 31 7.96774 27 69 249 0.87097 75 2.41935
9250000 29 8.27586 25 80 251 0.82759 77 2.62069
9255000 31 7.87097 27 74 244 0.83871 77 2.38710
9260000 29 8.20690 25 75 243 0.86207 76 2.48276
9265000 29 8.03448 24 73 237 0.79310 76 2.51724
9270000 25 9.00000 25 80 232 0.88000 76 2.96000
9275000 27 8.51852 34 75 235 0.81481 77 2.77778
9280000 26 8.61538 33 85 236 0.80769 77 2.84615
9285000 27 8.37037 33 84 224 0.77778 76 2.81481
9290000 23 9.56522 33 84 241 0.86957 76 3.30435
9295000 26 8.57692 32 80 239 0.88462 79 3.00000
9300000 28 8.25000 35 68 229 0.82143 76 2.71429
9305000 30 7.90000 35 71 238 0.83333 76 2.53333
9310000 28 8.32143 31 69 232 0.78571 75 2.60714
9315000 21 10.04762 32 87 233 0.90476 74 3.42857
9320000 27 8.33333 28 72 226 0.77778 72 2.62963
9325000 27 8.11111 28 92 229 0.70370 74 2.66667
9330000 26 8.11538 26 81 219 0.73077 76 2.76923
9335000 23 8.78261 24 81 217 0.86957 75 3.08696
9340000 21 9.47619 22 90 213 0.80952 75 3.33333
9345000 23 8.78261 21 88 213 0.86957 74 3.08696
9350000 27 8.14815 27 83 222 0.77778 72 2.59259
9355000 26 8.30769 30 88 218 0.69231 72 2.69231
9360000 29 7.89655 29 76 221 0.75862 74 2.44828
9365000 24 8.45833 26 84 205 0.79167 76 2.91667
9370000 27 7.37037 24 81 203 0.81481 75 2.55556
9375000 25 7.88000 22 84 208 0.84000 75 2.88000
9380000 28 6.89286 18 78 200 0.78571 78 2.57143
9385000 29 6.96552 23 79 206 0.79310 76 2.48276
9390000 26 7.42308 19 79 206 0.84615 74 2.73077
9395000 27 7.18519 26 82 211 0.85185 75 2.74074
9400000 25 7.80000 26 83 201 0.80000 73 2.84000
9405000 19 9.73684 29 97 200 0.78947 72 3.73684
9410000 19 10.15789 27 94 209 0.84211 73 3.78947
9415000 25 8.08000 24 88 202 0.68000 74 2.84000
9420000 25 8.28000 22 88 215 0.88000 76 2.88000
9425000 22 8.86364 21 95 217 0.90909 76 3.36364
9430000 22 9.04545 21 82 213 0.81818 75 3.27273
9435000 25 8.20000 23 78 209 0.80000 77 3.00000
9440000 24 8.54167 21 77 205 0.91667 76 3.16667
9445000 28 7.17857 19 80 210 0.85714 79 2.75000
9450000 28 7.67857 21 77 228 0.78571 77 2.71429
9455000 33 6.69697 21 77 213 0.63636 76 2.27273
9460000 30 7.03333 22 89 219 0.83333 78 2.46667
9465000 28 7.25000 23 108 216 0.92857 78 2.78571
9470000 24 8.79167 27 99 235 0.87500 77 3.20833
9475000 34 6.94118 27 77 237 0.79412 75 2.20588
9480000 32 7.12500 28 81 227 0.71875 75 2.28125
9485000 29 7.82759 26 86 234 0.79310 76 2.48276
9490000 26 8.65385 28 80 232 0.84615 77 2.73077
9495000 30 7.83333 33 68 246 0.83333 76 2.46667
9500000 21 10.14286 31 87 235 1.00000 76 3.42857
9505000 24 9.33333 31 78 233 0.91667 76 3.08333
9510000 23 9.82609 30 83 235 0.91304 77 3.26087
9515000 29 8.13793 29 68 238 0.82759 77 2.55172
9520000 27 8.70370 28 68 231 0.77778 74 2.74074
9525000 32 7.46875 29 75 238 0.71875 74 2.28125
9530000 27 8.85185 35 78 247 0.81481 75 2.70370
9535000 32 8.18750 40 63 258 0.84375 76 2.37500
9540000 26 9.23077 35 80 238 0.84615 76 2.92308
9545000 27 8.44444 33 83 238 0.85185 73 2.62963
9550000 27 8.18519 29 84 224 0.85185 77 2.74074
9555000 28 7.71429 27 86 220 0.82143 77 2.53571
9560000 28 8.17857 30 80 226 0.67857 74 2.53571
9565000 28 7.85714 29 88 238 0.85714 71 2.42857
9570000 24 9.16667 29 96 243 0.91667 74 2.91667
9575000 27 8.70370 32 83 243 0.77778 78 2.70370
9580000 24 9.62500 31 81 249 0.91667 76 3.12500
9585000 25 9.52000 32 83 256 0.80000 77 2.96000
9590000 28 8.42857 29 70 239 0.82143 78 2.67857
9595000 26 8.65385 42 78 237 0.80769 77 2.80769
9600000 24 9.33333 47 71 241 0.87500 75 3.00000
9605000 23 9.04348 44 75 213 0.86957 74 3.17391
9610000 23 9.04348 42 71 218 0.86957 76 3.04348
9615000 23 8.78261 38 77 212 0.91304 75 3.04348
9620000 22 9.09091 39 83 221 0.81818 76 3.13636
9625000 24 8.83333 37 76 218 0.79167 75 2.87500
9630000 25 8.32000 33 80 227 0.84000 75 2.96000
9635000 25 8.24000 32 78 216 0.88000 77 2.92000
9640000 22 9.09091 30 88 225 0.90909 78 3.40909
9645000 24 8.50000 29 86 224 0.83333 74 3.00000
9650000 27 8.14815 33 78 234 0.81481 75 2.74074
9655000 27 7.81481 30 81 215 0.74074 76 2.70370
9660000 23 9.21739 28 90 233 0.91304 77 3.21739
9665000 35 6.80000 27 68 230 0.71429 75 2.08571
9670000 26 8.57692 24 78 227 0.76923 75 2.84615
9675000 27 8.25926 25 77 222 0.92593 75 2.74074
9680000 32 7.40625 31 78 234 0.78125 78 2.34375
9685000 29 7.82759 27 67 230 0.79310 77 2.58621
9690000 28 7.75000 25 66 209 0.82143 74 2.60714
9695000 26 8.26923 25 71 219 0.76923 75 2.80769
9700000 24 8.33333 22 79 213 0.91667 73 2.95833
9705000 27 7.33333 23 87 200 0.81481 73 2.66667
9710000 25 7.64000 27 89 204 0.80000 72 2.88000
9715000 24 7.91667 27 97 206 0.83333 73 3.00000
9720000 28 7.35714 28 76 218 0.78571 73 2.57143
9725000 25 8.04000 30 83 209 0.76000 76 3.00000
9730000 24 8.54167 32 80 211 0.83333 74 3.08333
9735000 24 8.83333 31 78 224 0.79167 75 2.95833
9740000 24 7.91667 26 84 207 0.87500 76 2.87500
9745000 29 6.72414 25 72 199 0.79310 73 2.34483
9750000 24 7.95833 29 79 201 0.87500 75 3.00000
9755000 22 8.18182 30 94 198 0.81818 73 3.00000
9760000 24 7.45833 28 88 193 0.70833 78 2.91667
9765000 30 6.90000 32 75 204 0.80000 77 2.46667
9770000 27 7.55556 32 81 208 0.77778 80 2.74074
9775000 26 7.42308 28 86 203 0.80769 80 2.88462
9780000 27 7.55556 29 96 217 0.77778 80 2.81481
9785000 25 7.76000 31 101 218 0.88000 77 2.92000
9790000 26 8.00000 31 93 218 0.88462 80 2.96154
9795000 23 8.95652 37 96 221 0.95652 78 3.34783
9800000 26 7.92308 39 90 211 0.84615 77 2.84615
9805000 28 7.46429 35 78 212 0.82143 77 2.57143
9810000 27 7.59259 35 73 214 0.88889 75 2.66667
9815000 25 8.12000 35 71 211 0.84000 80 2.96000
9820000 27 7.70370 32 67 217 0.85185 75 2.66667
9825000 29 7.75862 31 58 226 0.82759 75 2.48276
9830000 27 8.11111 30 64 224 0.81481 78 2.70370
9835000 27 7.70370 29 72 217 0.85185 76 2.74074
9840000 31 7.06452 38 69 218 0.80645 77 2.45161
9845000 36 5.97222 32 73 216 0.86111 77 2.08333
9850000 32 6.34375 31 72 203 0.81250 78 2.37500
9855000 28 7.07143 36 75 208 0.85714 79 2.75000
9860000 27 7.37037 38 84 212 0.85185 78 2.85185
9865000 30 7.20000 42 78 216 0.80000 77 2.53333
9870000 28 8.14286 49 68 229 0.82143 76 2.71429
9875000 25 8.96000 47 82 235 0.92000 78 3.08000
9880000 28 8.14286 45 70 230 0.82143 78 2.75000
9885000 25 8.80000 44 80 226 0.88000 79 3.16000
9890000 29 7.96552 50 78 232 0.68966 78 2.65517
9895000 26 8.50000 46 86 216 0.76923 79 2.96154
9900000 24 9.33333 39 85 220 0.79167 75 3.12500
9905000 24 8.91667 35 77 212 0.91667 74 3.04167
9910000 24 8.87500 39 80 217 0.83333 77 3.04167
9915000 25 8.68000 36 72 218 0.80000 75 2.84000
9920000 25 9.16000 39 64 222 0.72000 77 3.00000
9925000 23 9.39130 37 73 219 0.78261 79 3.26087
9930000 27 8.18519 38 73 217 0.77778 75 2.70370
9935000 25 8.76000 38 79 231 0.88000 74 2.96000
9940000 27 8.00000 37 76 217 0.74074 75 2.74074
9945000 28 7.53571 35 82 220 0.75000 76 2.64286
9950000 29 7.44828 36 76 215 0.68966 79 2.65517
9955000 29 7.58621 36 75 214 0.75862 79 2.62069
9960000 26 7.61538 33 83 200 0.73077 77 2.92308
9965000 28 7.21429 31 72 195 0.71429 76 2.64286
9970000 23 8.34783 29 83 205 0.86957 77 3.26087
9975000 22 8.95455 27 73 201 0.77273 77 3.40909
9980000 27 7.74074 26 78 205 0.77778 77 2.81481
9985000 24 7.83333 24 84 200 0.87500 77 3.16667
9990000 27 7.00000 23 87 194 0.81481 76 2.77778
9995000 28 7.17857 22 81 202 0.78571 76 2.67857
10000000 30 7.20000 24 77 217 0.83333 76 2.50000
