# V2 - Timesteps, No of clusters, Mean cluster size, Size largest cluster, No clusters size 1, No prot bound to poly, Fraction clusters bound to poly, No type 2 poly bound to prot, Mean no type 2 in prot cluster
0 20 2.10000 3 266 98 0.45000 6 0.05000
5000 38 2.97368 6 194 170 0.84211 57 0.89474
10000 41 3.87805 14 148 197 0.95122 63 1.24390
15000 37 4.35135 26 136 198 0.94595 70 1.45946
20000 36 4.72222 25 133 216 0.97222 71 1.58333
25000 37 4.81081 25 125 221 0.91892 73 1.56757
30000 37 4.89189 25 121 210 1.00000 71 1.72973
35000 34 5.58824 26 112 228 1.00000 69 1.85294
40000 35 5.51429 29 98 232 0.94286 72 1.80000
45000 36 5.61111 32 100 224 0.91667 75 1.86111
50000 34 5.97059 29 104 242 1.00000 75 2.05882
55000 29 6.68966 28 121 232 0.96552 73 2.31034
60000 31 6.09677 24 117 226 0.96774 78 2.16129
65000 31 6.16129 25 121 234 0.93548 75 2.16129
70000 30 6.23333 32 117 219 0.96667 76 2.16667
75000 27 6.85185 29 119 223 0.96296 76 2.48148
80000 29 6.51724 30 108 220 0.96552 72 2.37931
85000 34 5.67647 29 108 219 0.94118 75 2.14706
90000 31 6.22581 30 103 216 0.90323 75 2.25806
95000 27 7.00000 28 99 218 0.96296 76 2.55556
100000 29 6.86207 30 87 225 0.89655 76 2.44828
105000 25 7.40000 29 107 228 1.00000 77 2.76000
110000 27 7.07407 32 102 222 1.00000 77 2.66667
115000 26 7.23077 33 103 218 1.00000 77 2.88462
120000 26 7.15385 31 110 215 0.92308 77 2.80769
125000 30 6.50000 30 111 225 0.96667 77 2.46667
130000 29 6.93103 32 121 242 0.93103 76 2.41379
135000 28 7.14286 30 120 227 0.89286 78 2.57143
140000 32 6.40625 36 111 228 0.84375 77 2.25000
145000 24 7.70833 32 129 234 0.95833 75 2.91667
150000 30 6.86667 30 125 235 0.86667 74 2.40000
155000 30 7.10000 29 118 254 0.96667 74 2.36667
160000 24 8.25000 31 135 242 0.91667 76 2.87500
165000 26 7.84615 31 113 239 0.88462 76 2.65385
170000 25 7.72000 30 103 229 1.00000 74 2.80000
175000 28 6.82143 32 99 212 0.89286 76 2.46429
180000 25 7.64000 34 108 225 0.92000 77 2.92000
185000 22 8.50000 35 113 215 0.90909 76 3.27273
190000 28 7.39286 35 99 219 0.82143 77 2.50000
195000 21 9.00000 34 111 223 0.95238 78 3.33333
200000 28 7.28571 33 100 225 0.92857 78 2.64286
205000 22 8.50000 35 115 230 1.00000 78 3.18182
210000 22 8.36364 33 116 214 0.95455 75 3.13636
215000 24 7.50000 29 107 220 0.95833 77 2.91667
220000 29 6.48276 28 109 229 0.89655 78 2.51724
225000 24 7.37500 27 107 216 1.00000 77 3.00000
230000 24 7.08333 26 113 205 0.91667 75 2.91667
235000 22 7.63636 24 113 201 1.00000 76 3.22727
240000 26 6.57692 24 120 210 0.88462 74 2.73077
245000 26 6.80769 20 113 209 0.96154 74 2.76923
250000 26 6.69231 19 115 209 0.92308 76 2.76923
255000 27 6.88889 23 118 219 0.92593 77 2.70370
260000 29 6.44828 25 104 212 0.82759 78 2.48276
265000 24 7.08333 25 109 206 0.91667 79 2.91667
270000 22 7.77273 23 116 214 1.00000 78 3.27273
275000 25 7.04000 23 115 207 0.92000 77 2.84000
280000 27 6.44444 23 115 206 0.88889 77 2.70370
285000 24 7.25000 25 120 205 0.91667 78 3.08333
290000 26 6.61538 27 120 203 0.88462 78 2.88462
295000 26 6.92308 27 115 217 1.00000 77 2.88462
300000 23 7.82609 29 118 220 1.00000 77 3.34783
305000 24 7.70833 28 105 209 0.91667 77 3.12500
310000 25 7.68000 30 107 220 0.92000 78 3.00000
315000 28 7.03571 27 102 221 0.92857 79 2.67857
320000 25 7.64000 26 122 228 0.88000 79 3.00000
325000 26 6.96154 23 129 224 0.88462 80 2.88462
330000 29 6.75862 24 111 216 0.86207 78 2.65517
335000 23 8.00000 24 120 219 0.95652 78 3.34783
340000 26 7.53846 26 109 225 0.92308 76 2.80769
345000 27 7.55556 28 102 228 0.96296 79 2.77778
350000 27 7.11111 22 99 217 0.92593 75 2.74074
355000 29 6.62069 22 99 216 0.89655 76 2.55172
360000 27 6.70370 22 101 203 0.92593 79 2.70370
365000 25 6.80000 20 107 201 0.88000 76 2.88000
370000 23 7.39130 22 108 193 0.95652 76 3.21739
375000 21 8.00000 24 110 199 1.00000 76 3.42857
380000 25 6.64000 23 109 192 0.88000 75 2.84000
385000 33 5.48485 24 97 203 0.90909 73 2.21212
390000 27 6.25926 24 110 201 0.96296 75 2.70370
395000 22 7.09091 21 120 189 0.90909 78 3.31818
400000 25 7.08000 23 112 207 0.88000 77 2.84000
405000 30 6.33333 22 100 212 0.83333 73 2.43333
410000 25 7.20000 23 117 213 0.92000 74 2.84000
415000 24 7.91667 25 100 217 0.91667 79 3.04167
420000 27 6.74074 23 104 213 0.96296 78 2.81481
425000 28 6.82143 27 106 213 0.89286 78 2.67857
430000 26 7.11538 27 112 220 0.92308 75 2.80769
435000 24 7.95833 30 126 231 0.91667 77 3.08333
440000 29 6.93103 29 130 232 0.86207 78 2.55172
445000 25 7.52000 31 126 225 0.84000 79 3.00000
450000 26 7.61538 31 108 225 0.96154 80 2.96154
455000 20 8.80000 31 137 216 0.95000 79 3.70000
460000 23 7.47826 25 128 201 0.91304 80 3.21739
465000 20 8.10000 23 129 214 0.95000 79 3.70000
470000 22 7.86364 23 124 216 0.95455 76 3.40909
475000 23 7.91304 24 106 206 0.86957 77 3.21739
480000 27 7.03704 26 109 214 0.92593 79 2.77778
485000 24 8.00000 27 112 225 0.95833 77 3.12500
490000 27 7.59259 26 103 227 0.96296 76 2.77778
495000 23 8.65217 27 105 218 0.91304 79 3.21739
500000 24 8.50000 30 99 232 0.91667 79 3.08333
505000 21 9.47619 28 103 237 0.95238 80 3.61905
510000 27 7.40741 28 110 225 0.77778 78 2.77778
515000 21 8.61905 30 126 214 0.90476 79 3.52381
520000 19 9.31579 27 130 213 0.94737 77 3.84211
525000 20 9.05000 30 126 216 0.85000 75 3.60000
530000 19 9.05263 29 133 195 0.89474 74 3.78947
535000 26 7.30769 30 117 212 0.88462 77 2.88462
540000 24 7.62500 31 119 206 0.91667 77 3.16667
545000 23 8.34783 34 119 223 0.91304 79 3.34783
550000 28 7.39286 34 106 233 0.78571 78 2.71429
555000 23 8.52174 35 110 228 0.82609 77 3.26087
560000 22 9.00000 39 109 229 0.90909 78 3.36364
565000 22 9.09091 41 113 228 0.90909 78 3.45455
570000 20 10.05000 41 108 229 0.90000 79 3.80000
575000 21 9.71429 40 110 228 0.85714 78 3.57143
580000 21 9.52381 38 114 232 1.00000 78 3.61905
585000 25 8.20000 39 112 234 0.96000 79 3.12000
590000 25 8.20000 35 115 241 1.00000 80 3.08000
595000 25 7.92000 32 109 229 0.88000 79 3.00000
600000 24 8.20833 34 114 222 0.95833 80 3.25000
605000 21 9.66667 35 121 235 1.00000 78 3.61905
610000 22 8.86364 36 115 229 0.95455 79 3.40909
615000 25 7.64000 32 123 217 0.84000 79 3.00000
620000 19 9.63158 31 126 220 0.94737 78 3.94737
625000 21 9.14286 32 113 221 0.85714 75 3.52381
630000 15 11.40000 31 123 209 1.00000 79 4.93333
635000 16 11.06250 32 120 216 1.00000 80 4.68750
640000 16 11.68750 35 116 226 1.00000 79 4.68750
645000 19 10.00000 33 111 228 0.94737 81 4.05263
650000 24 8.29167 31 103 224 0.87500 81 3.29167
655000 23 8.52174 30 115 224 0.95652 80 3.30435
660000 24 8.12500 29 111 221 0.91667 80 3.29167
665000 24 8.16667 35 112 220 0.75000 79 3.20833
670000 24 7.75000 29 111 214 0.83333 80 3.29167
675000 18 9.61111 29 115 205 1.00000 80 4.27778
680000 18 10.00000 26 110 209 0.88889 79 4.11111
685000 22 8.40909 23 106 214 0.90909 80 3.50000
690000 19 9.31579 23 118 210 0.84211 78 3.89474
695000 22 8.22727 23 112 207 0.95455 79 3.40909
700000 20 8.50000 21 123 209 0.85000 78 3.75000
705000 23 8.17391 24 112 215 0.91304 78 3.30435
710000 19 9.31579 22 115 205 0.84211 79 3.89474
715000 22 8.72727 24 116 222 0.90909 79 3.45455
720000 24 7.83333 22 117 211 0.83333 79 3.25000
725000 21 7.76190 19 129 205 0.95238 79 3.52381
730000 21 7.52381 20 123 198 0.85714 79 3.52381
735000 19 8.10526 20 126 184 0.89474 77 3.94737
740000 16 9.37500 22 137 196 1.00000 79 4.75000
745000 21 8.09524 25 118 199 0.80952 77 3.57143
750000 23 7.30435 23 120 200 0.86957 77 3.21739
755000 21 7.71429 23 110 186 0.90476 79 3.61905
760000 20 7.60000 23 127 201 1.00000 79 3.65000
765000 20 7.85000 23 135 196 0.95000 77 3.70000
770000 21 8.09524 21 123 201 1.00000 77 3.57143
775000 22 7.72727 23 122 200 0.86364 77 3.36364
780000 23 7.56522 24 122 201 0.86957 79 3.26087
785000 20 8.40000 24 129 202 1.00000 77 3.75000
790000 26 7.07692 23 120 201 0.84615 77 2.88462
795000 23 7.13043 20 127 198 0.86957 74 3.13043
800000 21 7.85714 21 134 210 0.90476 75 3.52381
805000 20 8.10000 21 128 199 1.00000 78 3.70000
810000 25 7.16000 21 119 202 0.80000 75 2.92000
815000 21 8.47619 24 123 216 0.90476 76 3.52381
820000 25 7.24000 24 128 206 0.80000 78 2.92000
825000 25 7.44000 26 128 216 0.80000 78 2.96000
830000 21 8.00000 26 139 203 0.90476 79 3.38095
835000 21 8.52381 39 126 212 0.90476 76 3.47619
840000 24 8.00000 37 117 219 0.91667 80 3.16667
845000 21 8.85714 38 128 222 0.90476 80 3.66667
850000 18 10.11111 38 122 219 0.88889 79 4.22222
855000 20 9.20000 35 106 215 0.85000 80 3.75000
860000 17 10.70588 36 123 220 1.00000 81 4.41176
865000 19 9.36842 38 114 209 0.89474 76 3.84211
870000 21 8.80952 39 113 217 0.90476 78 3.61905
875000 18 10.22222 39 115 223 0.94444 78 4.16667
880000 18 9.83333 40 124 211 0.83333 77 4.11111
885000 21 8.71429 37 116 213 0.80952 78 3.61905
890000 20 8.70000 36 124 196 0.90000 77 3.70000
895000 26 7.34615 34 109 214 0.80769 79 2.92308
900000 19 9.42105 34 124 217 1.00000 78 3.94737
905000 19 9.89474 35 109 220 1.00000 78 4.00000
910000 21 8.71429 33 107 205 0.90476 78 3.66667
915000 18 10.33333 32 112 222 1.00000 80 4.22222
920000 20 9.60000 31 118 216 0.85000 79 3.75000
925000 20 9.75000 34 115 217 0.85000 79 3.80000
930000 17 11.17647 34 116 217 0.88235 78 4.47059
935000 15 12.26667 32 121 220 1.00000 80 5.13333
940000 17 10.82353 38 128 227 0.88235 78 4.41176
945000 17 10.35294 37 127 211 0.88235 80 4.47059
950000 20 9.05000 34 117 203 0.90000 79 3.90000
955000 18 10.50000 42 117 231 0.94444 80 4.38889
960000 25 7.92000 41 105 211 0.84000 79 3.12000
965000 20 9.05000 40 123 208 0.80000 79 3.90000
970000 24 8.08333 40 119 217 0.83333 79 3.29167
975000 17 10.41176 41 131 207 0.88235 81 4.64706
980000 21 8.80952 45 123 207 0.85714 79 3.71429
985000 21 8.61905 40 124 198 0.80952 81 3.76190
990000 15 11.00000 43 137 202 1.00000 78 5.00000
995000 22 7.90909 42 125 203 0.86364 77 3.40909
1000000 16 10.43750 42 135 206 0.93750 76 4.56250
1005000 19 9.21053 41 131 215 0.78947 77 3.89474
1010000 15 11.53333 45 132 216 1.00000 78 5.00000
1015000 16 10.62500 44 133 214 0.81250 77 4.62500
1020000 20 9.35000 39 108 209 0.80000 79 3.80000
1025000 17 10.88235 41 111 215 0.88235 79 4.52941
1030000 19 10.05263 43 111 212 0.84211 77 4.00000
1035000 20 9.05000 41 120 210 0.80000 78 3.75000
1040000 17 10.64706 41 117 213 0.94118 77 4.41176
1045000 17 10.11765 39 110 198 0.94118 77 4.29412
1050000 17 10.35294 38 112 205 0.94118 78 4.29412
1055000 20 9.05000 36 114 208 0.95000 78 3.75000
1060000 17 10.35294 34 121 209 0.94118 78 4.52941
1065000 16 11.75000 37 120 217 0.87500 77 4.68750
1070000 17 11.23529 37 116 226 0.88235 78 4.52941
1075000 19 10.15789 40 122 219 0.84211 78 4.05263
1080000 15 12.53333 38 123 227 0.86667 81 5.26667
1085000 16 12.12500 34 116 232 1.00000 80 4.93750
1090000 18 10.94444 36 106 218 0.94444 79 4.33333
1095000 16 11.68750 37 123 227 0.87500 81 4.93750
1100000 17 11.29412 41 119 224 1.00000 81 4.64706
1105000 19 10.36842 42 116 224 0.84211 81 4.15789
1110000 17 11.00000 40 116 220 0.82353 80 4.58824
1115000 16 11.62500 42 119 209 0.93750 80 4.93750
1120000 17 10.64706 40 117 214 0.76471 79 4.58824
1125000 16 10.93750 35 121 210 0.81250 80 4.87500
1130000 18 9.77778 34 102 209 0.94444 77 4.22222
1135000 14 12.71429 37 104 200 0.92857 77 5.28571
1140000 15 11.80000 36 106 202 0.93333 77 5.00000
1145000 16 11.18750 41 101 207 0.93750 80 4.81250
1150000 17 9.94118 38 113 193 0.88235 78 4.47059
1155000 20 8.65000 36 118 196 0.85000 78 3.75000
1160000 17 9.76471 30 123 194 0.76471 77 4.41176
1165000 22 8.04545 30 117 198 0.68182 75 3.31818
1170000 16 10.31250 28 123 195 0.87500 76 4.50000
1175000 20 8.65000 31 118 199 0.90000 75 3.60000
1180000 15 11.00000 32 118 197 0.93333 78 4.93333
1185000 17 10.05882 33 113 191 0.88235 80 4.41176
1190000 16 10.68750 33 116 200 0.93750 78 4.75000
1195000 19 9.42105 35 115 208 0.94737 78 4.05263
1200000 15 11.73333 37 127 219 1.00000 80 5.06667
1205000 20 9.35000 37 110 211 0.85000 80 3.90000
1210000 19 9.21053 33 114 200 0.84211 78 3.94737
1215000 21 8.90476 36 110 223 0.80952 78 3.61905
1220000 18 9.83333 32 117 212 0.88889 80 4.11111
1225000 26 7.65385 33 111 223 0.84615 79 2.92308
1230000 21 9.28571 37 116 226 0.80952 78 3.57143
1235000 20 9.35000 38 118 230 1.00000 79 3.90000
1240000 20 9.40000 34 118 212 0.90000 80 3.85000
1245000 19 9.36842 30 121 219 0.94737 80 3.94737
1250000 20 9.40000 29 110 216 0.85000 78 3.65000
1255000 17 10.70588 29 121 213 0.94118 79 4.35294
1260000 18 10.00000 30 110 203 0.83333 78 4.16667
1265000 19 9.05263 29 108 195 0.84211 78 3.89474
1270000 13 12.07692 29 128 198 0.84615 76 5.61538
1275000 19 8.47368 25 119 192 0.78947 80 3.89474
1280000 17 9.23529 23 123 194 1.00000 79 4.41176
1285000 23 7.34783 22 110 187 0.91304 79 3.39130
1290000 20 8.15000 22 118 203 0.95000 79 3.75000
1295000 22 7.72727 24 120 200 0.86364 78 3.40909
1300000 16 10.25000 23 121 201 1.00000 79 4.43750
1305000 17 9.52941 21 126 198 0.94118 76 4.11765
1310000 22 7.86364 22 124 209 0.86364 76 3.36364
1315000 21 7.76190 21 133 202 1.00000 76 3.47619
1320000 23 7.34783 19 133 203 0.91304 79 3.34783
1325000 22 7.95455 22 132 205 0.86364 76 3.40909
1330000 19 9.00000 22 126 205 0.94737 77 3.94737
1335000 22 7.63636 25 120 208 0.90909 79 3.36364
1340000 21 7.76190 23 120 191 0.95238 80 3.52381
1345000 26 6.65385 21 116 200 0.84615 80 2.96154
1350000 19 8.10526 25 119 186 0.89474 78 4.00000
1355000 20 8.15000 25 108 188 0.90000 80 3.85000
1360000 24 7.12500 23 100 195 0.91667 79 3.20833
1365000 19 8.52632 23 118 194 0.94737 78 3.94737
1370000 20 8.20000 28 126 202 0.85000 79 3.75000
1375000 24 7.25000 28 116 196 0.79167 80 3.16667
1380000 18 9.00000 31 147 197 0.94444 76 4.16667
1385000 18 9.66667 31 127 205 0.88889 77 4.11111
1390000 20 8.65000 28 131 208 0.85000 78 3.70000
1395000 20 8.95000 33 127 217 0.90000 81 3.85000
1400000 16 11.18750 31 121 221 0.93750 79 4.75000
1405000 22 8.18182 29 120 202 0.72727 78 3.40909
1410000 20 8.55000 30 121 208 0.95000 78 3.80000
1415000 22 7.77273 27 114 194 0.90909 76 3.36364
1420000 16 10.00000 26 126 204 1.00000 77 4.56250
1425000 21 7.90476 25 125 205 0.85714 78 3.38095
1430000 22 7.45455 25 125 194 0.86364 76 3.31818
1435000 20 8.25000 25 126 189 0.85000 75 3.65000
1440000 19 8.52632 26 125 198 0.94737 78 3.94737
1445000 22 7.31818 26 124 189 0.86364 79 3.36364
1450000 21 7.57143 30 140 194 0.90476 79 3.47619
1455000 22 8.04545 33 142 213 0.77273 78 3.27273
1460000 19 9.21053 34 146 208 0.78947 77 3.68421
1465000 20 8.55000 31 143 211 0.85000 79 3.60000
1470000 20 8.75000 33 147 227 0.95000 77 3.70000
1475000 21 8.85714 33 132 216 0.80952 76 3.47619
1480000 18 10.05556 34 147 230 0.83333 78 4.16667
1485000 19 9.94737 35 128 226 0.94737 78 3.89474
1490000 21 9.47619 35 131 241 0.95238 80 3.66667
1495000 19 10.21053 35 123 222 0.89474 80 4.00000
1500000 21 9.42857 31 126 225 0.80952 79 3.66667
1505000 20 9.65000 32 123 226 0.80000 80 3.80000
1510000 17 11.00000 31 130 222 0.82353 79 4.41176
1515000 21 9.28571 31 127 229 0.90476 80 3.71429
1520000 18 10.55556 29 125 222 0.88889 79 4.27778
1525000 18 9.88889 28 130 220 0.94444 77 4.22222
1530000 19 9.42105 27 120 207 0.89474 76 3.89474
1535000 20 9.05000 32 119 210 0.90000 76 3.65000
1540000 19 9.15789 31 117 195 0.73684 75 3.78947
1545000 22 8.31818 33 117 208 0.77273 78 3.50000
1550000 19 8.73684 31 121 187 0.78947 77 3.89474
1555000 18 9.22222 31 124 208 0.94444 78 4.16667
1560000 15 10.86667 31 134 196 0.93333 74 4.80000
1565000 15 11.06667 31 133 203 0.93333 74 4.86667
1570000 21 8.57143 29 127 198 0.76190 73 3.42857
1575000 16 10.62500 31 140 208 0.93750 75 4.56250
1580000 21 8.33333 29 131 208 0.80952 78 3.52381
1585000 22 7.86364 26 122 198 0.86364 78 3.36364
1590000 17 9.11765 26 135 206 0.88235 78 4.41176
1595000 21 7.80952 27 128 198 0.76190 77 3.61905
1600000 19 8.15789 27 126 182 0.89474 75 3.89474
1605000 16 9.56250 27 128 182 0.93750 75 4.56250
1610000 21 7.71429 28 129 185 0.76190 75 3.42857
1615000 17 8.76471 29 141 187 0.82353 77 4.35294
1620000 22 7.36364 28 132 192 0.81818 77 3.36364
1625000 20 8.10000 26 143 203 0.80000 78 3.65000
1630000 18 8.50000 28 141 191 1.00000 76 4.16667
1635000 22 7.63636 28 135 202 0.90909 78 3.40909
1640000 20 8.10000 30 140 204 0.90000 78 3.70000
1645000 26 6.57692 30 131 202 0.73077 77 2.84615
1650000 23 7.26087 30 134 196 0.91304 77 3.26087
1655000 27 6.44444 27 124 209 0.92593 77 2.81481
1660000 25 7.16000 28 128 209 0.92000 81 3.16000
1665000 22 8.04545 27 121 203 0.86364 80 3.59091
1670000 21 8.42857 28 131 209 0.95238 79 3.71429
1675000 24 7.75000 29 126 206 0.91667 80 3.29167
1680000 24 7.50000 29 139 216 0.83333 80 3.29167
1685000 28 6.71429 27 129 209 0.78571 80 2.78571
1690000 25 7.48000 29 135 221 0.84000 79 3.12000
1695000 29 6.51724 33 125 212 0.79310 81 2.72414
1700000 17 9.11765 29 144 189 0.88235 80 4.58824
1705000 23 7.39130 32 141 200 0.78261 78 3.34783
1710000 29 6.65517 33 134 207 0.68966 78 2.65517
1715000 21 8.47619 34 146 220 0.90476 80 3.71429
1720000 18 9.88889 36 136 204 0.88889 80 4.27778
1725000 19 9.68421 37 128 215 0.89474 80 4.10526
1730000 18 10.00000 34 117 210 0.88889 80 4.44444
1735000 17 10.47059 36 124 210 0.94118 80 4.64706
1740000 20 8.80000 32 116 203 0.95000 80 3.90000
1745000 18 9.66667 33 124 201 0.88889 78 4.27778
1750000 19 9.42105 31 111 217 0.84211 78 4.10526
1755000 16 10.37500 29 117 209 0.87500 79 4.81250
1760000 16 10.12500 28 113 193 0.93750 78 4.75000
1765000 18 9.05556 28 123 198 0.83333 76 4.11111
1770000 21 8.19048 28 103 198 0.71429 75 3.42857
1775000 17 9.52941 29 102 188 0.88235 75 4.29412
1780000 19 8.42105 29 108 196 0.94737 76 3.89474
1785000 18 8.66667 30 121 191 0.88889 77 4.05556
1790000 22 7.77273 33 113 200 0.86364 76 3.36364
1795000 22 7.54545 34 120 195 0.86364 78 3.45455
1800000 23 7.21739 34 130 196 0.82609 78 3.21739
1805000 20 8.40000 38 131 208 0.90000 78 3.70000
1810000 20 8.85000 39 131 203 0.90000 76 3.75000
1815000 18 9.61111 38 132 212 0.88889 76 4.05556
1820000 18 8.83333 35 130 197 0.83333 76 4.00000
1825000 18 8.55556 31 132 190 0.88889 76 4.00000
1830000 19 8.78947 32 125 192 0.89474 78 3.84211
1835000 18 9.50000 36 125 204 0.88889 75 3.94444
1840000 17 9.76471 35 128 202 1.00000 75 4.29412
1845000 16 10.75000 35 132 212 0.93750 77 4.62500
1850000 16 10.25000 35 138 204 0.93750 78 4.62500
1855000 22 8.13636 33 125 212 0.86364 79 3.50000
1860000 20 8.70000 31 147 209 0.85000 78 3.80000
1865000 19 8.68421 30 133 196 0.94737 79 4.15789
1870000 19 8.84211 29 121 198 0.84211 79 4.10526
1875000 23 7.65217 30 119 201 0.86957 79 3.39130
1880000 15 11.20000 28 126 206 1.00000 80 5.13333
1885000 17 10.35294 31 122 213 1.00000 81 4.58824
1890000 26 7.19231 31 127 212 0.69231 80 2.96154
1895000 20 9.10000 30 132 218 0.95000 80 3.90000
1900000 19 9.15789 29 135 202 0.68421 80 3.89474
1905000 16 10.62500 30 127 200 0.93750 77 4.68750
1910000 15 10.66667 28 131 202 1.00000 77 4.93333
1915000 21 8.66667 27 117 206 0.80952 75 3.47619
1920000 19 9.42105 28 118 198 0.73684 74 3.78947
1925000 15 11.00000 27 122 202 0.86667 76 4.80000
1930000 14 10.92857 25 128 194 1.00000 75 5.21429
1935000 16 10.00000 25 126 200 0.93750 76 4.56250
1940000 19 9.05263 25 120 202 0.89474 77 4.00000
1945000 17 9.82353 29 131 209 0.88235 77 4.47059
1950000 19 9.26316 28 124 207 0.84211 76 3.78947
1955000 17 9.76471 28 135 203 0.88235 77 4.35294
1960000 19 9.26316 32 127 210 0.94737 76 3.94737
1965000 14 11.92857 34 138 214 0.92857 77 5.21429
1970000 23 7.65217 35 120 201 0.78261 75 3.13043
1975000 19 8.63158 35 132 195 0.84211 77 3.73684
1980000 18 8.88889 34 137 195 0.94444 78 4.11111
1985000 21 8.19048 32 122 203 0.90476 77 3.52381
1990000 17 9.35294 31 133 199 0.82353 75 4.23529
1995000 17 9.41176 32 128 199 1.00000 80 4.52941
2000000 16 9.75000 36 122 195 1.00000 77 4.62500
2005000 18 9.44444 36 114 203 1.00000 78 4.22222
2010000 18 9.16667 35 116 192 0.94444 78 4.11111
2015000 19 8.78947 34 117 208 0.94737 77 3.84211
2020000 20 8.50000 35 123 204 0.80000 79 3.75000
2025000 22 7.72727 34 126 205 0.86364 79 3.40909
2030000 20 8.35000 35 126 201 0.85000 79 3.80000
2035000 20 8.50000 39 127 206 0.85000 81 3.70000
2040000 20 8.75000 39 122 208 0.90000 79 3.70000
2045000 19 9.26316 38 116 214 0.84211 78 3.78947
2050000 18 9.61111 35 118 203 0.77778 76 4.00000
2055000 20 8.95000 38 123 217 0.95000 76 3.60000
2060000 16 10.56250 36 134 211 0.93750 76 4.43750
2065000 21 8.95238 38 122 216 0.85714 75 3.38095
2070000 23 8.00000 37 116 204 0.78261 75 3.17391
2075000 19 9.52632 39 126 219 0.89474 77 3.78947
2080000 19 9.47368 39 114 211 0.89474 77 3.89474
2085000 18 9.55556 36 129 209 0.94444 76 4.00000
2090000 18 9.50000 37 130 209 1.00000 75 3.94444
2095000 24 7.79167 34 114 217 0.83333 75 3.04167
2100000 19 9.36842 32 129 218 0.89474 77 3.68421
2105000 22 8.45455 31 115 207 0.77273 77 3.27273
2110000 21 8.76190 29 128 221 0.95238 78 3.42857
2115000 19 8.68421 26 136 205 1.00000 76 3.68421
2120000 21 8.61905 27 127 207 0.85714 76 3.52381
2125000 21 8.33333 28 131 210 0.80952 78 3.52381
2130000 23 7.78261 28 128 210 0.82609 77 3.26087
2135000 23 7.47826 31 144 205 0.82609 79 3.13043
2140000 23 7.60870 28 141 202 0.78261 77 3.00000
2145000 20 8.15000 29 133 200 0.75000 78 3.55000
2150000 20 8.30000 29 131 202 0.80000 78 3.65000
2155000 23 7.56522 29 132 210 0.91304 78 3.34783
2160000 20 8.50000 31 128 203 0.80000 78 3.85000
2165000 21 7.95238 30 130 203 0.90476 77 3.57143
2170000 20 8.45000 31 122 190 0.90000 80 3.80000
2175000 19 8.84211 32 122 210 0.89474 79 3.94737
2180000 22 8.31818 32 117 204 0.86364 78 3.45455
2185000 24 7.66667 30 126 213 0.87500 80 3.20833
2190000 16 11.12500 31 135 211 1.00000 79 4.68750
2195000 21 9.14286 33 119 220 0.95238 79 3.66667
2200000 17 10.35294 30 129 215 0.94118 77 4.29412
2205000 23 7.52174 28 126 200 0.86957 77 3.17391
2210000 20 8.20000 28 148 196 0.85000 78 3.80000
2215000 19 8.94737 29 135 198 0.89474 77 3.89474
2220000 23 7.91304 29 125 212 0.86957 78 3.26087
2225000 19 8.84211 27 128 205 0.89474 78 4.05263
2230000 18 9.50000 34 122 202 0.88889 79 4.16667
2235000 19 9.05263 37 125 205 0.94737 80 4.05263
2240000 23 7.91304 35 128 205 0.73913 78 3.30435
2245000 15 10.93333 31 146 201 0.86667 77 4.93333
2250000 19 9.42105 35 128 214 0.89474 78 4.00000
2255000 18 9.27778 35 141 206 1.00000 78 4.27778
2260000 22 8.54545 38 119 208 0.81818 80 3.50000
2265000 20 8.90000 41 115 214 0.85000 78 3.80000
2270000 22 8.72727 43 113 219 0.72727 77 3.36364
2275000 15 12.13333 37 123 216 1.00000 78 4.86667
2280000 18 10.33333 38 114 218 0.83333 79 4.11111
2285000 14 11.64286 38 119 195 0.92857 79 5.14286
2290000 17 9.64706 36 119 200 0.82353 78 4.29412
2295000 19 9.10526 38 122 201 0.89474 77 3.89474
2300000 18 9.61111 41 124 200 0.77778 77 4.11111
2305000 20 9.05000 40 128 213 0.85000 79 3.75000
2310000 21 8.76190 36 127 210 0.80952 79 3.52381
2315000 19 9.31579 33 129 208 0.84211 76 3.78947
2320000 17 9.82353 34 134 206 0.88235 76 4.17647
2325000 16 10.43750 31 152 211 0.87500 77 4.37500
2330000 18 10.00000 31 143 203 0.88889 77 4.05556
2335000 18 9.94444 35 141 225 0.88889 78 4.00000
2340000 24 7.75000 32 128 205 0.83333 77 3.12500
2345000 19 9.00000 30 141 213 0.89474 77 3.78947
2350000 19 9.00000 30 135 214 0.78947 76 3.84211
2355000 17 9.70588 28 140 206 0.88235 77 4.17647
2360000 22 8.45455 30 118 216 0.86364 78 3.22727
2365000 16 11.00000 29 121 214 0.93750 77 4.50000
2370000 24 7.75000 29 115 211 0.87500 81 3.16667
2375000 17 10.11765 26 124 206 0.82353 79 4.29412
2380000 19 9.52632 28 105 210 0.84211 80 3.94737
2385000 20 9.05000 31 112 216 0.90000 79 3.90000
2390000 22 8.09091 28 117 207 0.86364 81 3.59091
2395000 18 9.88889 32 128 219 1.00000 80 4.38889
2400000 18 9.77778 32 121 205 0.83333 79 4.05556
2405000 20 8.65000 31 123 212 0.85000 79 3.90000
2410000 20 8.60000 34 136 214 0.90000 77 3.75000
2415000 22 8.18182 30 132 211 0.86364 76 3.31818
2420000 14 11.78571 28 150 214 0.92857 75 5.14286
2425000 18 8.94444 24 138 188 0.83333 74 4.11111
2430000 18 9.16667 28 138 204 1.00000 74 4.00000
2435000 15 11.13333 28 129 210 0.93333 73 4.53333
2440000 19 9.15789 28 118 207 0.78947 76 3.73684
2445000 18 9.61111 32 137 221 0.94444 76 4.05556
2450000 16 11.06250 35 139 217 0.81250 76 4.50000
2455000 18 9.61111 34 123 210 0.88889 76 4.11111
2460000 18 9.83333 34 127 209 0.83333 75 4.00000
2465000 17 9.94118 30 135 211 1.00000 78 4.35294
2470000 16 10.00000 29 135 198 0.93750 76 4.43750
2475000 19 8.73684 28 143 209 0.89474 77 3.89474
2480000 22 8.04545 31 134 221 0.95455 79 3.50000
2485000 23 7.78261 30 130 202 0.78261 79 3.21739
2490000 18 9.44444 28 144 205 1.00000 79 4.22222
2495000 21 8.33333 26 139 209 0.95238 79 3.61905
2500000 21 8.80952 31 131 212 0.85714 78 3.61905
2505000 23 8.00000 33 140 213 0.78261 78 3.39130
2510000 23 8.00000 33 133 218 0.86957 79 3.34783
2515000 21 8.04762 33 145 215 0.95238 79 3.71429
2520000 23 7.73913 33 137 216 0.82609 79 3.39130
2525000 19 8.89474 31 149 209 0.89474 79 4.15789
2530000 25 7.44000 33 127 217 0.92000 80 3.16000
2535000 23 7.82609 30 127 203 0.82609 77 3.30435
2540000 21 8.47619 30 128 201 0.76190 78 3.57143
2545000 22 8.22727 34 116 201 0.81818 80 3.59091
2550000 19 8.89474 30 122 198 0.84211 77 3.89474
2555000 15 10.46667 33 129 203 0.86667 78 4.80000
2560000 14 11.85714 31 124 208 1.00000 78 5.28571
2565000 24 7.50000 28 119 197 0.70833 78 3.12500
2570000 18 9.72222 30 130 208 0.94444 79 4.22222
2575000 14 11.00000 28 130 201 1.00000 76 5.14286
2580000 18 9.44444 33 109 198 0.88889 79 4.16667
2585000 17 9.76471 31 103 198 0.94118 78 4.35294
2590000 17 9.70588 33 101 196 0.88235 80 4.41176
2595000 16 9.62500 36 136 195 1.00000 79 4.62500
2600000 21 7.95238 38 123 201 0.85714 79 3.66667
2605000 18 8.33333 34 131 192 0.83333 75 4.11111
2610000 21 8.14286 35 111 197 0.90476 77 3.61905
2615000 20 8.05000 31 125 186 0.75000 77 3.70000
2620000 18 8.61111 31 138 204 0.83333 77 4.16667
2625000 18 9.00000 35 126 197 0.83333 79 4.22222
2630000 19 9.15789 39 113 202 0.73684 78 3.89474
2635000 19 8.94737 37 114 201 0.84211 77 3.94737
2640000 18 9.33333 35 125 199 0.77778 79 4.33333
2645000 16 10.50000 38 123 204 1.00000 80 4.75000
2650000 23 8.17391 39 103 209 0.82609 79 3.39130
2655000 19 9.52632 42 114 210 0.89474 79 4.15789
2660000 15 11.26667 39 128 201 0.93333 79 5.13333
2665000 20 8.95000 40 116 219 0.85000 77 3.75000
2670000 19 9.15789 38 123 203 0.89474 77 3.94737
2675000 21 8.04762 34 122 197 0.90476 76 3.57143
2680000 20 8.85000 34 126 198 0.85000 76 3.75000
2685000 16 10.43750 35 128 198 0.87500 76 4.56250
2690000 18 9.27778 34 129 202 0.83333 80 4.16667
2695000 21 8.28571 36 134 199 0.61905 76 3.47619
2700000 20 8.90000 36 134 203 0.70000 77 3.70000
2705000 19 9.26316 36 133 205 0.84211 79 4.00000
2710000 17 9.52941 36 136 196 0.88235 80 4.58824
2715000 22 7.90909 35 130 212 0.77273 80 3.50000
2720000 19 9.68421 42 130 219 0.84211 80 4.05263
2725000 20 9.05000 41 139 211 0.85000 77 3.85000
2730000 21 8.28571 34 129 199 0.76190 77 3.57143
2735000 20 8.85000 35 133 206 0.80000 78 3.70000
2740000 19 9.36842 36 129 223 0.84211 79 3.94737
2745000 17 10.23529 36 145 215 0.94118 78 4.41176
2750000 21 9.04762 39 146 223 0.85714 78 3.57143
2755000 21 9.38095 45 140 233 0.80952 79 3.66667
2760000 19 9.52632 42 143 219 0.73684 77 3.84211
2765000 20 9.45000 45 140 220 0.90000 78 3.65000
2770000 19 10.21053 48 145 228 0.68421 79 3.89474
2775000 20 9.90000 48 124 229 0.80000 76 3.70000
2780000 21 8.76190 41 122 212 0.80952 80 3.61905
2785000 18 9.66667 39 131 206 0.83333 77 4.00000
2790000 19 9.21053 38 124 218 0.89474 76 3.84211
2795000 22 8.54545 39 122 222 0.86364 77 3.40909
2800000 17 10.58824 37 133 215 0.94118 79 4.52941
2805000 16 11.31250 41 134 227 1.00000 78 4.75000
2810000 18 10.00000 38 127 217 0.94444 78 4.22222
2815000 16 10.50000 36 138 212 0.93750 78 4.68750
2820000 22 8.45455 34 131 221 0.86364 78 3.50000
2825000 18 9.61111 35 131 209 0.88889 78 4.16667
2830000 17 9.35294 34 141 204 1.00000 75 4.35294
2835000 19 8.36842 30 112 186 0.89474 76 3.89474
2840000 19 8.21053 29 116 187 0.84211 77 3.84211
2845000 18 8.33333 29 126 190 0.94444 76 3.94444
2850000 19 8.21053 33 130 192 0.78947 74 3.63158
2855000 13 10.92308 33 139 184 0.92308 75 5.30769
2860000 16 9.18750 32 137 190 1.00000 74 4.25000
2865000 24 6.62500 32 119 184 0.75000 78 2.95833
2870000 18 8.27778 30 130 184 0.83333 76 4.00000
2875000 16 9.18750 31 150 192 0.81250 77 4.43750
2880000 17 9.23529 32 135 189 0.82353 78 4.23529
2885000 17 9.41176 30 133 200 0.88235 76 4.35294
2890000 21 7.71429 32 124 194 0.76190 75 3.52381
2895000 20 8.15000 37 125 199 0.95000 76 3.60000
2900000 17 9.05882 38 132 188 0.82353 75 4.29412
2905000 18 8.50000 36 137 190 0.88889 76 4.00000
2910000 23 7.13043 35 130 193 0.82609 78 3.21739
2915000 18 8.72222 35 133 198 0.88889 78 4.00000
2920000 18 8.55556 36 127 204 0.88889 73 3.94444
2925000 17 9.47059 42 124 187 0.88235 70 4.11765
2930000 15 10.00000 36 138 181 0.86667 73 4.60000
2935000 15 10.66667 37 139 201 1.00000 74 4.73333
2940000 19 8.73684 38 128 198 0.84211 75 3.89474
2945000 16 9.93750 36 131 190 0.93750 72 4.50000
2950000 16 10.12500 36 140 206 0.93750 77 4.56250
2955000 21 8.28571 36 136 211 0.85714 77 3.47619
2960000 21 8.23810 35 133 205 0.85714 80 3.57143
2965000 18 9.33333 36 128 205 0.94444 80 4.16667
2970000 17 9.52941 32 127 193 0.94118 79 4.47059
2975000 20 8.60000 32 131 202 0.90000 78 3.70000
2980000 22 7.68182 29 129 206 0.90909 80 3.40909
2985000 17 9.88235 30 136 211 0.94118 80 4.47059
2990000 19 8.78947 27 128 197 0.84211 77 3.73684
2995000 15 10.20000 29 147 193 0.93333 77 4.80000
3000000 23 7.39130 29 126 196 0.82609 76 3.17391
3005000 22 7.31818 30 126 190 0.77273 78 3.40909
3010000 19 7.89474 25 134 188 0.84211 77 3.78947
3015000 19 7.89474 25 138 179 0.73684 77 3.84211
3020000 20 7.65000 25 141 178 0.75000 75 3.60000
3025000 24 6.79167 26 142 196 0.87500 77 3.00000
3030000 19 8.05263 26 152 182 0.84211 77 3.89474
3035000 25 6.48000 27 142 199 0.88000 80 3.00000
3040000 25 6.68000 25 146 201 0.76000 78 3.00000
3045000 23 7.39130 24 137 206 0.82609 79 3.13043
3050000 26 7.38462 28 118 220 0.84615 77 2.84615
3055000 22 8.22727 29 115 214 0.90909 79 3.36364
3060000 20 8.80000 30 120 207 0.95000 79 3.65000
3065000 21 8.33333 30 113 206 0.80952 79 3.52381
3070000 23 7.56522 28 121 202 0.73913 78 3.21739
3075000 19 9.00000 27 116 197 0.84211 76 3.84211
3080000 21 8.28571 24 121 199 0.71429 75 3.47619
3085000 20 8.55000 30 121 205 0.90000 76 3.80000
3090000 21 8.19048 32 126 207 0.71429 81 3.52381
3095000 17 9.35294 29 140 196 1.00000 80 4.41176
3100000 21 8.00000 31 136 203 0.95238 78 3.61905
3105000 18 9.61111 32 128 209 0.94444 79 4.16667
3110000 17 10.47059 39 126 208 0.94118 75 4.29412
3115000 19 9.63158 40 115 210 0.94737 79 3.94737
3120000 18 9.50000 39 122 199 0.77778 78 4.05556
3125000 18 9.22222 36 132 204 1.00000 77 4.11111
3130000 20 8.35000 30 124 198 0.90000 79 3.75000
3135000 22 7.77273 34 119 190 0.77273 79 3.40909
3140000 21 7.90476 36 130 197 0.90476 78 3.61905
3145000 24 7.29167 35 114 202 0.83333 77 3.08333
3150000 21 7.80952 33 130 208 1.00000 77 3.52381
3155000 16 9.93750 31 140 198 0.87500 78 4.56250
3160000 21 7.66667 31 137 194 0.85714 77 3.52381
3165000 22 7.45455 31 139 192 0.72727 79 3.36364
3170000 25 6.60000 35 133 187 0.80000 75 2.92000
3175000 21 7.90476 36 138 204 0.95238 78 3.61905
3180000 22 7.81818 36 139 202 0.77273 80 3.27273
3185000 24 7.29167 34 137 201 0.83333 80 3.12500
3190000 20 8.30000 36 139 205 0.90000 78 3.65000
3195000 19 8.73684 35 130 209 1.00000 77 3.78947
3200000 19 8.94737 34 112 210 0.94737 76 3.84211
3205000 24 7.25000 34 115 208 0.87500 78 3.16667
3210000 23 7.95652 32 113 207 0.86957 79 3.30435
3215000 25 7.36000 31 114 220 0.88000 76 3.00000
3220000 23 7.95652 34 123 217 0.86957 77 3.17391
3225000 23 8.26087 34 113 220 0.82609 80 3.26087
3230000 22 8.45455 36 122 213 0.95455 79 3.40909
3235000 23 7.78261 35 133 211 0.91304 77 3.26087
3240000 22 8.09091 28 134 224 0.86364 79 3.36364
3245000 27 7.37037 28 114 221 0.85185 77 2.74074
3250000 24 8.16667 29 121 225 0.83333 78 3.04167
3255000 18 9.77778 27 139 219 1.00000 76 3.88889
3260000 19 9.36842 29 134 220 0.94737 76 3.63158
3265000 19 9.36842 29 128 215 0.89474 75 3.68421
3270000 22 8.50000 30 119 217 0.86364 77 3.18182
3275000 24 8.00000 32 114 227 0.95833 76 3.04167
3280000 22 8.59091 35 131 226 0.90909 78 3.31818
3285000 21 8.61905 36 137 221 0.85714 76 3.28571
3290000 22 8.68182 38 135 231 0.86364 77 3.31818
3295000 19 9.84211 41 131 229 0.89474 78 3.73684
3300000 17 11.29412 41 131 235 1.00000 79 4.41176
3305000 22 8.86364 39 125 225 0.86364 78 3.40909
3310000 26 7.65385 39 118 221 0.76923 78 2.84615
3315000 21 8.80952 36 128 215 0.90476 78 3.57143
3320000 21 8.90476 37 135 226 0.95238 79 3.52381
3325000 24 8.20833 35 128 230 0.95833 78 3.20833
3330000 19 9.63158 37 135 223 0.94737 79 4.05263
3335000 20 9.50000 42 128 232 0.95000 78 3.85000
3340000 21 9.04762 40 110 217 0.90476 79 3.71429
3345000 20 9.45000 38 114 213 0.90000 81 3.90000
3350000 19 9.68421 35 112 216 0.89474 80 4.15789
3355000 25 7.76000 32 114 216 0.84000 79 3.16000
3360000 18 10.44444 34 119 224 0.88889 79 4.33333
3365000 20 9.30000 32 115 216 0.90000 79 3.90000
3370000 20 9.50000 33 112 222 1.00000 80 3.90000
3375000 20 9.30000 34 108 213 0.95000 78 3.90000
3380000 18 9.61111 38 113 201 1.00000 79 4.27778
3385000 23 7.69565 39 109 197 0.82609 79 3.39130
3390000 21 8.71429 36 112 213 1.00000 80 3.76190
3395000 22 8.22727 37 118 211 0.90909 80 3.63636
3400000 19 9.21053 35 119 215 0.94737 80 4.10526
3405000 18 8.83333 32 129 202 0.94444 75 4.11111
3410000 23 7.78261 34 111 206 0.91304 76 3.21739
3415000 23 7.86957 33 125 217 0.82609 77 3.21739
3420000 19 9.68421 33 126 220 0.94737 80 4.00000
3425000 19 9.31579 41 146 209 0.89474 78 4.00000
3430000 24 7.20833 34 138 203 0.79167 77 3.12500
3435000 22 7.90909 37 136 203 0.81818 80 3.50000
3440000 25 7.20000 38 134 212 0.84000 79 3.12000
3445000 23 7.78261 39 125 209 0.91304 80 3.43478
3450000 27 7.11111 36 107 223 0.77778 79 2.92593
3455000 19 9.63158 37 125 217 0.94737 80 4.15789
3460000 20 9.55000 32 120 215 0.85000 79 3.90000
3465000 17 10.82353 33 132 214 0.94118 80 4.52941
3470000 19 10.00000 31 133 222 0.78947 80 4.05263
3475000 22 9.40909 31 123 229 0.81818 79 3.54545
3480000 21 9.57143 30 128 228 0.80952 80 3.76190
3485000 18 10.61111 32 125 228 0.94444 79 4.22222
3490000 16 11.81250 29 120 222 0.87500 78 4.75000
3495000 20 9.40000 32 125 219 0.80000 78 3.85000
3500000 17 9.70588 31 130 196 0.94118 79 4.52941
3505000 18 9.22222 30 128 196 0.94444 79 4.38889
3510000 22 7.72727 30 122 196 0.72727 79 3.50000
3515000 23 7.65217 31 108 193 0.73913 79 3.34783
3520000 26 6.69231 30 106 193 0.80769 79 3.03846
3525000 20 8.05000 31 120 188 0.85000 77 3.85000
3530000 22 6.90909 26 117 177 0.68182 78 3.31818
3535000 17 8.17647 26 127 176 0.94118 75 4.35294
3540000 21 6.95238 25 117 180 0.85714 76 3.52381
3545000 21 7.57143 31 115 187 0.85714 77 3.52381
3550000 18 8.61111 30 122 190 0.94444 77 4.16667
3555000 21 7.90476 32 121 202 0.90476 77 3.42857
3560000 18 8.61111 32 130 196 0.83333 79 4.11111
3565000 22 7.31818 29 128 195 0.81818 79 3.40909
3570000 20 8.35000 34 122 207 0.90000 80 3.85000
3575000 20 8.80000 36 132 211 0.95000 79 3.80000
3580000 21 8.52381 39 120 206 0.85714 79 3.57143
3585000 22 7.95455 33 119 206 0.72727 78 3.36364
3590000 22 8.27273 35 113 206 0.81818 79 3.45455
3595000 22 8.45455 38 100 207 0.86364 79 3.45455
3600000 18 9.88889 37 114 212 1.00000 78 4.11111
3605000 21 8.57143 39 114 220 0.85714 79 3.61905
3610000 20 9.15000 36 104 212 0.95000 78 3.75000
3615000 20 8.90000 33 113 201 0.95000 76 3.75000
3620000 19 9.31579 31 130 213 0.94737 77 3.78947
3625000 26 6.96154 27 112 198 0.73077 75 2.88462
3630000 21 8.33333 30 122 209 0.95238 75 3.52381
3635000 19 8.73684 24 137 207 0.94737 76 3.78947
3640000 18 8.88889 24 145 191 0.88889 75 4.00000
3645000 18 9.44444 25 147 209 0.83333 77 4.00000
3650000 21 8.52381 24 134 210 0.76190 79 3.42857
3655000 19 9.21053 27 133 211 0.89474 78 3.78947
3660000 18 10.00000 29 129 212 0.83333 78 4.00000
3665000 19 9.63158 31 121 218 0.89474 76 3.78947
3670000 20 9.40000 30 121 216 0.80000 78 3.55000
3675000 25 7.32000 28 111 203 0.84000 76 3.00000
3680000 19 8.84211 31 123 200 1.00000 79 3.94737
3685000 19 9.63158 29 113 214 0.94737 78 3.94737
3690000 19 9.57895 28 117 214 0.94737 79 3.94737
3695000 20 9.20000 30 115 221 0.90000 78 3.75000
3700000 23 8.47826 33 102 218 0.95652 77 3.30435
3705000 21 8.90476 36 110 206 0.85714 78 3.66667
3710000 20 8.90000 34 128 217 0.85000 76 3.75000
3715000 18 9.77778 38 128 208 0.88889 78 4.16667
3720000 22 7.81818 39 124 205 0.90909 79 3.50000
3725000 20 8.20000 36 116 201 0.90000 81 4.00000
3730000 21 8.09524 36 111 201 0.85714 80 3.66667
3735000 21 8.28571 34 116 205 0.90476 80 3.76190
3740000 22 7.90909 32 100 205 0.90909 80 3.59091
3745000 21 7.95238 35 105 189 0.80952 79 3.71429
3750000 19 8.15789 33 112 177 0.89474 77 4.00000
3755000 21 7.23810 30 109 187 0.85714 77 3.66667
3760000 15 9.33333 32 128 178 0.86667 78 5.20000
3765000 16 9.06250 29 126 175 0.81250 78 4.62500
3770000 22 7.45455 29 115 192 0.95455 77 3.36364
3775000 17 9.23529 32 132 198 0.82353 78 4.35294
3780000 16 9.56250 32 132 186 0.87500 77 4.68750
3785000 17 9.52941 36 130 198 0.88235 77 4.41176
3790000 18 9.11111 36 122 202 1.00000 79 4.33333
3795000 18 9.11111 36 124 202 1.00000 77 4.11111
3800000 19 8.89474 35 113 205 0.84211 80 3.89474
3805000 24 7.70833 35 116 217 0.83333 78 3.12500
3810000 19 9.21053 37 117 206 0.89474 77 3.84211
3815000 21 8.52381 37 114 198 0.80952 76 3.47619
3820000 22 8.54545 40 113 221 0.90909 77 3.40909
3825000 18 9.50000 39 124 206 0.94444 78 4.22222
3830000 20 8.60000 41 110 197 0.80000 77 3.85000
3835000 15 11.00000 39 125 217 1.00000 81 5.20000
3840000 18 8.94444 32 126 204 1.00000 77 4.27778
3845000 18 8.66667 30 127 187 0.88889 76 4.22222
3850000 17 9.47059 32 132 198 0.94118 79 4.47059
3855000 19 9.00000 27 119 196 0.84211 80 4.10526
3860000 19 8.89474 26 123 200 0.89474 76 3.94737
3865000 23 8.04348 28 117 204 0.78261 75 3.21739
3870000 22 8.31818 29 127 223 0.90909 78 3.45455
3875000 26 7.15385 29 123 216 0.84615 80 2.92308
3880000 16 10.50000 30 129 210 1.00000 76 4.62500
3885000 18 9.38889 28 125 200 0.88889 77 4.22222
3890000 19 8.84211 29 133 202 1.00000 78 3.94737
3895000 20 8.55000 26 128 208 0.90000 78 3.85000
3900000 20 8.80000 28 127 209 0.90000 80 3.85000
3905000 23 7.82609 26 122 200 0.82609 79 3.39130
3910000 22 7.86364 23 122 197 0.81818 79 3.50000
3915000 22 7.63636 23 122 203 0.95455 78 3.45455
3920000 23 7.52174 23 117 201 0.91304 77 3.34783
3925000 18 8.66667 23 129 188 0.88889 77 4.16667
3930000 21 7.57143 24 120 182 0.76190 76 3.52381
3935000 20 8.15000 24 115 188 0.90000 77 3.80000
3940000 21 7.66667 24 107 182 0.90476 77 3.61905
3945000 22 7.40909 23 109 190 0.86364 79 3.54545
3950000 23 7.52174 26 115 194 0.86957 78 3.39130
3955000 20 8.35000 26 135 212 1.00000 79 3.95000
3960000 23 7.78261 26 127 208 0.91304 79 3.39130
3965000 24 7.75000 32 111 213 0.83333 80 3.29167
3970000 18 9.33333 31 123 201 0.88889 80 4.33333
3975000 19 9.31579 33 112 210 0.84211 81 4.15789
3980000 23 7.86957 32 120 206 0.82609 81 3.43478
3985000 21 8.57143 34 129 210 0.85714 78 3.66667
3990000 24 7.54167 31 129 209 0.75000 80 3.33333
3995000 23 8.30435 31 122 201 0.65217 80 3.47826
4000000 27 6.88889 30 120 201 0.74074 79 2.92593
4005000 21 8.00000 30 124 188 0.76190 79 3.76190
4010000 15 10.53333 29 134 193 0.93333 80 5.20000
4015000 20 8.70000 31 126 207 0.90000 78 3.90000
4020000 20 8.60000 32 136 206 0.90000 81 4.00000
4025000 20 8.35000 29 140 204 0.95000 81 3.95000
4030000 19 8.89474 31 136 205 0.89474 80 4.15789
4035000 26 6.96154 31 134 198 0.69231 80 3.07692
4040000 22 8.31818 29 122 210 0.72727 79 3.54545
4045000 14 11.57143 30 132 199 1.00000 80 5.57143
4050000 19 9.15789 28 129 203 0.84211 78 4.00000
4055000 18 9.83333 30 122 215 0.88889 78 4.22222
4060000 19 9.10526 30 118 209 0.89474 78 4.00000
4065000 18 9.50000 30 120 199 0.88889 77 4.16667
4070000 14 11.28571 31 137 206 1.00000 78 5.21429
4075000 16 10.06250 33 137 201 0.87500 79 4.62500
4080000 19 9.15789 31 131 202 0.89474 77 4.00000
4085000 21 8.28571 28 127 198 0.85714 77 3.61905
4090000 17 9.88235 29 135 199 0.64706 77 4.35294
4095000 16 10.43750 30 136 201 0.93750 78 4.62500
4100000 18 9.77778 34 133 200 0.83333 78 4.22222
4105000 17 10.05882 32 135 201 0.76471 78 4.35294
4110000 17 10.05882 33 129 200 0.94118 77 4.47059
4115000 13 12.69231 32 134 197 1.00000 76 5.69231
4120000 19 8.84211 35 124 204 0.89474 76 3.78947
4125000 18 9.33333 33 124 201 0.83333 73 3.88889
4130000 17 9.94118 36 131 202 0.82353 78 4.17647
4135000 18 9.55556 34 122 204 0.83333 76 4.11111
4140000 20 8.75000 30 118 202 0.90000 79 3.80000
4145000 20 8.80000 31 125 211 0.90000 76 3.70000
4150000 18 9.72222 30 137 204 0.83333 76 4.11111
4155000 16 10.81250 30 133 201 0.87500 77 4.62500
4160000 22 8.72727 32 124 213 0.81818 78 3.50000
4165000 18 10.16667 33 136 236 1.00000 78 4.27778
4170000 17 10.58824 31 144 228 0.94118 79 4.35294
4175000 18 10.27778 35 138 222 0.88889 78 4.22222
4180000 19 10.31579 35 121 225 0.84211 78 3.94737
4185000 17 11.29412 36 137 224 0.88235 76 4.35294
4190000 21 9.23810 33 131 226 0.80952 77 3.52381
4195000 17 10.52941 29 133 203 0.76471 77 4.35294
4200000 18 10.33333 33 128 218 0.77778 80 4.16667
4205000 12 14.66667 37 139 217 1.00000 80 6.25000
4210000 16 11.75000 38 123 228 0.93750 80 4.81250
4215000 20 9.05000 34 118 208 0.85000 77 3.70000
4220000 18 9.72222 32 118 203 0.77778 76 4.11111
4225000 18 9.77778 31 118 208 0.83333 78 4.16667
4230000 18 9.33333 31 113 192 0.77778 76 4.05556
4235000 16 10.50000 34 126 199 0.93750 75 4.56250
4240000 19 9.05263 32 116 196 0.84211 76 3.84211
4245000 16 10.75000 36 131 216 0.93750 78 4.56250
4250000 22 8.22727 36 122 201 0.86364 78 3.45455
4255000 20 8.95000 34 113 203 0.85000 79 3.95000
4260000 18 9.72222 36 111 198 0.88889 80 4.33333
4265000 19 9.21053 35 115 200 0.73684 77 4.05263
4270000 16 10.18750 35 127 197 0.87500 78 4.81250
4275000 16 9.93750 35 119 194 1.00000 77 4.75000
4280000 17 9.58824 38 110 196 0.94118 78 4.47059
4285000 18 8.77778 38 113 195 0.94444 79 4.33333
4290000 18 9.22222 40 122 187 0.77778 76 4.16667
4295000 21 7.80952 38 125 190 0.85714 77 3.52381
4300000 20 8.05000 34 122 180 0.75000 77 3.75000
4305000 22 8.00000 37 116 210 0.86364 79 3.45455
4310000 18 9.16667 34 115 203 0.94444 79 4.00000
4315000 16 9.93750 31 122 190 0.87500 74 4.18750
4320000 18 9.33333 33 128 201 0.88889 79 4.00000
4325000 16 10.25000 32 135 202 1.00000 78 4.50000
4330000 16 10.12500 31 139 201 0.93750 77 4.43750
4335000 24 7.45833 31 124 206 0.75000 76 3.04167
4340000 20 8.30000 31 139 199 0.80000 76 3.60000
4345000 20 8.15000 31 140 189 0.80000 77 3.65000
4350000 23 7.21739 28 130 192 0.86957 77 3.17391
4355000 20 8.45000 27 140 214 0.95000 78 3.70000
4360000 26 7.00000 28 118 206 0.76923 78 2.73077
4365000 23 7.52174 28 123 202 0.78261 75 3.08696
4370000 17 9.52941 29 133 206 0.76471 76 4.05882
4375000 19 8.57895 29 126 197 0.94737 76 3.73684
4380000 21 7.71429 25 131 188 0.85714 77 3.52381
4385000 24 7.25000 28 119 197 0.75000 77 3.04167
4390000 18 9.33333 31 128 201 0.88889 78 4.00000
4395000 20 8.05000 32 124 190 0.75000 77 3.50000
4400000 19 8.47368 33 133 206 0.78947 77 3.63158
4405000 22 7.86364 32 129 204 0.81818 78 3.31818
4410000 17 9.35294 27 144 194 0.88235 74 4.05882
4415000 19 9.26316 30 127 204 0.94737 76 3.78947
4420000 20 8.45000 27 128 200 0.95000 79 3.65000
4425000 21 8.09524 30 129 209 0.85714 77 3.38095
4430000 21 8.00000 25 134 199 0.85714 76 3.38095
4435000 17 9.35294 25 142 203 0.88235 75 4.29412
4440000 18 9.05556 24 140 201 0.88889 76 4.05556
4445000 17 9.47059 23 145 210 0.82353 78 4.29412
4450000 21 8.38095 24 139 215 0.85714 77 3.47619
4455000 21 8.04762 25 135 197 0.90476 71 3.28571
4460000 21 7.71429 26 138 199 0.85714 73 3.33333
4465000 19 8.42105 26 139 204 0.89474 76 3.68421
4470000 19 8.84211 29 145 206 0.89474 79 3.84211
4475000 21 8.42857 28 141 217 0.80952 77 3.52381
4480000 21 8.38095 28 125 210 0.90476 78 3.52381
4485000 21 8.23810 28 129 216 0.90476 77 3.57143
4490000 16 10.81250 29 133 217 1.00000 76 4.50000
4495000 14 12.14286 27 144 207 0.92857 75 5.00000
4500000 22 8.54545 29 124 220 0.86364 77 3.31818
4505000 20 8.80000 30 125 210 0.85000 78 3.65000
4510000 20 8.95000 31 120 216 1.00000 78 3.75000
4515000 20 9.10000 31 122 224 0.80000 77 3.60000
4520000 16 10.93750 34 125 209 0.93750 74 4.56250
4525000 21 8.66667 31 123 217 0.76190 76 3.52381
4530000 18 9.72222 39 134 208 1.00000 80 4.22222
4535000 20 9.15000 38 135 224 0.85000 79 3.80000
4540000 19 9.42105 33 129 212 0.84211 75 3.78947
4545000 20 9.10000 34 122 204 0.70000 74 3.50000
4550000 18 9.61111 34 133 207 0.83333 75 3.83333
4555000 19 9.84211 36 115 215 0.78947 76 3.78947
4560000 18 9.94444 33 125 226 0.88889 76 3.94444
4565000 16 11.18750 33 127 230 0.93750 73 4.50000
4570000 20 9.40000 31 121 219 0.95000 76 3.70000
4575000 21 8.80952 30 108 220 1.00000 78 3.57143
4580000 19 8.57895 32 127 197 0.94737 75 3.84211
4585000 17 9.58824 30 114 195 0.94118 72 4.11765
4590000 20 7.80000 25 104 173 0.85000 74 3.55000
4595000 16 9.75000 26 122 189 0.81250 73 4.25000
4600000 21 7.90476 27 109 188 0.80952 74 3.23810
4605000 16 9.81250 25 131 192 0.93750 72 4.12500
4610000 16 9.81250 25 133 200 0.87500 76 4.25000
4615000 20 8.50000 29 133 207 0.85000 77 3.50000
4620000 22 7.77273 28 128 200 0.86364 73 3.22727
4625000 22 7.50000 28 132 202 0.86364 73 3.04545
4630000 18 8.33333 25 129 189 0.88889 75 3.77778
4635000 23 7.26087 28 113 200 0.91304 79 3.04348
4640000 22 7.40909 25 119 196 0.86364 74 3.13636
4645000 22 7.45455 25 112 206 0.86364 76 3.27273
4650000 21 7.61905 27 113 194 0.85714 77 3.38095
4655000 22 6.90909 26 124 191 1.00000 73 3.22727
4660000 22 7.18182 26 130 195 0.81818 75 3.22727
4665000 25 6.60000 23 116 195 0.92000 78 2.80000
4670000 26 6.57692 25 119 201 0.92308 77 2.88462
4675000 22 7.40909 24 146 196 0.86364 77 3.36364
4680000 19 8.73684 27 152 213 0.94737 78 3.89474
4685000 24 7.66667 27 136 213 0.79167 79 3.12500
4690000 23 8.08696 31 144 218 0.86957 79 3.30435
4695000 19 9.21053 34 144 226 1.00000 78 3.94737
4700000 24 7.62500 35 132 211 0.79167 78 3.04167
4705000 24 7.70833 31 127 200 0.79167 76 3.04167
4710000 19 8.84211 27 134 206 1.00000 75 3.84211
4715000 20 8.45000 29 122 198 0.90000 77 3.65000
4720000 23 7.34783 28 114 192 0.86957 73 3.04348
4725000 26 6.80769 29 101 202 0.84615 77 2.88462
4730000 23 7.52174 30 121 200 0.78261 78 3.21739
4735000 21 7.95238 30 123 193 0.80952 76 3.42857
4740000 21 7.90476 29 112 199 0.90476 76 3.28571
4745000 18 9.05556 32 122 194 0.88889 74 3.94444
4750000 22 7.95455 34 120 197 0.81818 75 3.27273
4755000 25 7.44000 35 115 216 0.96000 77 3.00000
4760000 24 7.16667 32 125 201 0.91667 76 3.08333
4765000 18 9.77778 37 124 218 0.88889 75 3.94444
4770000 20 8.85000 40 120 206 0.85000 78 3.60000
4775000 19 8.94737 41 127 208 0.89474 75 3.89474
4780000 20 8.25000 41 123 200 0.85000 78 3.60000
4785000 21 7.52381 42 126 199 0.95238 76 3.28571
4790000 19 8.36842 40 126 208 0.89474 77 3.63158
4795000 24 6.66667 35 114 195 0.95833 77 3.00000
4800000 24 6.75000 35 108 189 0.95833 76 3.04167
4805000 19 8.31579 36 126 200 1.00000 76 3.78947
4810000 17 9.35294 36 125 192 0.82353 74 4.11765
4815000 20 8.40000 31 120 189 0.70000 76 3.55000
4820000 18 9.11111 32 135 202 1.00000 73 3.94444
4825000 16 9.62500 33 138 189 0.87500 76 4.37500
4830000 18 8.44444 28 143 192 0.83333 79 3.77778
4835000 19 8.26316 29 136 190 0.94737 75 3.73684
4840000 25 6.52000 28 135 194 0.92000 77 2.96000
4845000 23 6.91304 28 143 187 0.82609 78 3.17391
4850000 20 7.80000 26 139 189 0.80000 75 3.40000
4855000 22 7.45455 28 129 200 0.86364 77 3.22727
4860000 23 7.56522 34 130 207 0.91304 79 3.21739
4865000 22 8.04545 38 133 223 0.90909 79 3.22727
4870000 22 7.90909 39 134 219 0.81818 75 3.18182
4875000 22 7.72727 40 137 204 0.90909 76 3.22727
4880000 27 6.62963 38 127 211 0.88889 79 2.81481
4885000 23 8.04348 36 120 211 0.86957 77 3.08696
4890000 25 7.60000 34 128 217 0.84000 77 2.88000
4895000 22 7.86364 35 141 221 0.95455 78 3.36364
4900000 24 7.62500 39 119 200 0.70833 80 2.95833
4905000 21 8.57143 38 121 207 0.80952 76 3.33333
4910000 22 8.18182 37 132 217 0.86364 76 3.09091
4915000 20 8.65000 35 128 211 1.00000 76 3.65000
4920000 23 8.43478 41 123 221 0.73913 77 3.17391
4925000 21 9.00000 40 125 219 0.95238 76 3.47619
4930000 18 9.94444 34 119 220 0.94444 77 3.94444
4935000 18 9.00000 32 127 197 1.00000 76 4.00000
4940000 25 6.92000 31 118 200 0.84000 77 2.88000
4945000 20 8.65000 32 117 203 0.90000 78 3.65000
4950000 24 7.41667 30 120 209 0.91667 77 3.04167
4955000 21 7.85714 32 128 194 0.95238 77 3.23810
4960000 30 6.46667 31 110 220 0.80000 78 2.43333
4965000 24 7.66667 32 137 216 0.87500 78 3.04167
4970000 23 7.69565 29 139 224 0.91304 79 3.17391
4975000 21 8.09524 31 136 205 0.90476 79 3.38095
4980000 21 7.66667 32 145 210 0.90476 79 3.23810
4985000 23 7.34783 34 135 209 0.86957 78 3.04348
4990000 21 7.95238 36 137 200 1.00000 80 3.52381
4995000 21 8.09524 36 144 217 0.95238 77 3.28571
5000000 19 8.73684 35 132 201 0.78947 77 3.68421
5005000 20 8.45000 35 139 220 0.90000 75 3.55000
5010000 21 7.90476 36 131 209 1.00000 77 3.42857
5015000 18 9.05556 39 129 204 0.94444 76 3.83333
5020000 24 7.50000 38 117 209 0.87500 77 3.04167
5025000 26 7.00000 36 115 213 0.88462 76 2.84615
5030000 25 7.04000 36 132 206 0.92000 78 3.00000
5035000 27 6.59259 37 121 218 1.00000 77 2.81481
5040000 21 8.19048 39 127 203 0.90476 77 3.52381
5045000 25 7.20000 39 123 215 0.96000 78 2.96000
5050000 24 7.37500 37 122 203 0.83333 77 3.12500
5055000 18 9.38889 39 128 207 0.94444 78 4.11111
5060000 19 9.05263 37 118 202 0.94737 76 3.84211
5065000 21 7.90476 36 115 191 0.80952 76 3.52381
5070000 21 7.42857 33 113 188 0.85714 79 3.38095
5075000 18 8.27778 37 136 184 0.94444 78 3.94444
5080000 22 6.77273 32 133 186 0.86364 76 3.18182
5085000 21 7.90476 35 123 210 0.95238 78 3.52381
5090000 24 7.33333 35 124 203 0.87500 77 2.95833
5095000 21 7.95238 33 133 203 0.95238 74 3.33333
5100000 27 6.70370 32 117 210 0.88889 79 2.62963
5105000 25 7.16000 27 112 206 0.80000 77 2.92000
5110000 19 9.42105 31 119 217 1.00000 75 3.84211
5115000 19 9.47368 34 119 219 1.00000 78 3.94737
5120000 21 8.61905 35 112 209 0.95238 76 3.57143
5125000 18 10.72222 40 99 220 0.94444 76 4.00000
5130000 17 10.88235 41 122 222 0.88235 74 4.05882
5135000 21 8.76190 37 123 210 0.80952 73 3.28571
5140000 18 9.44444 30 133 209 0.88889 76 3.77778
5145000 19 8.05263 27 149 186 0.73684 73 3.47368
5150000 20 8.60000 27 129 209 0.90000 75 3.40000
5155000 18 8.94444 26 132 193 0.77778 74 3.66667
5160000 23 7.47826 27 126 200 0.82609 73 2.86957
5165000 21 7.76190 31 136 199 0.85714 75 3.33333
5170000 20 8.30000 29 140 202 0.85000 73 3.45000
5175000 24 7.04167 30 146 204 0.83333 78 2.95833
5180000 15 11.00000 31 148 209 0.93333 76 4.60000
5185000 20 8.70000 30 142 221 0.85000 79 3.45000
5190000 16 10.31250 30 156 212 0.93750 77 4.43750
5195000 25 7.72000 32 140 218 0.84000 76 2.92000
5200000 21 8.23810 28 154 218 0.85714 76 3.38095
5205000 21 8.09524 27 141 208 0.90476 78 3.33333
5210000 22 7.81818 26 129 207 0.90909 75 3.36364
5215000 20 8.60000 27 134 198 0.85000 77 3.65000
5220000 23 7.39130 27 131 215 0.91304 77 3.26087
5225000 25 6.68000 22 139 201 0.72000 79 2.92000
5230000 18 8.66667 25 155 204 0.94444 79 3.88889
5235000 22 7.95455 28 120 209 0.86364 77 3.31818
5240000 21 8.00000 27 118 197 0.95238 78 3.52381
5245000 21 7.71429 27 116 196 0.85714 78 3.38095
5250000 16 9.12500 29 130 189 0.93750 79 4.37500
5255000 23 7.60870 29 115 201 0.86957 80 3.17391
5260000 22 7.40909 31 130 188 0.77273 78 3.27273
5265000 20 7.80000 29 129 198 0.80000 79 3.60000
5270000 20 8.25000 37 115 196 0.85000 76 3.60000
5275000 19 8.78947 31 109 199 0.94737 76 3.68421
5280000 17 10.23529 31 110 201 0.94118 74 4.23529
5285000 15 11.00000 33 125 205 1.00000 78 4.66667
5290000 18 9.00000 35 127 196 0.83333 78 3.83333
5295000 15 11.40000 36 118 201 1.00000 74 4.73333
5300000 14 12.07143 35 128 209 0.92857 77 4.92857
5305000 14 11.71429 31 136 198 0.85714 73 4.78571
5310000 21 8.61905 32 126 214 0.90476 74 3.28571
5315000 19 8.73684 32 124 197 0.78947 75 3.57895
5320000 17 9.82353 35 127 205 0.76471 74 3.88235
5325000 18 9.11111 32 136 202 0.77778 71 3.61111
5330000 21 8.42857 33 135 214 0.90476 75 3.19048
5335000 19 9.52632 36 141 225 0.78947 74 3.57895
5340000 19 9.63158 37 136 222 1.00000 76 3.63158
5345000 20 9.25000 42 149 227 0.90000 77 3.60000
5350000 22 8.59091 37 132 222 0.90909 76 3.13636
5355000 20 9.20000 33 124 215 1.00000 78 3.60000
5360000 18 9.88889 32 134 224 0.94444 78 4.00000
5365000 21 8.61905 30 132 217 0.95238 78 3.52381
5370000 19 9.63158 32 123 213 0.84211 77 3.84211
5375000 18 9.77778 30 125 212 0.83333 78 3.94444
5380000 17 10.05882 30 133 213 0.94118 76 4.17647
5385000 21 8.52381 30 139 216 0.95238 78 3.52381
5390000 24 7.66667 31 127 208 0.75000 79 3.04167
5395000 19 9.36842 32 131 211 0.89474 76 3.89474
5400000 21 9.04762 35 114 216 0.80952 77 3.52381
5405000 21 8.76190 32 124 220 0.80952 78 3.52381
5410000 21 8.76190 30 112 209 0.90476 77 3.47619
5415000 19 9.10526 30 118 213 0.94737 77 3.78947
5420000 19 9.05263 31 115 206 0.94737 79 3.78947
5425000 19 8.57895 29 127 194 0.94737 78 3.94737
5430000 21 8.19048 28 128 196 0.85714 76 3.47619
5435000 20 8.10000 26 135 201 1.00000 73 3.65000
5440000 18 9.05556 26 131 204 0.94444 72 3.94444
5445000 25 6.76000 21 128 207 0.84000 75 2.96000
5450000 21 7.95238 21 132 197 0.71429 76 3.28571
5455000 17 9.23529 23 134 190 0.88235 76 4.17647
5460000 18 9.00000 23 131 201 0.88889 76 3.94444
5465000 23 7.04348 25 131 189 0.78261 79 3.04348
5470000 21 7.61905 26 133 181 0.76190 75 3.33333
5475000 17 9.29412 31 131 190 0.88235 79 4.41176
5480000 26 7.03846 34 105 207 0.84615 78 2.96154
5485000 21 8.42857 37 115 197 0.80952 75 3.47619
5490000 18 8.61111 33 125 186 0.83333 76 4.00000
5495000 21 7.28571 31 123 187 0.76190 78 3.52381
5500000 22 7.27273 32 123 180 0.72727 76 3.22727
5505000 18 8.50000 31 131 189 0.94444 74 4.11111
5510000 19 7.63158 33 139 175 0.89474 76 3.89474
5515000 22 7.00000 35 145 182 0.81818 78 3.40909
5520000 17 8.94118 37 146 188 0.70588 78 4.29412
5525000 20 8.15000 41 136 196 0.90000 77 3.65000
5530000 19 8.47368 40 138 208 0.89474 78 3.94737
5535000 18 8.83333 38 145 199 0.88889 79 4.16667
5540000 21 8.04762 37 136 206 0.85714 78 3.52381
5545000 22 7.86364 40 136 210 0.81818 78 3.40909
5550000 20 8.55000 40 132 207 0.75000 80 3.70000
5555000 20 8.35000 37 131 200 0.80000 78 3.75000
5560000 21 8.28571 38 132 207 0.85714 77 3.57143
5565000 20 8.50000 38 140 214 0.80000 77 3.75000
5570000 16 10.75000 38 130 214 1.00000 80 4.56250
5575000 20 9.20000 41 126 215 0.85000 77 3.65000
5580000 23 8.21739 39 126 226 0.82609 76 3.26087
5585000 23 8.34783 40 115 217 0.86957 78 3.30435
5590000 21 8.38095 37 125 215 0.80952 78 3.47619
5595000 20 9.00000 35 117 207 0.85000 77 3.65000
5600000 16 10.31250 37 139 202 1.00000 75 4.50000
5605000 19 8.68421 36 134 207 0.84211 75 3.78947
5610000 23 7.52174 35 124 203 0.73913 76 3.13043
5615000 16 9.75000 34 140 194 0.93750 77 4.37500
5620000 15 10.33333 36 141 207 1.00000 78 4.86667
5625000 22 8.22727 33 122 206 0.81818 79 3.45455
5630000 23 7.65217 34 132 217 0.73913 76 3.21739
5635000 23 7.52174 34 127 200 0.78261 75 3.21739
5640000 23 7.47826 32 135 200 0.78261 76 3.08696
5645000 16 10.12500 33 144 211 0.87500 78 4.50000
5650000 17 9.82353 33 133 203 1.00000 75 4.11765
5655000 21 8.66667 33 130 211 0.80952 75 3.33333
5660000 21 8.52381 33 130 216 0.76190 76 3.33333
5665000 20 8.75000 32 136 216 0.95000 76 3.60000
5670000 23 8.13043 34 119 217 0.78261 76 3.13043
5675000 23 8.34783 35 119 220 0.78261 78 3.13043
5680000 24 7.58333 35 124 208 0.83333 80 3.20833
5685000 18 9.50000 34 134 209 0.77778 81 4.05556
5690000 15 11.00000 36 137 197 1.00000 76 4.93333
5695000 19 9.00000 33 129 203 0.73684 77 3.84211
5700000 24 7.41667 32 129 212 0.83333 77 3.16667
5705000 19 8.63158 31 141 198 0.84211 80 4.05263
5710000 17 9.47059 28 141 202 0.94118 78 4.29412
5715000 19 8.78947 30 129 206 0.84211 76 3.78947
5720000 20 8.65000 31 130 212 0.95000 76 3.70000
5725000 14 12.07143 32 136 211 0.85714 78 5.14286
5730000 17 10.94118 36 128 221 0.88235 78 4.41176
5735000 20 9.45000 33 129 219 0.85000 75 3.65000
5740000 17 9.82353 32 138 194 0.88235 73 4.11765
5745000 19 9.05263 30 115 200 0.89474 73 3.73684
5750000 14 11.50000 31 118 194 1.00000 73 5.00000
5755000 16 10.06250 30 117 195 0.87500 74 4.50000
5760000 17 9.17647 24 129 189 1.00000 77 4.29412
5765000 22 7.90909 26 128 194 0.72727 79 3.40909
5770000 23 7.65217 26 130 208 0.78261 77 3.21739
5775000 18 9.44444 26 149 200 0.77778 77 4.11111
5780000 19 9.21053 26 145 209 0.89474 78 4.00000
5785000 24 7.83333 27 132 213 0.87500 77 3.04167
5790000 23 8.00000 26 131 220 0.78261 78 3.26087
5795000 19 8.73684 28 134 195 0.78947 78 4.00000
5800000 20 8.60000 27 125 210 0.90000 77 3.80000
5805000 20 8.65000 24 126 201 0.95000 78 3.75000
5810000 17 10.00000 22 126 207 0.88235 78 4.41176
5815000 19 9.10526 26 123 194 0.78947 76 4.00000
5820000 16 11.00000 27 122 210 0.93750 77 4.56250
5825000 20 9.10000 27 118 201 0.65000 77 3.75000
5830000 15 11.33333 30 127 203 0.93333 75 4.93333
5835000 16 10.43750 27 122 206 0.93750 76 4.43750
5840000 18 9.66667 29 117 209 0.94444 78 4.11111
5845000 18 9.72222 27 120 209 0.94444 76 4.11111
5850000 18 10.05556 28 123 211 0.83333 79 4.16667
5855000 14 12.00000 27 129 210 0.92857 79 5.28571
5860000 19 9.36842 27 123 207 0.84211 78 4.00000
5865000 14 11.57143 25 140 209 0.92857 78 5.28571
5870000 20 8.20000 24 134 193 0.85000 78 3.70000
5875000 20 8.50000 27 128 199 0.70000 76 3.65000
5880000 19 8.84211 26 122 200 0.84211 77 3.94737
5885000 18 9.00000 25 122 201 1.00000 80 4.22222
5890000 23 7.43478 25 119 204 0.82609 79 3.26087
5895000 19 8.63158 24 129 197 0.84211 78 3.89474
5900000 19 9.05263 26 125 194 0.89474 77 3.89474
5905000 16 10.31250 24 138 199 0.93750 72 4.37500
5910000 21 8.42857 26 126 204 0.95238 77 3.52381
5915000 20 8.25000 25 131 206 0.85000 79 3.70000
5920000 24 7.08333 24 129 196 0.83333 79 3.04167
5925000 18 9.11111 23 133 202 1.00000 78 4.00000
5930000 19 9.21053 26 134 227 1.00000 78 4.00000
5935000 21 8.47619 30 125 212 0.90476 77 3.47619
5940000 17 9.94118 29 142 210 0.88235 77 4.17647
5945000 17 10.29412 31 153 218 0.88235 79 4.11765
5950000 16 11.50000 33 141 225 0.75000 76 4.18750
5955000 15 11.40000 32 148 218 1.00000 74 4.53333
5960000 14 11.92857 31 145 214 0.85714 74 4.85714
5965000 13 12.61538 30 139 210 0.92308 76 5.23077
5970000 17 9.88235 29 129 199 0.82353 77 4.05882
5975000 19 9.15789 29 128 213 0.89474 76 3.68421
5980000 16 10.31250 27 127 196 0.81250 74 4.31250
5985000 15 10.86667 30 128 196 0.80000 79 4.66667
5990000 18 9.22222 30 129 202 0.88889 76 3.94444
5995000 19 8.78947 31 119 192 0.73684 77 3.63158
6000000 16 9.50000 32 131 194 0.87500 74 4.31250
6005000 18 8.83333 33 120 187 0.72222 74 3.72222
6010000 19 8.26316 35 130 191 0.78947 78 3.73684
6015000 17 9.35294 30 131 188 0.76471 78 4.17647
6020000 23 7.34783 30 127 201 0.82609 76 3.13043
6025000 19 8.84211 35 134 204 0.89474 78 3.84211
6030000 21 8.47619 34 128 212 0.90476 78 3.52381
6035000 24 7.41667 31 116 209 0.83333 77 3.12500
6040000 23 7.43478 26 127 200 0.91304 77 3.21739
6045000 25 7.08000 29 129 213 0.92000 81 2.96000
6050000 19 8.57895 29 141 205 0.89474 74 3.73684
6055000 21 8.09524 25 129 203 0.76190 76 3.42857
6060000 22 7.63636 25 135 200 0.72727 78 3.40909
6065000 20 8.15000 27 136 194 0.95000 77 3.70000
6070000 21 7.90476 27 124 187 0.80952 74 3.42857
6075000 19 8.63158 28 118 184 0.78947 76 3.89474
6080000 18 8.94444 27 118 198 0.94444 78 4.22222
6085000 17 9.64706 27 132 199 0.94118 76 4.29412
6090000 22 8.04545 27 121 207 0.90909 79 3.50000
6095000 24 6.87500 25 133 197 0.87500 79 3.16667
6100000 25 6.80000 24 143 199 0.80000 78 2.96000
6105000 27 6.14815 24 152 216 0.88889 79 2.85185
6110000 24 7.00000 28 142 205 0.95833 79 3.25000
6115000 20 8.20000 28 146 199 0.95000 78 3.80000
6120000 24 7.45833 32 132 211 0.83333 77 3.16667
6125000 24 7.70833 33 134 218 0.91667 78 3.20833
6130000 26 7.42308 37 118 213 0.76923 77 2.92308
6135000 21 8.57143 35 123 201 0.76190 75 3.52381
6140000 20 8.90000 36 122 206 0.85000 77 3.65000
6145000 16 11.50000 34 118 218 1.00000 78 4.68750
6150000 18 10.33333 35 108 214 1.00000 78 4.16667
6155000 20 9.35000 36 113 211 0.75000 79 3.75000
6160000 19 9.84211 38 108 223 0.94737 79 3.94737
6165000 19 9.63158 38 104 217 0.84211 80 4.00000
6170000 20 9.00000 37 107 213 0.95000 80 3.90000
6175000 15 10.73333 33 128 194 0.80000 75 4.60000
6180000 18 8.50000 25 119 187 0.94444 76 4.05556
6185000 21 7.80952 24 109 191 0.85714 75 3.52381
6190000 19 8.94737 28 103 191 0.84211 77 3.94737
6195000 18 9.16667 25 111 188 0.94444 77 4.16667
6200000 18 9.27778 29 102 190 0.83333 78 4.11111
6205000 19 9.10526 27 106 200 0.94737 78 3.94737
6210000 21 8.52381 26 114 204 0.85714 78 3.47619
6215000 21 8.66667 26 113 216 0.90476 79 3.57143
6220000 19 9.36842 25 123 213 0.89474 77 3.84211
6225000 20 9.35000 29 116 214 0.90000 75 3.65000
6230000 20 9.50000 26 122 213 0.80000 78 3.70000
6235000 19 9.68421 27 132 227 0.94737 77 3.94737
6240000 16 10.81250 29 134 205 0.93750 78 4.62500
6245000 19 9.68421 31 125 209 0.73684 77 3.89474
6250000 18 9.77778 29 136 211 0.83333 78 4.05556
6255000 16 10.37500 29 142 203 0.75000 75 4.50000
6260000 18 9.66667 29 135 219 0.72222 78 4.05556
6265000 16 10.62500 27 135 207 0.87500 76 4.43750
6270000 21 8.80952 29 132 220 0.80952 74 3.33333
6275000 17 10.47059 33 138 211 0.88235 76 4.11765
6280000 18 9.50000 31 131 207 0.88889 75 3.88889
6285000 18 9.88889 28 127 213 0.94444 75 3.88889
6290000 17 10.41176 30 129 214 0.94118 78 4.35294
6295000 15 11.46667 35 134 208 0.93333 76 4.86667
6300000 22 8.40909 33 124 210 0.86364 74 3.31818
6305000 18 10.27778 39 135 224 0.83333 76 4.00000
6310000 20 9.65000 42 129 213 0.85000 77 3.65000
6315000 21 9.28571 39 123 214 0.76190 77 3.52381
6320000 16 10.93750 36 139 220 0.93750 74 4.50000
6325000 17 10.88235 35 134 224 0.82353 76 4.29412
6330000 18 10.27778 36 125 223 0.83333 79 4.11111
6335000 17 10.58824 38 126 217 0.88235 79 4.41176
6340000 18 10.11111 41 124 206 0.77778 80 4.05556
6345000 18 10.22222 38 122 208 0.83333 79 4.27778
6350000 18 9.66667 37 119 210 0.88889 79 4.22222
6355000 16 10.50000 41 130 198 0.93750 78 4.62500
6360000 21 8.57143 41 134 201 0.80952 78 3.61905
6365000 14 12.64286 38 142 208 1.00000 78 5.35714
6370000 17 11.17647 39 131 213 0.82353 80 4.47059
6375000 21 9.28571 38 130 219 0.76190 78 3.61905
6380000 23 8.65217 37 123 219 0.78261 79 3.34783
6385000 19 9.84211 33 140 228 0.94737 80 4.05263
6390000 21 9.00000 33 126 219 0.80952 78 3.71429
6395000 16 11.12500 32 126 206 0.87500 78 4.75000
6400000 16 10.75000 33 137 208 0.87500 81 4.93750
6405000 18 9.16667 33 137 190 0.72222 80 4.22222
6410000 18 9.16667 31 139 199 0.83333 81 4.33333
6415000 22 7.72727 29 140 208 0.90909 77 3.40909
6420000 17 9.82353 31 146 199 0.88235 77 4.35294
6425000 21 8.95238 33 126 215 0.76190 78 3.61905
6430000 20 8.90000 33 142 218 0.80000 79 3.85000
6435000 15 10.66667 29 145 203 0.86667 79 5.00000
6440000 17 9.47059 32 129 193 0.82353 78 4.35294
6445000 20 7.55000 29 131 187 0.90000 75 3.65000
6450000 20 8.10000 28 128 193 0.85000 73 3.60000
6455000 18 9.22222 28 128 200 0.88889 75 3.88889
6460000 18 9.33333 26 132 204 0.94444 75 3.83333
6465000 20 8.40000 25 134 213 0.85000 77 3.50000
6470000 22 7.54545 25 125 200 0.81818 75 3.31818
6475000 16 10.25000 25 126 202 0.81250 76 4.43750
6480000 18 9.72222 26 111 209 0.83333 77 3.94444
6485000 20 9.15000 23 104 209 0.85000 76 3.55000
6490000 17 10.11765 26 106 200 1.00000 74 4.05882
6495000 15 10.93333 25 121 191 0.86667 76 4.73333
6500000 16 10.87500 30 122 209 0.93750 78 4.62500
6505000 20 8.65000 28 119 207 0.85000 78 3.70000
6510000 17 10.00000 27 133 203 0.88235 79 4.47059
6515000 20 9.20000 30 111 210 0.95000 80 3.85000
6520000 16 11.12500 33 109 207 0.93750 80 4.81250
6525000 20 8.55000 27 122 206 0.80000 75 3.65000
6530000 13 12.46154 32 139 193 1.00000 75 5.53846
6535000 17 10.05882 32 134 200 0.82353 78 4.41176
6540000 17 10.35294 35 133 220 0.88235 78 4.35294
6545000 17 10.76471 34 125 210 0.82353 77 4.47059
6550000 18 10.27778 35 121 225 1.00000 78 4.27778
6555000 22 8.86364 33 118 213 0.86364 79 3.59091
6560000 18 10.33333 35 130 222 0.88889 79 4.27778
6565000 15 12.40000 32 136 219 1.00000 79 5.20000
6570000 16 11.31250 31 135 224 0.93750 81 4.93750
6575000 18 10.44444 31 124 221 0.88889 81 4.33333
6580000 14 12.85714 29 131 217 1.00000 81 5.50000
6585000 16 11.56250 29 119 227 0.87500 79 4.75000
6590000 18 10.11111 30 115 216 0.94444 77 4.16667
6595000 18 10.27778 31 109 213 0.83333 78 4.27778
6600000 16 11.81250 32 118 223 1.00000 78 4.87500
6605000 18 10.50000 29 126 228 0.88889 77 4.22222
6610000 15 12.26667 29 122 230 1.00000 77 5.06667
6615000 18 10.11111 27 125 219 0.88889 79 4.22222
6620000 23 8.69565 32 100 223 0.82609 77 3.26087
6625000 18 9.77778 30 117 204 0.83333 74 4.05556
6630000 16 11.31250 31 117 214 0.93750 76 4.50000
6635000 15 11.46667 33 133 208 0.93333 77 5.00000
6640000 15 11.33333 31 139 202 0.93333 75 4.86667
6645000 17 10.23529 28 125 207 0.88235 78 4.29412
6650000 16 10.93750 32 115 211 1.00000 77 4.62500
6655000 16 10.75000 34 125 203 0.93750 76 4.62500
6660000 15 11.53333 31 129 202 0.86667 76 4.93333
6665000 12 14.50000 33 126 204 1.00000 76 6.08333
6670000 17 10.88235 36 121 213 0.76471 78 4.35294
6675000 15 11.86667 36 129 206 0.86667 78 5.00000
6680000 14 12.71429 35 130 211 0.78571 75 5.21429
6685000 18 9.77778 30 129 193 0.88889 77 4.11111
6690000 20 8.85000 30 122 202 0.90000 76 3.50000
6695000 15 11.26667 30 126 200 0.86667 77 4.80000
6700000 15 10.66667 27 140 195 0.93333 76 4.93333
6705000 17 9.58824 29 133 194 0.76471 75 4.17647
6710000 20 8.70000 27 116 200 0.80000 74 3.60000
6715000 17 9.35294 28 130 185 0.82353 75 4.23529
6720000 14 11.00000 27 137 183 0.85714 78 5.07143
6725000 18 9.44444 26 135 209 0.94444 78 4.22222
6730000 16 10.12500 29 135 196 0.87500 75 4.50000
6735000 16 9.93750 29 131 192 0.87500 78 4.50000
6740000 25 7.20000 30 118 203 0.80000 79 3.00000
6745000 21 8.09524 29 143 215 0.85714 79 3.52381
6750000 18 9.16667 25 144 203 0.94444 79 4.11111
6755000 22 7.68182 24 133 191 0.81818 77 3.40909
6760000 21 7.95238 26 135 194 0.80952 78 3.57143
6765000 15 10.66667 37 131 192 0.80000 77 4.86667
6770000 17 9.29412 38 127 191 0.76471 78 4.35294
6775000 16 10.43750 39 116 199 0.93750 79 4.56250
6780000 19 9.10526 40 119 193 0.78947 77 3.89474
6785000 20 8.85000 40 122 208 0.85000 78 3.65000
6790000 20 8.45000 36 136 209 0.80000 78 3.75000
6795000 20 8.45000 32 127 192 0.75000 76 3.60000
6800000 19 8.73684 31 128 199 0.89474 74 3.78947
6805000 17 8.88235 32 148 207 0.88235 74 4.29412
6810000 17 8.82353 28 136 185 0.76471 76 4.23529
6815000 17 8.70588 29 130 183 0.88235 75 4.29412
6820000 21 7.66667 31 124 198 0.80952 76 3.42857
6825000 16 9.68750 33 135 187 0.87500 76 4.50000
6830000 21 7.71429 28 130 193 0.85714 76 3.42857
6835000 21 7.90476 30 132 193 0.85714 78 3.57143
6840000 16 9.62500 28 131 192 1.00000 78 4.68750
6845000 19 8.10526 33 142 181 0.89474 79 3.94737
6850000 18 8.33333 30 131 177 0.83333 78 3.83333
6855000 16 9.00000 28 146 181 0.87500 78 4.50000
6860000 18 8.50000 28 147 189 0.83333 77 4.05556
6865000 18 8.38889 27 150 195 0.88889 77 4.05556
6870000 20 7.70000 28 157 192 0.80000 76 3.60000
6875000 24 7.00000 28 146 206 0.75000 76 2.95833
6880000 20 7.55000 25 156 186 0.75000 74 3.40000
6885000 22 7.59091 30 141 199 0.77273 74 3.18182
6890000 15 10.53333 34 145 198 0.86667 74 4.66667
6895000 20 8.55000 38 119 203 0.75000 73 3.50000
6900000 22 7.59091 37 116 195 0.86364 74 3.18182
6905000 15 9.80000 39 128 181 1.00000 72 4.66667
6910000 15 9.06667 37 139 176 0.86667 75 4.66667
6915000 17 8.29412 34 143 183 0.82353 75 4.00000
6920000 23 6.65217 36 119 171 0.78261 75 3.04348
6925000 16 8.37500 33 140 167 0.81250 75 4.25000
6930000 19 7.47368 31 136 172 0.63158 69 3.42105
6935000 14 9.07143 28 146 168 0.85714 74 4.78571
6940000 19 7.31579 26 140 173 0.84211 74 3.57895
6945000 22 6.95455 27 132 189 0.72727 75 3.00000
6950000 22 7.63636 34 123 192 0.72727 77 3.22727
6955000 19 8.89474 36 134 199 0.84211 76 3.73684
6960000 21 8.38095 33 122 205 0.76190 77 3.47619
6965000 20 8.90000 35 134 215 0.80000 78 3.60000
6970000 20 9.00000 35 126 208 0.80000 77 3.70000
6975000 18 10.00000 36 123 216 0.88889 78 4.05556
6980000 17 10.41176 37 128 213 0.88235 76 4.23529
6985000 21 8.66667 41 132 209 0.76190 78 3.47619
6990000 14 11.71429 38 140 214 0.85714 76 5.00000
6995000 21 8.52381 37 126 201 0.66667 77 3.38095
7000000 20 8.90000 37 108 197 0.75000 76 3.60000
7005000 17 10.35294 38 119 208 0.94118 76 4.23529
7010000 17 10.58824 37 122 222 0.88235 78 4.29412
7015000 20 8.75000 33 129 210 0.85000 79 3.70000
7020000 16 10.62500 32 135 209 0.93750 77 4.62500
7025000 17 10.05882 34 132 200 0.94118 77 4.35294
7030000 22 8.18182 32 123 207 0.86364 76 3.36364
7035000 20 9.00000 30 124 217 0.90000 76 3.70000
7040000 22 8.31818 33 134 221 0.68182 75 3.13636
7045000 19 9.42105 36 132 216 0.89474 77 3.84211
7050000 19 9.63158 36 116 208 0.89474 78 3.84211
7055000 19 9.63158 37 123 220 0.84211 75 3.84211
7060000 16 10.43750 39 131 204 0.93750 77 4.62500
7065000 13 12.69231 44 124 198 0.92308 78 5.46154
7070000 16 10.25000 38 126 192 0.81250 75 4.43750
7075000 18 9.83333 40 108 201 0.83333 76 4.11111
7080000 16 10.37500 34 123 198 0.87500 77 4.50000
7085000 17 9.64706 39 125 195 0.76471 79 4.11765
7090000 22 8.04545 37 120 201 0.86364 80 3.50000
7095000 14 11.28571 35 139 198 0.92857 78 5.14286
7100000 23 7.82609 36 116 194 0.82609 76 3.26087
7105000 21 8.38095 37 114 204 0.80952 77 3.52381
7110000 16 10.62500 39 133 213 0.93750 80 4.75000
7115000 20 8.70000 39 129 206 0.80000 79 3.80000
7120000 23 8.04348 41 129 212 0.86957 80 3.39130
7125000 25 7.28000 40 124 214 0.80000 81 3.08000
7130000 23 7.52174 44 124 207 0.91304 78 3.21739
7135000 18 9.38889 45 143 206 0.94444 78 4.05556
7140000 15 10.80000 44 145 201 1.00000 77 4.80000
7145000 15 10.93333 45 150 208 0.86667 78 4.73333
7150000 19 9.05263 44 144 210 0.89474 79 3.84211
7155000 18 10.00000 44 129 209 0.83333 77 4.11111
7160000 16 10.93750 48 136 217 1.00000 75 4.56250
7165000 13 13.46154 48 140 215 1.00000 78 5.53846
7170000 19 9.73684 47 135 213 0.68421 80 3.78947
7175000 17 10.41176 46 143 226 0.88235 81 4.35294
7180000 17 9.52941 40 145 210 0.88235 81 4.35294
7185000 17 9.11765 37 142 193 0.82353 79 4.47059
7190000 17 9.00000 36 137 183 0.88235 79 4.17647
7195000 16 9.50000 36 130 194 0.81250 77 4.56250
7200000 20 7.95000 35 132 203 0.90000 78 3.55000
7205000 16 9.87500 39 140 199 1.00000 78 4.50000
7210000 16 9.87500 43 133 199 0.87500 76 4.50000
7215000 21 8.04762 41 121 187 0.71429 77 3.47619
7220000 17 9.64706 43 136 202 0.76471 76 4.23529
7225000 13 11.84615 44 140 195 0.76923 75 5.46154
7230000 15 9.93333 42 145 187 0.73333 75 4.33333
7235000 20 8.15000 44 128 198 0.85000 74 3.50000
7240000 17 8.94118 44 140 189 0.88235 72 4.00000
7245000 20 7.55000 43 135 186 0.80000 73 3.40000
7250000 19 7.42105 37 130 185 0.84211 77 3.57895
7255000 20 7.25000 38 140 172 0.80000 77 3.35000
7260000 18 8.22222 41 144 191 0.83333 79 3.88889
7265000 22 7.09091 43 141 181 0.77273 77 3.27273
7270000 17 8.82353 41 147 186 0.82353 74 4.11765
7275000 17 9.05882 44 145 185 0.82353 75 4.05882
7280000 23 7.30435 45 144 199 0.86957 73 3.08696
7285000 22 7.45455 42 150 206 0.86364 74 3.22727
7290000 22 7.45455 39 157 205 0.86364 73 3.18182
7295000 20 8.10000 40 162 198 0.75000 73 3.40000
7300000 21 8.09524 41 163 219 0.85714 75 3.23810
7305000 19 9.21053 43 150 217 0.89474 74 3.63158
7310000 19 9.47368 42 140 216 0.89474 73 3.47368
7315000 18 9.94444 39 133 218 0.83333 76 3.72222
7320000 17 10.64706 41 145 212 0.82353 72 3.88235
7325000 23 8.39130 41 133 222 0.69565 75 2.95652
7330000 24 7.87500 39 136 222 0.91667 77 2.91667
7335000 20 8.70000 39 143 211 0.75000 74 3.50000
7340000 25 7.08000 38 137 208 0.72000 73 2.88000
7345000 22 7.63636 39 153 210 0.90909 73 3.22727
7350000 19 8.68421 42 153 209 0.89474 74 3.63158
7355000 16 9.87500 42 148 201 0.93750 74 4.37500
7360000 26 6.92308 41 114 196 0.88462 76 2.84615
7365000 25 6.84000 36 113 192 0.76000 77 2.88000
7370000 18 8.50000 33 129 184 0.83333 76 3.94444
7375000 17 9.11765 34 135 190 0.82353 75 4.05882
7380000 21 8.00000 33 130 199 0.85714 76 3.42857
7385000 21 7.95238 43 137 207 0.95238 77 3.42857
7390000 23 7.21739 41 131 201 0.91304 78 3.08696
7395000 21 7.71429 44 136 192 0.80952 78 3.42857
7400000 24 6.95833 45 132 198 0.83333 79 3.08333
7405000 25 6.52000 45 133 199 0.88000 76 3.00000
7410000 20 7.60000 42 158 198 0.85000 76 3.55000
7415000 24 6.58333 40 156 190 0.75000 76 2.95833
7420000 18 8.83333 44 156 208 1.00000 75 3.88889
7425000 25 7.00000 44 139 214 0.68000 77 2.80000
7430000 20 8.05000 41 141 206 1.00000 79 3.60000
7435000 25 6.36000 40 134 187 0.84000 77 2.84000
7440000 21 7.52381 41 132 199 0.85714 76 3.28571
7445000 18 8.50000 42 144 192 0.94444 77 3.77778
7450000 18 8.88889 43 133 197 0.88889 76 3.88889
7455000 14 10.64286 43 155 209 0.92857 78 4.85714
7460000 21 7.38095 41 144 201 0.85714 77 3.38095
7465000 22 7.36364 41 144 202 0.90909 77 3.09091
7470000 24 6.58333 34 141 190 0.83333 76 2.91667
7475000 23 6.69565 35 141 189 0.86957 76 3.04348
7480000 18 8.50000 33 146 191 0.83333 72 3.61111
7485000 24 6.83333 37 136 205 0.83333 75 2.83333
7490000 22 8.27273 42 135 222 0.86364 75 3.18182
7495000 22 8.22727 41 132 212 0.81818 76 3.13636
7500000 22 8.45455 38 133 221 0.81818 74 3.18182
7505000 24 7.83333 38 125 223 0.91667 74 2.91667
7510000 23 7.91304 38 138 212 0.73913 75 2.91304
7515000 20 8.75000 34 141 213 0.85000 73 3.45000
7520000 19 8.94737 33 144 205 0.84211 75 3.73684
7525000 19 8.31579 33 150 198 1.00000 75 3.63158
7530000 19 8.15789 35 150 187 0.78947 72 3.63158
7535000 19 8.26316 40 138 197 0.89474 74 3.52632
7540000 20 8.00000 40 144 207 0.95000 75 3.45000
7545000 20 8.35000 40 141 200 0.80000 74 3.60000
7550000 19 8.68421 39 142 216 0.94737 77 3.73684
7555000 17 10.00000 42 140 210 0.94118 77 4.23529
7560000 20 8.90000 44 139 217 0.95000 79 3.70000
7565000 17 9.82353 42 140 202 0.88235 77 4.23529
7570000 23 8.00000 42 124 211 0.78261 75 3.17391
7575000 24 7.66667 41 129 216 0.79167 80 3.04167
7580000 20 8.95000 45 126 215 0.80000 78 3.60000
7585000 18 9.50000 47 137 210 0.94444 80 4.16667
7590000 22 8.00000 46 123 206 0.81818 74 3.22727
7595000 20 8.80000 49 132 218 0.95000 76 3.50000
7600000 23 7.82609 50 127 214 0.78261 75 3.00000
7605000 17 10.00000 45 122 199 0.94118 73 4.11765
7610000 20 8.80000 49 119 210 0.95000 79 3.70000
7615000 21 8.52381 46 134 217 0.90476 77 3.57143
7620000 20 8.55000 47 145 217 0.85000 78 3.55000
7625000 19 8.78947 45 153 213 0.84211 76 3.63158
7630000 16 9.75000 41 142 196 0.87500 76 4.18750
7635000 23 7.65217 40 121 195 0.73913 75 3.17391
7640000 20 8.50000 42 143 213 0.85000 76 3.45000
7645000 22 7.54545 37 139 196 0.90909 78 3.22727
7650000 20 8.05000 40 138 193 0.90000 76 3.60000
7655000 21 8.14286 44 132 206 0.90476 78 3.42857
7660000 23 7.52174 45 132 204 0.91304 78 3.26087
7665000 21 7.76190 41 130 194 0.85714 78 3.52381
7670000 17 9.94118 45 131 201 0.88235 78 4.23529
7675000 20 8.30000 49 127 190 0.90000 75 3.55000
7680000 19 8.89474 43 131 211 0.89474 77 3.94737
7685000 22 7.31818 42 136 182 0.77273 77 3.31818
7690000 19 8.31579 42 140 191 0.89474 78 3.78947
7695000 15 9.93333 43 142 185 0.86667 79 4.60000
7700000 18 8.83333 45 129 185 0.72222 77 3.88889
7705000 20 7.65000 44 129 182 1.00000 76 3.45000
7710000 20 7.75000 41 136 180 0.80000 76 3.50000
7715000 17 8.58824 35 148 194 0.88235 77 4.00000
7720000 23 6.65217 35 150 199 0.95652 79 3.08696
7725000 19 7.63158 34 156 195 0.94737 75 3.78947
7730000 26 6.34615 36 144 198 0.76923 74 2.73077
7735000 24 6.50000 34 146 196 0.75000 78 3.12500
7740000 23 6.91304 38 144 188 0.86957 78 3.13043
7745000 22 6.81818 38 144 194 0.90909 79 3.40909
7750000 25 6.60000 39 147 197 0.80000 81 3.00000
7755000 25 6.64000 39 143 189 0.80000 78 2.92000
7760000 19 8.52632 39 152 197 0.89474 80 3.94737
7765000 20 8.25000 39 145 202 0.85000 79 3.75000
7770000 22 7.27273 36 149 195 0.90909 81 3.45455
7775000 22 7.13636 38 143 185 0.81818 79 3.50000
7780000 24 6.54167 37 135 179 0.87500 80 3.25000
7785000 19 7.63158 35 146 184 0.89474 80 3.94737
7790000 23 6.95652 34 131 188 0.86957 77 3.13043
7795000 21 7.61905 35 136 193 0.85714 76 3.57143
7800000 22 7.31818 36 134 199 0.86364 78 3.36364
7805000 21 6.85714 31 145 180 0.85714 78 3.47619
7810000 24 6.66667 30 131 182 0.83333 78 3.12500
7815000 19 7.78947 32 137 187 0.89474 76 3.84211
7820000 22 7.27273 36 125 193 0.86364 78 3.31818
7825000 20 7.65000 34 136 198 0.90000 78 3.60000
7830000 22 7.22727 35 145 190 0.81818 77 3.18182
7835000 21 7.90476 34 138 204 0.90476 76 3.47619
7840000 25 7.12000 38 130 202 0.80000 76 2.80000
7845000 19 8.42105 33 136 199 0.84211 79 3.89474
7850000 22 7.63636 36 127 195 0.90909 79 3.40909
7855000 22 7.63636 38 133 200 0.81818 79 3.36364
7860000 20 7.95000 36 136 197 0.85000 80 3.75000
7865000 20 8.55000 44 130 200 0.85000 79 3.70000
7870000 20 8.50000 42 127 206 0.95000 79 3.80000
7875000 22 7.54545 41 138 195 0.86364 79 3.45455
7880000 24 7.20833 40 119 207 0.87500 78 3.16667
7885000 22 7.77273 43 127 210 0.95455 80 3.50000
7890000 19 8.89474 44 141 207 0.94737 79 4.00000
7895000 22 7.95455 41 138 209 0.72727 77 3.36364
7900000 19 9.31579 44 136 219 0.89474 78 3.94737
7905000 21 8.57143 42 134 207 0.95238 77 3.61905
7910000 17 10.05882 43 140 212 0.88235 77 4.35294
7915000 25 7.20000 39 127 206 0.80000 78 2.96000
7920000 18 9.88889 37 131 209 0.94444 75 3.88889
7925000 21 8.61905 38 132 209 0.71429 75 3.38095
7930000 21 8.61905 36 137 215 0.80952 75 3.47619
7935000 23 7.69565 34 144 212 0.69565 75 3.17391
7940000 19 8.94737 33 151 216 0.84211 73 3.63158
7945000 20 8.85000 36 138 209 0.80000 74 3.40000
7950000 14 11.42857 34 149 200 1.00000 75 4.78571
7955000 17 10.41176 34 135 211 0.76471 75 4.05882
7960000 21 8.23810 33 145 214 0.76190 77 3.47619
7965000 21 8.42857 36 153 222 0.85714 77 3.38095
7970000 19 8.73684 36 159 217 0.89474 78 3.68421
7975000 23 7.82609 38 141 223 0.86957 77 3.13043
7980000 19 9.42105 41 151 226 0.94737 78 3.78947
7985000 23 8.08696 41 140 219 0.78261 79 3.21739
7990000 20 9.00000 41 150 219 0.95000 79 3.60000
7995000 17 10.82353 38 146 233 0.94118 76 4.29412
8000000 26 8.07692 39 129 241 0.88462 78 2.84615
8005000 21 9.42857 40 143 238 0.85714 76 3.47619
8010000 21 8.90476 39 147 231 0.71429 78 3.33333
8015000 21 9.09524 40 140 239 0.90476 79 3.57143
8020000 21 8.57143 38 137 211 0.80952 78 3.57143
8025000 22 8.31818 40 137 215 0.77273 79 3.18182
8030000 18 9.72222 41 138 207 0.88889 79 4.05556
8035000 16 10.37500 44 153 205 0.87500 80 4.50000
8040000 25 7.20000 44 137 211 0.80000 79 2.96000
8045000 25 7.12000 43 137 205 0.72000 76 2.92000
8050000 17 9.47059 41 151 189 0.82353 75 4.23529
8055000 18 9.22222 39 152 196 0.77778 77 4.00000
8060000 22 7.95455 39 151 212 0.81818 77 3.27273
8065000 18 9.72222 38 154 219 0.94444 76 3.94444
8070000 16 10.81250 39 145 214 0.87500 78 4.37500
8075000 21 8.66667 40 131 223 0.90476 78 3.42857
8080000 17 10.05882 35 140 206 0.88235 77 4.23529
8085000 25 7.12000 32 134 209 0.72000 79 2.92000
8090000 21 7.90476 32 141 206 0.76190 77 3.38095
8095000 27 6.66667 31 129 210 0.81481 78 2.81481
8100000 21 8.00000 31 126 198 0.90476 79 3.61905
8105000 20 8.35000 32 129 207 1.00000 80 3.75000
8110000 19 8.84211 28 118 196 0.94737 77 3.94737
8115000 21 7.76190 27 119 201 0.90476 77 3.57143
8120000 18 8.50000 27 130 197 0.94444 78 4.16667
8125000 19 8.26316 27 127 192 0.89474 79 3.94737
8130000 18 7.94444 25 138 186 1.00000 77 4.16667
8135000 21 7.00000 27 143 187 0.85714 78 3.57143
8140000 18 8.22222 29 148 198 1.00000 75 4.05556
8145000 22 7.13636 31 137 192 0.86364 76 3.31818
8150000 21 7.57143 31 133 202 1.00000 79 3.61905
8155000 18 8.66667 34 141 192 0.88889 80 4.16667
8160000 19 8.36842 31 144 195 0.63158 79 3.78947
8165000 19 8.15789 32 145 193 0.84211 78 3.84211
8170000 23 7.34783 35 123 197 0.86957 78 3.30435
8175000 18 8.88889 34 133 196 0.94444 79 4.22222
8180000 18 9.05556 29 128 190 0.94444 79 4.16667
8185000 18 8.94444 29 140 193 0.88889 79 4.16667
8190000 18 9.16667 32 148 218 0.94444 80 4.22222
8195000 21 8.42857 34 145 205 0.76190 79 3.66667
8200000 17 10.17647 36 149 212 0.88235 79 4.47059
8205000 17 10.41176 37 153 227 0.82353 77 4.29412
8210000 19 9.10526 36 155 208 0.84211 77 3.94737
8215000 22 8.18182 36 137 214 0.81818 79 3.45455
8220000 19 9.21053 35 131 205 0.84211 78 4.00000
8225000 16 10.18750 35 137 211 0.81250 78 4.68750
8230000 18 9.16667 36 129 205 0.88889 78 4.22222
8235000 21 8.00000 37 127 188 0.66667 72 3.42857
8240000 19 7.94737 32 133 181 0.84211 72 3.73684
8245000 16 9.06250 30 141 194 0.93750 71 4.18750
8250000 19 8.00000 29 136 190 0.84211 74 3.57895
8255000 19 8.05263 28 135 183 0.84211 72 3.57895
8260000 16 10.00000 32 130 205 0.87500 74 4.31250
8265000 18 9.16667 31 137 202 0.94444 75 3.83333
8270000 19 8.36842 28 135 196 0.94737 74 3.63158
8275000 18 9.00000 30 140 209 0.88889 73 3.77778
8280000 22 7.40909 30 143 203 0.90909 74 3.18182
8285000 21 7.95238 32 136 200 0.90476 76 3.42857
8290000 21 7.95238 29 133 197 0.80952 75 3.33333
8295000 20 8.85000 31 138 217 0.85000 74 3.55000
8300000 24 7.83333 32 129 218 0.79167 78 3.00000
8305000 17 10.23529 32 135 204 0.82353 74 4.17647
8310000 17 9.17647 30 151 201 0.88235 75 4.23529
8315000 19 8.52632 35 156 213 0.78947 77 3.73684
8320000 21 8.19048 36 149 215 0.80952 80 3.52381
8325000 18 9.61111 38 149 215 0.88889 79 4.16667
8330000 22 8.18182 39 152 214 0.86364 79 3.54545
8335000 21 8.00000 35 163 205 0.85714 77 3.57143
8340000 19 9.15789 36 158 225 0.94737 78 3.94737
8345000 18 9.05556 33 163 224 0.83333 76 4.00000
8350000 24 7.91667 34 140 213 0.91667 76 3.08333
8355000 23 7.91304 31 135 217 0.82609 76 3.13043
8360000 20 8.85000 26 142 202 0.70000 75 3.50000
8365000 17 9.52941 27 148 209 0.76471 77 4.11765
8370000 20 8.85000 30 152 200 0.80000 76 3.65000
8375000 19 9.63158 30 149 217 0.73684 75 3.73684
8380000 20 9.20000 35 152 220 0.90000 76 3.65000
8385000 21 9.57143 35 138 233 0.76190 79 3.61905
8390000 19 10.26316 34 144 239 1.00000 80 4.05263
8395000 31 6.77419 30 112 221 0.70968 80 2.58065
8400000 21 9.00000 32 139 225 0.85714 79 3.57143
8405000 24 8.00000 31 139 211 0.83333 78 3.16667
8410000 21 8.52381 33 146 220 0.90476 78 3.42857
8415000 19 8.89474 34 148 214 0.89474 76 3.89474
8420000 22 7.68182 31 144 206 0.86364 76 3.31818
8425000 20 8.65000 31 145 214 0.95000 76 3.60000
8430000 24 6.91667 30 136 196 0.87500 78 3.00000
8435000 21 8.09524 34 139 194 0.85714 78 3.47619
8440000 24 7.33333 32 141 213 0.83333 79 3.08333
8445000 23 7.69565 32 140 210 0.73913 79 3.13043
8450000 17 9.64706 30 142 201 1.00000 79 4.47059
8455000 18 9.22222 25 141 203 0.94444 77 4.11111
8460000 16 10.37500 30 138 205 1.00000 77 4.56250
8465000 19 8.78947 30 133 211 1.00000 77 3.94737
8470000 24 7.25000 29 118 202 0.75000 77 3.08333
8475000 28 6.35714 28 118 200 0.71429 77 2.71429
8480000 25 7.00000 29 125 209 0.96000 79 3.12000
8485000 19 8.68421 25 144 203 0.84211 79 3.89474
8490000 19 8.52632 28 134 213 1.00000 78 3.94737
8495000 24 7.33333 26 133 202 0.87500 77 3.16667
8500000 22 8.31818 28 138 217 0.86364 78 3.45455
8505000 24 7.79167 27 132 206 0.75000 77 3.00000
8510000 23 8.26087 34 133 222 0.78261 78 3.21739
8515000 23 8.47826 34 129 221 0.82609 79 3.34783
8520000 23 8.47826 33 124 219 0.82609 78 3.34783
8525000 18 10.05556 33 135 225 0.94444 79 4.16667
8530000 19 9.42105 31 133 205 0.89474 79 3.94737
8535000 19 9.31579 32 140 220 1.00000 79 4.10526
8540000 19 9.84211 32 122 210 0.94737 79 4.00000
8545000 17 10.17647 32 139 214 0.88235 76 4.35294
8550000 24 7.70833 34 125 203 0.70833 78 3.12500
8555000 18 9.27778 32 138 201 0.94444 77 4.22222
8560000 20 8.35000 30 141 197 0.85000 76 3.70000
8565000 20 8.05000 28 148 198 0.90000 76 3.70000
8570000 19 8.78947 29 142 196 0.89474 77 3.84211
8575000 19 8.36842 26 137 196 0.94737 77 3.84211
8580000 21 7.80952 24 151 205 0.85714 78 3.57143
8585000 20 8.60000 27 146 205 0.85000 75 3.65000
8590000 21 7.90476 28 136 198 0.90476 74 3.47619
8595000 19 8.84211 32 122 205 0.78947 76 3.73684
8600000 23 7.69565 32 126 203 0.86957 76 3.21739
8605000 19 8.94737 32 142 206 0.89474 74 3.84211
8610000 18 9.27778 31 136 204 0.94444 75 4.05556
8615000 23 7.82609 32 126 212 0.95652 78 3.21739
8620000 21 8.28571 36 133 213 0.90476 78 3.61905
8625000 19 8.84211 38 138 207 0.89474 78 3.89474
8630000 18 9.55556 41 136 201 0.88889 78 4.16667
8635000 22 8.31818 39 118 207 0.77273 78 3.40909
8640000 21 8.52381 37 124 212 0.90476 79 3.71429
8645000 21 8.57143 34 121 217 0.95238 80 3.71429
8650000 18 9.33333 30 124 207 0.94444 79 4.27778
8655000 19 9.10526 32 119 206 0.94737 77 3.89474
8660000 20 8.95000 35 110 209 0.85000 76 3.70000
8665000 16 10.68750 33 134 213 1.00000 77 4.56250
8670000 19 9.36842 37 122 211 0.84211 76 3.89474
8675000 18 9.44444 34 130 202 0.83333 77 4.00000
8680000 20 8.75000 32 120 203 0.80000 77 3.75000
8685000 20 8.95000 35 113 198 0.85000 78 3.85000
8690000 17 9.70588 31 128 200 0.94118 78 4.41176
8695000 17 9.17647 32 122 198 0.76471 76 4.35294
8700000 20 8.05000 31 121 188 0.90000 78 3.85000
8705000 15 10.53333 30 127 206 1.00000 77 4.93333
8710000 17 9.70588 32 123 197 0.88235 79 4.52941
8715000 17 9.58824 33 131 201 0.88235 79 4.47059
8720000 16 10.12500 30 133 188 0.75000 76 4.62500
8725000 20 8.85000 30 129 204 0.90000 76 3.75000
8730000 20 8.75000 29 127 200 0.80000 77 3.80000
8735000 16 9.81250 27 137 202 0.93750 77 4.75000
8740000 19 8.36842 27 133 185 0.78947 78 4.05263
8745000 18 8.05556 24 145 185 0.88889 78 4.22222
8750000 22 7.22727 26 131 191 0.77273 77 3.40909
8755000 21 7.95238 30 127 194 0.80952 76 3.52381
8760000 17 9.05882 29 139 193 1.00000 78 4.47059
8765000 17 9.11765 31 133 197 1.00000 80 4.52941
8770000 17 9.58824 31 119 198 0.94118 78 4.47059
8775000 17 9.70588 32 121 197 0.94118 78 4.41176
8780000 19 8.73684 31 121 198 0.89474 77 3.94737
8785000 17 8.88235 30 128 184 0.88235 77 4.41176
8790000 13 11.38462 30 141 187 0.92308 76 5.46154
8795000 14 10.57143 30 130 192 0.85714 76 5.14286
8800000 19 8.84211 30 130 190 0.89474 74 3.89474
8805000 20 8.60000 31 134 203 0.85000 75 3.75000
8810000 18 9.05556 31 141 193 0.77778 75 4.05556
8815000 17 9.41176 27 147 196 0.82353 75 4.29412
8820000 23 7.21739 25 131 185 0.69565 78 3.26087
8825000 17 9.05882 26 126 183 0.94118 78 4.41176
8830000 19 8.31579 29 137 190 0.78947 76 3.78947
8835000 20 8.20000 29 138 187 0.80000 75 3.65000
8840000 20 8.10000 30 135 191 0.80000 79 3.80000
8845000 23 7.34783 32 126 202 0.91304 80 3.34783
8850000 22 7.27273 29 128 189 0.81818 79 3.50000
8855000 21 7.90476 33 131 196 0.80952 77 3.52381
8860000 18 9.00000 34 140 201 0.83333 80 4.16667
8865000 18 9.38889 35 131 214 0.83333 76 4.11111
8870000 19 8.68421 34 132 197 0.78947 77 3.94737
8875000 20 8.70000 31 128 205 0.80000 79 3.80000
8880000 19 8.84211 32 144 207 0.94737 78 4.00000
8885000 19 9.42105 33 128 205 0.89474 79 4.05263
8890000 14 12.00000 32 134 208 0.92857 80 5.42857
8895000 14 11.78571 32 126 194 0.92857 81 5.50000
8900000 20 8.80000 32 106 201 0.80000 81 3.95000
8905000 14 12.07143 33 123 194 1.00000 79 5.50000
8910000 17 10.05882 32 123 202 0.88235 79 4.52941
8915000 15 11.46667 34 129 204 1.00000 80 5.06667
8920000 22 8.45455 35 115 213 0.81818 78 3.50000
8925000 17 9.82353 33 135 198 1.00000 77 4.47059
8930000 18 9.16667 33 134 192 0.88889 78 4.27778
8935000 19 8.42105 32 146 200 0.68421 79 3.94737
8940000 19 8.78947 30 138 199 0.78947 79 3.94737
8945000 20 8.15000 27 130 194 0.85000 77 3.75000
8950000 20 8.20000 27 137 188 0.80000 76 3.70000
8955000 16 9.56250 28 137 182 0.93750 77 4.75000
8960000 21 7.19048 27 123 173 0.80952 77 3.52381
8965000 20 7.75000 31 125 187 0.80000 76 3.70000
8970000 23 7.60870 32 127 198 0.73913 74 3.17391
8975000 20 8.25000 31 135 205 0.85000 75 3.65000
8980000 15 10.60000 36 145 199 0.86667 77 4.66667
8985000 20 8.70000 39 130 204 0.85000 75 3.55000
8990000 21 8.23810 35 124 197 0.90476 78 3.57143
8995000 21 7.95238 34 129 211 0.85714 79 3.57143
9000000 21 7.71429 32 134 191 0.95238 77 3.57143
9005000 18 8.77778 33 129 204 0.94444 78 4.16667
9010000 15 9.86667 35 149 189 0.86667 77 4.93333
9015000 22 7.40909 32 140 190 0.77273 76 3.40909
9020000 16 9.56250 34 145 193 0.87500 77 4.56250
9025000 19 8.68421 38 134 199 0.78947 76 3.84211
9030000 23 7.30435 34 123 198 0.82609 73 3.17391
9035000 18 9.05556 38 128 191 0.88889 75 4.11111
9040000 20 8.30000 39 134 205 0.85000 77 3.65000
9045000 20 8.65000 39 114 197 0.80000 73 3.60000
9050000 18 9.50000 41 119 201 0.88889 76 4.05556
9055000 19 8.78947 40 121 208 0.89474 78 3.89474
9060000 20 8.35000 38 121 205 0.90000 76 3.60000
9065000 21 8.04762 41 137 215 0.85714 76 3.38095
9070000 24 7.75000 39 128 212 0.79167 77 3.12500
9075000 24 7.29167 39 126 207 0.83333 77 3.08333
9080000 24 7.58333 42 115 205 0.75000 77 3.16667
9085000 19 9.00000 40 126 216 1.00000 80 4.05263
9090000 24 7.45833 37 120 213 0.83333 79 3.25000
9095000 21 8.19048 32 119 197 0.95238 79 3.61905
9100000 19 8.84211 35 127 198 0.89474 79 3.89474
9105000 16 9.62500 34 142 205 1.00000 78 4.50000
9110000 17 9.70588 34 139 204 0.82353 77 4.23529
9115000 18 9.00000 33 127 201 0.94444 74 4.00000
9120000 18 9.16667 34 132 202 1.00000 75 3.94444
9125000 16 10.37500 31 131 217 0.93750 79 4.62500
9130000 22 8.18182 30 127 205 0.86364 80 3.50000
9135000 18 9.11111 30 136 208 0.94444 80 4.22222
9140000 18 8.72222 29 148 198 0.83333 79 4.22222
9145000 24 7.41667 31 129 201 0.66667 77 3.16667
9150000 19 9.05263 32 129 194 0.73684 78 4.00000
9155000 21 8.47619 30 134 215 0.90476 77 3.66667
9160000 20 8.35000 29 141 194 0.80000 78 3.80000
9165000 16 10.25000 31 139 203 0.87500 76 4.43750
9170000 21 8.42857 30 117 200 0.76190 77 3.57143
9175000 20 8.90000 31 128 194 0.70000 77 3.70000
9180000 15 10.60000 29 143 194 0.93333 80 4.86667
9185000 18 9.44444 32 133 209 0.94444 79 4.16667
9190000 19 9.63158 31 124 212 0.89474 80 4.05263
9195000 19 9.52632 33 123 208 0.84211 80 4.10526
9200000 22 8.22727 36 116 206 0.77273 79 3.54545
9205000 19 9.31579 38 131 215 0.89474 80 4.00000
9210000 19 9.15789 36 137 203 0.84211 79 3.89474
9215000 19 8.63158 33 130 194 0.78947 78 3.94737
9220000 18 9.11111 29 130 195 0.77778 78 4.16667
9225000 20 8.60000 30 132 203 0.90000 75 3.75000
9230000 23 7.78261 31 119 200 0.78261 75 3.26087
9235000 18 9.55556 34 127 210 0.83333 77 4.11111
9240000 16 10.93750 34 117 214 0.93750 77 4.75000
9245000 19 9.05263 31 109 204 0.94737 78 4.10526
9250000 24 7.83333 32 100 202 0.79167 80 3.25000
9255000 18 9.38889 32 126 199 0.77778 78 4.16667
9260000 21 7.85714 33 130 202 0.76190 79 3.61905
9265000 17 9.17647 35 138 194 1.00000 80 4.64706
9270000 19 8.89474 36 127 209 0.84211 78 3.89474
9275000 19 8.78947 36 123 194 0.84211 80 3.94737
9280000 18 9.05556 38 124 196 0.88889 80 4.33333
9285000 16 9.93750 33 123 197 0.93750 78 4.75000
9290000 14 11.00000 31 133 193 0.92857 79 5.57143
9295000 19 7.89474 29 125 180 0.89474 78 4.10526
9300000 20 7.80000 31 130 188 0.85000 78 3.85000
9305000 19 8.10526 32 127 176 0.68421 77 4.05263
9310000 17 9.47059 36 139 192 0.76471 80 4.52941
9315000 16 9.68750 33 132 185 0.93750 80 4.81250
9320000 15 10.60000 33 132 195 0.80000 81 5.06667
9325000 16 9.81250 31 132 188 0.81250 78 4.62500
9330000 20 8.45000 31 143 195 0.75000 76 3.70000
9335000 20 8.80000 36 144 206 0.85000 78 3.80000
9340000 23 7.82609 38 141 209 0.65217 78 3.26087
9345000 20 9.20000 34 137 218 0.80000 77 3.75000
9350000 18 10.05556 34 131 203 0.88889 78 4.27778
9355000 14 11.92857 32 143 209 0.92857 79 5.42857
9360000 22 8.27273 33 135 211 0.81818 80 3.50000
9365000 20 8.60000 28 137 205 0.85000 79 3.85000
9370000 17 9.70588 26 134 198 0.88235 77 4.35294
9375000 17 9.58824 28 132 192 0.82353 77 4.29412
9380000 21 7.19048 25 134 170 0.85714 77 3.47619
9385000 15 9.06667 25 150 186 0.93333 78 4.80000
9390000 21 7.28571 28 126 179 0.80952 76 3.52381
9395000 18 8.38889 32 141 174 0.83333 78 4.16667
9400000 20 8.05000 33 133 187 0.85000 75 3.70000
9405000 25 6.80000 32 129 194 0.88000 78 3.08000
9410000 15 9.46667 32 160 185 0.93333 79 5.06667
9415000 19 7.89474 29 155 190 0.84211 77 3.89474
9420000 17 8.88235 28 161 185 0.88235 77 4.35294
9425000 21 7.71429 28 137 201 0.76190 78 3.52381
9430000 23 7.21739 28 133 201 0.86957 78 3.17391
9435000 19 8.21053 26 136 183 0.78947 75 3.89474
9440000 17 8.82353 27 140 180 0.88235 75 4.29412
9445000 20 7.85000 28 130 189 0.85000 76 3.70000
9450000 15 9.73333 29 141 193 0.86667 78 4.73333
9455000 20 7.95000 30 123 189 0.70000 78 3.55000
9460000 18 8.44444 27 130 185 0.88889 78 4.00000
9465000 20 7.80000 27 129 196 0.80000 77 3.65000
9470000 20 7.45000 27 138 189 1.00000 77 3.70000
9475000 17 8.76471 30 134 191 0.82353 79 4.41176
9480000 19 8.21053 29 139 192 0.94737 78 3.89474
9485000 19 7.84211 29 137 187 0.89474 78 3.94737
9490000 20 8.00000 29 135 200 0.85000 80 3.70000
9495000 19 8.63158 30 144 202 0.89474 77 3.89474
9500000 21 7.95238 30 132 202 0.85714 77 3.52381
9505000 18 9.50000 32 130 214 0.83333 79 4.11111
9510000 25 7.68000 32 119 219 0.72000 81 2.92000
9515000 26 7.26923 32 109 212 0.80769 79 2.96154
9520000 20 8.90000 30 127 223 0.90000 80 3.80000
9525000 18 9.72222 31 127 214 1.00000 79 4.27778
9530000 20 8.80000 29 127 208 0.80000 79 3.70000
9535000 19 8.94737 28 126 208 0.89474 78 3.89474
9540000 18 9.38889 28 128 214 0.88889 79 4.11111
9545000 20 8.75000 32 133 213 0.95000 79 3.80000
9550000 16 10.50000 30 145 217 0.93750 81 4.68750
9555000 20 9.10000 31 135 218 0.85000 80 3.90000
9560000 20 8.85000 31 134 217 0.95000 80 3.90000
9565000 22 8.40909 30 132 221 0.81818 79 3.45455
9570000 21 8.33333 27 142 219 0.85714 80 3.52381
9575000 22 8.00000 28 128 204 0.95455 79 3.59091
9580000 18 9.00000 30 141 209 0.94444 80 4.33333
9585000 22 7.40909 28 139 196 0.81818 77 3.40909
9590000 21 7.90476 28 132 194 0.85714 79 3.61905
9595000 25 6.76000 28 133 192 0.88000 80 3.12000
9600000 23 7.30435 31 126 201 0.82609 79 3.30435
9605000 24 6.87500 28 134 195 0.87500 78 3.08333
9610000 24 7.25000 26 125 205 0.75000 77 3.12500
9615000 22 7.54545 28 135 199 0.90909 78 3.31818
9620000 19 8.63158 28 137 190 0.78947 76 3.84211
9625000 20 8.05000 26 130 187 0.80000 77 3.65000
9630000 23 7.17391 26 126 181 0.69565 79 3.17391
9635000 21 8.04762 26 124 202 0.80952 76 3.42857
9640000 19 8.21053 26 122 194 0.94737 74 3.68421
9645000 22 7.45455 28 122 185 0.72727 76 3.18182
9650000 18 8.88889 33 132 202 0.88889 76 4.05556
9655000 22 7.77273 29 120 191 0.72727 78 3.31818
9660000 19 8.68421 30 120 202 0.94737 76 3.89474
9665000 20 8.25000 33 132 198 0.85000 76 3.70000
9670000 18 9.61111 36 134 219 1.00000 78 4.16667
9675000 20 8.45000 36 135 204 0.90000 78 3.70000
9680000 19 8.78947 31 137 203 0.89474 77 3.94737
9685000 22 8.36364 32 129 209 0.77273 76 3.31818
9690000 22 8.09091 34 130 220 0.95455 77 3.36364
9695000 21 8.61905 36 141 221 0.90476 77 3.57143
9700000 18 9.05556 34 156 201 0.94444 79 4.22222
9705000 26 6.84615 31 140 193 0.73077 78 2.96154
9710000 19 9.10526 33 142 218 1.00000 77 4.00000
9715000 18 9.61111 37 139 215 1.00000 78 4.22222
9720000 18 9.66667 36 135 211 0.88889 79 4.16667
9725000 24 7.50000 32 127 202 0.79167 79 3.16667
9730000 23 7.65217 31 128 204 0.91304 80 3.39130
9735000 24 7.37500 34 122 193 0.75000 78 3.20833
9740000 20 8.85000 36 121 199 0.85000 81 3.90000
9745000 21 8.47619 37 123 214 0.85714 80 3.66667
9750000 21 8.42857 42 127 202 0.85714 79 3.66667
9755000 19 8.89474 41 136 208 0.84211 77 3.94737
9760000 15 11.33333 44 134 207 1.00000 75 4.80000
9765000 20 9.30000 43 123 211 0.85000 76 3.70000
9770000 18 9.72222 37 133 210 0.83333 76 4.00000
9775000 17 10.05882 35 132 197 0.82353 75 4.29412
9780000 17 10.00000 36 138 211 0.82353 76 4.29412
9785000 19 8.94737 30 138 210 0.89474 75 3.84211
9790000 20 9.00000 31 127 206 0.80000 78 3.75000
9795000 16 10.87500 29 130 205 1.00000 78 4.62500
9800000 15 10.80000 28 137 207 0.93333 76 4.93333
9805000 21 8.42857 28 127 196 0.66667 77 3.57143
9810000 19 8.78947 27 139 199 0.84211 79 4.00000
9815000 19 8.52632 29 153 199 0.84211 79 4.05263
9820000 18 8.88889 31 151 202 0.88889 78 4.22222
9825000 17 9.64706 42 143 209 0.88235 78 4.35294
9830000 18 9.55556 43 131 198 0.77778 80 4.16667
9835000 16 10.68750 47 133 215 0.81250 80 4.75000
9840000 20 8.60000 43 133 200 0.70000 76 3.65000
9845000 16 10.18750 47 140 202 0.87500 75 4.56250
9850000 17 9.88235 45 140 197 0.88235 73 4.23529
9855000 20 8.75000 43 128 198 0.85000 77 3.70000
9860000 21 8.42857 40 127 204 0.80952 76 3.57143
9865000 25 7.20000 39 121 201 0.80000 76 2.92000
9870000 24 7.29167 36 111 196 0.70833 78 3.04167
9875000 18 8.55556 35 127 201 0.94444 79 4.11111
9880000 19 8.52632 38 130 189 0.84211 79 3.89474
9885000 24 7.25000 37 133 199 0.83333 80 3.16667
9890000 18 9.27778 38 146 197 0.94444 80 4.33333
9895000 21 8.95238 38 116 210 0.90476 78 3.61905
9900000 20 8.90000 32 132 203 0.90000 79 3.80000
9905000 20 9.15000 33 130 224 0.85000 79 3.80000
9910000 19 8.94737 35 129 206 0.84211 79 4.00000
9915000 21 8.33333 34 130 213 0.90476 78 3.66667
9920000 22 8.31818 32 136 204 0.86364 77 3.40909
9925000 26 7.19231 29 124 203 0.76923 78 2.96154
9930000 19 9.21053 33 132 197 0.89474 78 3.94737
9935000 20 8.85000 32 133 204 0.80000 78 3.75000
9940000 19 9.47368 33 129 212 0.89474 79 3.94737
9945000 18 9.11111 30 149 200 0.83333 76 4.16667
9950000 21 7.80952 24 150 198 0.80952 78 3.52381
9955000 19 8.68421 26 132 205 0.89474 80 3.94737
9960000 20 8.65000 28 127 208 0.80000 80 3.70000
9965000 21 8.42857 32 118 205 0.90476 80 3.61905
9970000 21 8.04762 30 133 211 0.85714 76 3.52381
9975000 22 7.90909 35 128 208 0.77273 79 3.40909
9980000 22 8.31818 30 125 211 0.90909 80 3.45455
9985000 23 7.47826 25 129 208 0.91304 77 3.30435
9990000 30 6.16667 25 108 211 0.80000 78 2.56667
9995000 25 7.36000 29 115 196 0.80000 78 3.00000
10000000 22 7.86364 29 128 202 0.95455 78 3.40909
