# V2 - Timesteps, No of clusters, Mean cluster size, Size largest cluster, No clusters size 1, No prot bound to poly, Fraction clusters bound to poly, No type 2 poly bound to prot, Mean no type 2 in prot cluster
0 19 2.10526 3 203 83 0.47368 4 0.05263
5000 27 2.92593 7 162 133 0.77778 52 0.92593
10000 34 3.85294 15 118 168 0.94118 67 1.50000
15000 37 4.10811 17 93 185 0.94595 72 1.48649
20000 33 4.60606 17 96 188 0.96970 73 1.72727
25000 37 4.27027 17 86 184 0.91892 74 1.72973
30000 36 4.77778 19 72 193 0.94444 71 1.86111
35000 33 5.21212 18 67 189 0.96970 74 2.09091
40000 30 5.60000 20 75 183 0.90000 73 2.23333
45000 30 5.66667 20 77 187 0.90000 69 2.00000
50000 27 6.11111 26 84 192 0.92593 67 2.25926
55000 31 5.51613 27 80 199 0.96774 71 2.12903
60000 34 5.44118 27 67 199 0.94118 69 1.91176
65000 33 5.57576 25 56 196 0.90909 73 2.06061
70000 26 6.57692 23 79 197 1.00000 72 2.57692
75000 32 5.81250 22 66 201 0.93750 75 2.18750
80000 28 6.14286 21 75 209 1.00000 75 2.50000
85000 26 6.57692 21 74 191 1.00000 71 2.65385
90000 28 6.14286 21 67 191 0.92857 72 2.42857
95000 23 6.78261 21 76 185 1.00000 73 2.86957
100000 24 6.58333 21 86 186 1.00000 72 2.75000
105000 26 6.34615 22 76 191 0.96154 74 2.61538
110000 27 6.22222 22 72 191 0.96296 72 2.44444
115000 29 6.31034 22 74 196 0.89655 72 2.31034
120000 25 6.84000 22 76 191 0.92000 74 2.72000
125000 27 6.40741 20 73 193 0.92593 74 2.51852
130000 27 6.40741 19 78 188 0.92593 74 2.55556
135000 27 6.44444 19 76 194 0.96296 72 2.55556
140000 26 6.84615 21 64 195 0.96154 72 2.73077
145000 23 7.08696 20 81 187 1.00000 71 2.95652
150000 24 6.95833 19 75 184 0.91667 73 2.87500
155000 29 5.96552 19 66 193 0.96552 73 2.41379
160000 27 5.85185 19 75 181 1.00000 73 2.55556
165000 25 6.36000 21 76 185 1.00000 72 2.76000
170000 24 6.25000 20 73 173 1.00000 71 2.79167
175000 22 6.90909 32 71 174 1.00000 69 3.00000
180000 23 6.65217 32 88 188 0.95652 74 2.91304
185000 24 6.66667 29 79 183 0.87500 75 2.83333
190000 23 6.65217 24 89 181 1.00000 73 2.95652
195000 25 6.20000 25 83 188 1.00000 73 2.72000
200000 28 5.71429 22 80 186 0.96429 73 2.42857
205000 27 6.07407 21 76 191 0.92593 72 2.48148
210000 29 5.51724 21 79 183 0.89655 74 2.44828
215000 27 5.74074 21 73 175 1.00000 71 2.44444
220000 23 6.26087 20 87 170 0.95652 72 2.78261
225000 22 6.27273 20 94 167 0.95455 72 2.86364
230000 27 5.81481 23 78 173 0.88889 69 2.48148
235000 23 6.47826 23 90 179 1.00000 71 2.78261
240000 27 5.92593 23 86 189 0.96296 72 2.44444
245000 25 6.44000 21 86 182 0.96000 69 2.72000
250000 27 6.25926 21 78 190 0.88889 73 2.55556
255000 28 5.96429 20 89 202 0.96429 75 2.57143
260000 23 6.73913 19 100 190 1.00000 77 2.95652
265000 30 5.50000 19 95 184 0.86667 74 2.43333
270000 25 6.20000 19 103 189 0.96000 77 2.80000
275000 29 5.68966 17 94 190 0.96552 76 2.44828
280000 27 6.00000 18 99 188 0.92593 75 2.44444
285000 31 5.38710 16 85 180 0.96774 78 2.35484
290000 29 6.03448 19 72 198 1.00000 76 2.44828
295000 28 6.42857 20 73 200 0.92857 74 2.53571
300000 28 6.50000 23 71 203 0.92857 75 2.57143
305000 24 7.20833 23 88 198 0.91667 74 2.87500
310000 26 6.73077 24 83 198 0.88462 74 2.73077
315000 28 6.39286 21 78 199 0.89286 74 2.50000
320000 26 6.69231 22 81 203 1.00000 76 2.73077
325000 24 6.91667 26 89 191 1.00000 72 2.87500
330000 24 7.20833 27 86 193 0.91667 72 2.75000
335000 28 6.42857 27 82 200 0.89286 69 2.39286
340000 27 6.40741 27 89 190 0.88889 73 2.62963
345000 27 6.51852 27 96 194 0.88889 74 2.66667
350000 27 6.88889 30 90 205 0.88889 75 2.62963
355000 27 6.59259 28 86 210 0.92593 78 2.74074
360000 30 6.10000 21 73 195 0.90000 77 2.50000
365000 24 7.54167 24 75 199 0.91667 76 3.04167
370000 23 7.60870 23 76 198 1.00000 77 3.21739
375000 24 7.70833 27 75 208 0.95833 76 3.04167
380000 26 7.34615 23 72 220 0.96154 79 2.92308
385000 26 7.65385 23 74 219 0.92308 77 2.80769
390000 26 7.65385 29 74 213 1.00000 78 2.84615
395000 25 7.76000 30 77 219 0.92000 78 3.00000
400000 26 7.30769 29 83 209 0.92308 73 2.73077
405000 25 7.28000 27 82 207 0.92000 75 2.92000
410000 23 7.47826 27 87 196 0.95652 78 3.17391
415000 21 8.33333 30 80 199 0.95238 77 3.52381
420000 26 7.46154 30 72 211 0.84615 76 2.84615
425000 24 7.79167 29 85 213 0.95833 76 3.08333
430000 24 8.04167 26 81 206 0.83333 75 2.87500
435000 22 8.40909 23 82 201 0.95455 75 3.36364
440000 23 8.08696 25 77 206 0.95652 76 3.26087
445000 24 7.50000 26 78 200 1.00000 76 3.08333
450000 28 6.46429 26 73 185 0.82143 76 2.71429
455000 22 7.72727 27 85 189 1.00000 77 3.40909
460000 21 7.85714 27 86 183 0.95238 78 3.52381
465000 23 7.04348 25 85 185 1.00000 80 3.39130
470000 25 6.96000 28 74 193 0.92000 78 3.04000
475000 23 7.00000 28 95 182 0.95652 77 3.26087
480000 23 7.30435 27 89 185 0.91304 77 3.13043
485000 25 7.04000 26 84 199 0.96000 78 3.08000
490000 24 7.37500 29 76 196 0.91667 79 3.12500
495000 29 6.68966 27 62 201 0.86207 77 2.62069
500000 24 7.58333 27 74 188 0.87500 74 3.00000
505000 21 8.19048 25 93 199 0.95238 73 3.33333
510000 23 7.86957 23 88 202 0.95652 75 3.13043
515000 23 8.00000 21 95 225 0.95652 78 3.17391
520000 25 7.76000 27 85 218 0.92000 78 3.00000
525000 27 7.33333 27 78 220 0.96296 77 2.77778
530000 27 7.37037 24 74 216 0.96296 78 2.77778
535000 25 7.84000 27 74 207 0.92000 77 3.04000
540000 26 7.15385 26 78 205 0.92308 78 2.92308
545000 25 7.44000 25 84 203 0.92000 78 3.08000
550000 26 7.19231 22 83 208 0.88462 77 2.92308
555000 24 7.12500 23 70 191 0.83333 78 3.08333
560000 24 6.91667 21 64 182 0.95833 77 3.16667
565000 20 7.60000 20 74 177 1.00000 77 3.70000
570000 23 7.13043 20 60 180 0.95652 76 3.26087
575000 24 6.54167 20 75 177 0.95833 75 3.08333
580000 24 6.66667 19 80 184 0.91667 76 3.08333
585000 25 6.32000 19 82 173 0.80000 76 2.96000
590000 25 6.00000 20 92 170 0.84000 76 2.96000
595000 25 6.28000 21 85 180 0.88000 77 3.00000
600000 21 7.14286 18 88 174 0.95238 77 3.52381
605000 20 7.65000 20 89 174 0.95000 75 3.65000
610000 24 6.62500 19 71 173 0.87500 78 3.16667
615000 21 7.38095 18 87 176 0.90476 78 3.61905
620000 23 6.69565 15 93 185 0.86957 78 3.30435
625000 21 7.52381 19 84 183 0.95238 74 3.52381
630000 19 8.47368 18 88 185 1.00000 76 3.94737
635000 23 7.17391 16 78 183 0.95652 75 3.21739
640000 22 7.27273 17 84 177 0.90909 78 3.36364
645000 21 7.52381 16 98 185 0.90476 79 3.47619
650000 21 7.57143 17 86 181 0.95238 77 3.47619
655000 21 7.57143 18 82 188 0.90476 75 3.47619
660000 18 8.44444 19 78 175 1.00000 74 4.05556
665000 21 7.57143 20 87 184 0.90476 77 3.52381
670000 24 7.12500 23 80 185 0.95833 76 3.12500
675000 23 7.04348 22 84 189 0.95652 78 3.30435
680000 23 7.52174 26 81 191 0.91304 78 3.30435
685000 27 6.62963 28 81 192 0.96296 77 2.85185
690000 23 7.30435 29 88 195 0.95652 78 3.34783
695000 21 7.57143 27 92 181 1.00000 76 3.61905
700000 21 7.76190 29 93 188 0.95238 77 3.57143
705000 22 7.54545 26 89 185 0.86364 78 3.40909
710000 22 7.68182 22 80 191 1.00000 77 3.45455
715000 24 6.91667 23 82 185 0.95833 76 3.08333
720000 25 6.92000 23 63 189 0.92000 77 2.96000
725000 21 7.80952 24 79 185 0.95238 78 3.52381
730000 20 7.95000 25 77 191 1.00000 79 3.75000
735000 21 7.61905 27 75 182 0.90476 79 3.57143
740000 25 6.52000 24 79 187 0.92000 78 3.08000
745000 23 7.34783 29 74 189 0.91304 76 3.21739
750000 24 7.29167 32 80 194 0.91667 76 3.08333
755000 23 7.21739 29 79 188 0.91304 76 3.08696
760000 23 7.39130 29 75 192 0.95652 78 3.21739
765000 22 7.90909 29 70 194 0.95455 76 3.36364
770000 23 6.91304 27 78 186 1.00000 77 3.26087
775000 23 6.82609 27 83 185 0.95652 76 3.21739
780000 25 6.32000 26 79 181 0.88000 76 2.88000
785000 22 7.00000 24 87 169 0.86364 78 3.13636
790000 22 7.40909 24 85 185 0.95455 74 3.18182
795000 23 7.21739 25 77 187 0.86957 76 3.04348
800000 22 7.40909 21 85 187 0.95455 76 3.22727
805000 19 8.36842 22 96 189 1.00000 77 3.57895
810000 23 7.65217 29 75 194 1.00000 76 3.04348
815000 26 6.88462 28 69 200 0.92308 75 2.84615
820000 27 6.85185 24 75 205 0.92593 75 2.77778
825000 23 8.00000 22 78 211 0.95652 74 3.17391
830000 24 7.75000 19 76 197 0.87500 77 3.08333
835000 25 7.56000 20 69 211 0.88000 77 2.96000
840000 22 8.36364 20 77 205 0.95455 75 3.36364
845000 23 8.17391 21 78 209 1.00000 77 3.26087
850000 21 8.52381 27 81 197 0.95238 76 3.57143
855000 23 7.56522 24 74 191 0.82609 76 3.17391
860000 19 8.57895 24 79 192 0.94737 75 3.84211
865000 24 7.58333 26 59 188 0.87500 76 3.08333
870000 23 7.39130 21 67 178 0.78261 76 3.21739
875000 21 7.95238 23 72 193 0.90476 76 3.57143
880000 22 7.54545 23 79 189 0.95455 77 3.40909
885000 21 8.19048 26 77 198 0.90476 76 3.42857
890000 21 8.00000 23 80 186 0.95238 76 3.52381
895000 21 8.14286 26 78 195 0.95238 76 3.47619
900000 20 8.30000 26 93 192 0.95000 74 3.65000
905000 19 8.89474 26 95 198 1.00000 74 3.73684
910000 19 9.36842 26 82 206 1.00000 76 3.84211
915000 21 8.57143 28 75 202 0.85714 76 3.47619
920000 21 8.71429 27 71 203 0.95238 76 3.47619
925000 22 8.36364 26 70 204 0.86364 77 3.40909
930000 18 9.66667 26 74 206 1.00000 77 4.11111
935000 19 9.73684 31 64 205 1.00000 77 4.00000
940000 22 8.22727 31 65 192 0.86364 77 3.45455
945000 20 8.50000 31 66 191 0.90000 77 3.80000
950000 20 8.85000 30 64 189 0.95000 78 3.85000
955000 21 8.09524 28 65 187 0.95238 78 3.61905
960000 19 8.47368 28 74 182 0.94737 77 3.89474
965000 18 8.77778 26 83 191 0.94444 78 4.16667
970000 19 8.68421 25 88 199 0.94737 79 3.89474
975000 22 7.63636 26 74 185 0.90909 74 3.36364
980000 22 7.77273 27 75 189 0.86364 75 3.31818
985000 19 8.84211 25 78 190 1.00000 75 3.73684
990000 20 8.05000 25 89 186 0.95000 75 3.60000
995000 23 7.17391 23 81 185 0.95652 73 3.13043
1000000 22 6.86364 22 79 182 0.95455 74 3.27273
1005000 24 6.33333 22 84 175 0.87500 74 3.00000
1010000 19 7.78947 22 85 172 1.00000 74 3.73684
1015000 23 6.65217 19 75 171 0.95652 76 3.17391
1020000 26 5.96154 19 67 170 0.88462 76 2.80769
1025000 24 6.16667 18 84 169 0.87500 76 3.00000
1030000 23 6.52174 16 91 179 0.95652 76 3.17391
1035000 20 7.20000 17 93 171 1.00000 73 3.45000
1040000 23 6.73913 18 90 182 1.00000 73 3.08696
1045000 22 7.13636 19 93 182 0.86364 73 3.13636
1050000 27 5.92593 17 76 182 0.92593 77 2.70370
1055000 19 7.52632 18 99 176 1.00000 74 3.68421
1060000 21 7.33333 19 91 192 0.95238 77 3.42857
1065000 24 7.04167 21 93 195 0.95833 75 3.04167
1070000 22 7.81818 23 88 201 0.95455 76 3.31818
1075000 21 8.42857 24 82 197 0.95238 77 3.52381
1080000 21 8.71429 26 76 209 0.95238 77 3.47619
1085000 21 8.85714 27 77 204 0.90476 74 3.42857
1090000 18 9.77778 23 82 197 0.94444 74 3.94444
1095000 22 8.18182 24 79 203 0.86364 77 3.27273
1100000 19 8.84211 23 87 181 0.94737 76 3.84211
1105000 17 9.11765 22 87 179 0.88235 73 4.17647
1110000 19 8.63158 29 84 180 0.84211 74 3.78947
1115000 19 8.73684 29 83 181 0.89474 76 3.89474
1120000 20 8.15000 27 89 185 0.80000 75 3.70000
1125000 22 7.95455 28 86 192 0.81818 77 3.36364
1130000 19 9.10526 31 98 201 0.94737 76 3.89474
1135000 19 9.68421 37 88 207 0.94737 74 3.73684
1140000 17 10.76471 39 86 213 0.94118 74 4.29412
1145000 18 10.33333 37 78 209 0.94444 73 4.00000
1150000 18 9.55556 30 82 194 0.83333 75 4.00000
1155000 19 8.89474 29 89 194 0.89474 74 3.78947
1160000 17 9.05882 25 96 187 0.88235 76 4.23529
1165000 16 10.00000 27 94 189 1.00000 76 4.62500
1170000 21 8.33333 26 83 194 0.85714 78 3.47619
1175000 16 10.43750 30 84 193 0.93750 79 4.56250
1180000 16 9.68750 26 91 179 0.93750 78 4.56250
1185000 15 10.80000 32 86 189 1.00000 76 4.86667
1190000 15 11.26667 28 78 192 1.00000 75 4.86667
1195000 18 9.05556 26 71 176 0.88889 77 4.11111
1200000 14 11.14286 26 74 183 0.92857 76 5.07143
1205000 15 9.86667 26 82 169 1.00000 74 4.73333
1210000 20 7.75000 27 82 171 0.90000 78 3.70000
1215000 21 7.90476 27 84 179 0.80952 79 3.42857
1220000 21 7.90476 27 87 186 0.80952 76 3.47619
1225000 20 8.15000 27 90 180 0.95000 77 3.80000
1230000 20 8.70000 31 95 195 0.90000 78 3.80000
1235000 20 8.70000 31 94 189 0.90000 77 3.75000
1240000 20 8.60000 32 90 193 0.85000 78 3.85000
1245000 20 8.90000 30 92 203 0.95000 78 3.80000
1250000 16 10.62500 26 92 197 1.00000 78 4.75000
1255000 16 10.62500 29 100 208 0.93750 78 4.62500
1260000 19 8.52632 28 87 185 1.00000 77 3.94737
1265000 18 9.05556 24 80 187 0.88889 77 4.22222
1270000 19 8.84211 25 77 187 0.89474 78 3.94737
1275000 19 8.94737 26 79 190 0.94737 78 4.05263
1280000 20 8.20000 25 88 189 0.85000 79 3.80000
1285000 18 9.00000 27 95 196 0.83333 78 4.22222
1290000 15 10.66667 32 91 190 0.86667 76 4.86667
1295000 15 10.33333 31 91 180 1.00000 77 4.86667
1300000 21 8.09524 30 76 187 0.85714 76 3.57143
1305000 20 8.20000 28 90 184 0.85000 76 3.75000
1310000 20 8.20000 24 95 188 0.95000 79 3.80000
1315000 19 8.42105 26 92 189 0.94737 77 3.94737
1320000 19 8.78947 28 88 186 0.89474 78 3.84211
1325000 21 7.95238 25 87 189 0.90476 78 3.61905
1330000 21 7.90476 26 88 183 0.85714 78 3.57143
1335000 18 9.16667 31 95 184 0.94444 76 4.16667
1340000 16 10.00000 33 97 193 1.00000 77 4.68750
1345000 23 7.73913 32 87 200 0.78261 77 3.26087
1350000 18 9.27778 27 93 197 0.88889 76 4.05556
1355000 19 8.78947 30 94 189 0.94737 78 3.94737
1360000 22 7.31818 28 91 187 0.95455 79 3.36364
1365000 22 7.45455 30 87 185 0.90909 79 3.45455
1370000 22 7.45455 32 78 183 0.86364 77 3.40909
1375000 20 8.20000 33 78 177 0.95000 77 3.75000
1380000 19 8.15789 29 86 176 0.89474 76 3.78947
1385000 21 7.42857 27 84 186 0.95238 77 3.52381
1390000 20 8.05000 27 85 187 0.85000 74 3.65000
1395000 21 7.71429 26 79 181 0.85714 77 3.52381
1400000 20 8.45000 27 79 187 0.95000 76 3.75000
1405000 21 7.95238 29 80 194 0.95238 78 3.61905
1410000 22 7.54545 28 73 174 0.86364 78 3.45455
1415000 21 7.47619 26 91 181 0.90476 79 3.71429
1420000 22 7.31818 27 81 174 0.90909 79 3.40909
1425000 22 7.27273 30 71 167 0.90909 79 3.54545
1430000 19 7.78947 25 78 174 1.00000 77 4.00000
1435000 18 8.33333 25 80 167 0.94444 79 4.33333
1440000 19 8.00000 22 80 174 0.94737 80 4.10526
1445000 24 6.87500 27 76 171 0.79167 79 3.25000
1450000 19 7.52632 23 83 170 0.94737 78 4.00000
1455000 23 6.78261 25 84 172 0.82609 77 3.26087
1460000 23 6.91304 27 90 172 0.73913 75 3.17391
1465000 16 9.56250 27 107 185 1.00000 78 4.56250
1470000 22 8.18182 28 75 202 0.90909 78 3.40909
1475000 19 9.10526 28 86 190 0.89474 77 3.78947
1480000 20 8.90000 31 86 199 0.85000 77 3.50000
1485000 20 8.50000 28 82 195 0.90000 77 3.65000
1490000 21 7.95238 26 89 193 0.90476 77 3.61905
1495000 15 10.13333 27 103 183 0.93333 77 4.73333
1500000 20 8.50000 26 90 188 0.85000 77 3.65000
1505000 22 8.22727 25 88 198 0.86364 76 3.36364
1510000 22 8.09091 24 94 202 0.86364 78 3.36364
1515000 20 8.50000 23 95 192 0.85000 76 3.75000
1520000 22 8.00000 23 84 192 0.90909 74 3.27273
1525000 23 7.34783 22 89 189 0.95652 76 3.21739
1530000 20 8.35000 24 93 198 0.95000 77 3.75000
1535000 20 8.30000 24 98 188 0.90000 77 3.75000
1540000 20 8.10000 25 100 190 0.90000 78 3.85000
1545000 22 8.09091 26 82 197 0.86364 78 3.50000
1550000 21 8.57143 30 89 201 0.90476 78 3.66667
1555000 21 8.33333 24 85 194 0.85714 79 3.66667
1560000 19 8.78947 25 86 191 1.00000 79 4.05263
1565000 18 8.83333 24 94 177 0.83333 76 4.16667
1570000 18 8.83333 25 89 177 0.83333 74 4.05556
1575000 21 7.80952 24 83 180 0.85714 77 3.61905
1580000 20 7.75000 24 76 171 0.85000 78 3.75000
1585000 21 7.14286 21 80 178 0.80952 77 3.52381
1590000 23 6.73913 18 82 177 0.95652 77 3.30435
1595000 22 7.04545 24 89 186 0.95455 76 3.36364
1600000 19 7.94737 24 96 179 0.84211 76 3.78947
1605000 20 7.70000 22 88 173 0.90000 75 3.60000
1610000 20 7.85000 23 83 177 0.90000 74 3.65000
1615000 18 8.72222 23 85 181 0.94444 75 4.16667
1620000 21 7.42857 21 88 174 1.00000 75 3.52381
1625000 20 8.50000 22 86 184 0.85000 76 3.70000
1630000 24 7.37500 21 87 194 0.79167 77 3.16667
1635000 19 9.10526 20 99 203 0.94737 77 3.89474
1640000 19 8.73684 21 93 192 0.94737 78 3.94737
1645000 21 7.90476 22 87 194 0.95238 78 3.57143
1650000 22 7.31818 22 97 181 0.95455 77 3.45455
1655000 23 7.13043 24 88 185 0.91304 78 3.30435
1660000 20 7.90000 24 87 171 0.90000 77 3.80000
1665000 22 7.31818 22 90 181 0.90909 77 3.40909
1670000 23 7.04348 21 93 185 0.82609 77 3.26087
1675000 19 7.73684 21 97 176 0.94737 76 3.84211
1680000 21 7.28571 20 97 177 0.76190 76 3.52381
1685000 17 7.94118 18 102 158 0.94118 75 4.29412
1690000 19 7.05263 18 99 154 0.94737 76 3.89474
1695000 25 6.04000 21 92 165 0.72000 76 3.00000
1700000 25 5.88000 21 91 162 0.84000 78 3.04000
1705000 19 6.89474 15 94 163 0.94737 78 4.00000
1710000 22 6.81818 15 95 168 0.81818 78 3.40909
1715000 19 8.00000 21 101 178 0.89474 78 4.00000
1720000 18 8.11111 20 112 172 0.83333 79 4.16667
1725000 16 8.87500 18 102 167 0.93750 77 4.68750
1730000 19 7.63158 18 101 162 0.73684 77 4.05263
1735000 18 7.38889 19 117 156 0.88889 76 4.16667
1740000 25 5.80000 19 103 159 0.80000 76 3.00000
1745000 21 6.85714 20 116 177 0.90476 77 3.61905
1750000 25 5.88000 17 118 173 0.84000 76 3.00000
1755000 18 8.16667 20 121 178 0.94444 76 4.16667
1760000 20 7.55000 20 107 172 0.85000 77 3.80000
1765000 23 6.52174 20 105 173 0.69565 77 3.26087
1770000 22 7.09091 19 99 174 0.81818 77 3.50000
1775000 19 8.00000 19 98 179 0.94737 77 4.05263
1780000 23 6.73913 20 90 178 0.82609 79 3.39130
1785000 24 6.75000 20 89 183 0.91667 79 3.25000
1790000 20 7.80000 17 97 181 0.95000 78 3.75000
1795000 20 7.80000 17 103 192 1.00000 80 3.85000
1800000 23 6.73913 16 93 173 0.91304 80 3.43478
1805000 23 7.00000 18 97 186 0.86957 80 3.43478
1810000 20 8.05000 19 96 187 0.90000 79 3.95000
1815000 20 8.20000 18 106 191 1.00000 80 4.00000
1820000 24 7.12500 22 98 200 0.91667 79 3.29167
1825000 20 8.00000 24 116 200 0.90000 78 3.85000
1830000 24 6.91667 20 99 185 0.79167 79 3.16667
1835000 20 7.75000 19 104 183 0.90000 77 3.80000
1840000 21 7.66667 20 109 181 0.90476 77 3.47619
1845000 19 8.05263 20 107 180 0.84211 75 3.73684
1850000 21 7.57143 24 96 182 0.80952 77 3.42857
1855000 23 7.17391 26 102 188 0.95652 75 3.26087
1860000 21 7.23810 24 112 182 0.85714 77 3.47619
1865000 21 7.57143 24 117 190 1.00000 77 3.57143
1870000 24 6.70833 26 107 190 0.91667 77 3.08333
1875000 22 7.09091 26 110 181 0.86364 77 3.18182
1880000 23 7.39130 25 106 191 0.78261 76 3.26087
1885000 25 7.08000 25 96 195 0.88000 77 3.04000
1890000 21 8.04762 21 93 188 0.90476 77 3.61905
1895000 22 7.68182 23 92 190 0.86364 78 3.40909
1900000 23 7.56522 24 93 197 0.95652 79 3.34783
1905000 21 7.71429 22 100 186 0.85714 75 3.52381
1910000 21 7.71429 24 100 184 0.90476 76 3.57143
1915000 19 8.47368 23 101 186 0.89474 76 3.89474
1920000 22 7.77273 25 104 196 0.90909 75 3.36364
1925000 20 8.50000 25 97 191 0.95000 77 3.75000
1930000 17 9.70588 23 99 198 1.00000 75 4.29412
1935000 19 8.68421 25 88 192 0.89474 77 3.84211
1940000 19 9.00000 24 96 198 1.00000 79 4.00000
1945000 18 8.88889 25 102 190 1.00000 80 4.22222
1950000 15 10.13333 27 117 185 1.00000 76 4.73333
1955000 21 8.33333 27 89 203 0.90476 75 3.42857
1960000 17 9.88235 29 92 198 0.88235 75 4.23529
1965000 17 9.47059 30 91 187 0.94118 73 4.17647
1970000 21 7.76190 29 97 188 0.76190 74 3.42857
1975000 17 9.58824 30 103 187 0.82353 77 4.35294
1980000 19 9.31579 27 90 195 0.84211 78 3.89474
1985000 18 9.66667 30 89 197 0.94444 77 4.05556
1990000 18 9.05556 26 88 188 0.83333 75 4.05556
1995000 15 10.66667 27 98 182 0.93333 76 4.86667
2000000 18 9.72222 29 95 201 0.88889 75 4.00000
2005000 18 9.66667 28 103 197 0.88889 76 4.11111
2010000 19 8.73684 29 97 193 0.94737 75 3.84211
2015000 20 8.45000 28 94 197 0.85000 76 3.60000
2020000 21 8.19048 27 98 192 0.90476 73 3.38095
2025000 18 8.83333 24 92 182 0.83333 74 4.00000
2030000 17 9.41176 23 98 189 0.94118 75 4.29412
2035000 20 8.00000 21 91 179 0.90000 74 3.55000
2040000 18 8.61111 22 93 177 0.94444 73 3.88889
2045000 17 9.17647 22 89 180 0.82353 75 4.17647
2050000 20 8.00000 20 83 171 0.85000 75 3.60000
2055000 22 6.95455 20 88 174 0.95455 74 3.31818
2060000 18 8.55556 20 90 183 0.94444 75 3.94444
2065000 23 7.08696 20 85 186 0.91304 76 3.13043
2070000 19 8.26316 22 89 186 0.89474 77 3.73684
2075000 24 7.00000 24 80 185 0.87500 78 3.12500
2080000 20 7.65000 24 80 177 0.95000 77 3.65000
2085000 21 7.19048 25 84 177 0.85714 75 3.38095
2090000 22 6.95455 26 89 173 0.86364 74 3.27273
2095000 18 7.77778 23 104 180 1.00000 77 4.00000
2100000 21 7.19048 25 98 178 1.00000 78 3.61905
2105000 22 7.13636 23 93 184 0.95455 75 3.18182
2110000 25 6.36000 23 96 183 0.92000 76 2.96000
2115000 25 6.40000 25 93 178 0.84000 73 2.84000
2120000 21 6.90476 23 99 175 0.90476 76 3.42857
2125000 25 5.92000 20 94 162 0.76000 74 2.84000
2130000 19 7.42105 24 107 172 0.89474 75 3.73684
2135000 20 7.40000 26 103 179 0.95000 75 3.60000
2140000 26 5.92308 24 98 174 0.84615 77 2.84615
2145000 20 7.30000 28 99 170 0.95000 73 3.50000
2150000 21 7.38095 27 99 176 0.80952 77 3.42857
2155000 26 6.11538 24 103 174 0.84615 77 2.84615
2160000 16 8.81250 23 129 174 1.00000 75 4.43750
2165000 21 7.38095 26 110 179 0.85714 72 3.33333
2170000 19 7.89474 23 113 173 0.84211 74 3.63158
2175000 23 7.04348 23 103 185 0.86957 71 3.08696
2180000 20 7.75000 24 113 183 0.85000 72 3.60000
2185000 22 7.68182 29 98 191 0.77273 71 3.22727
2190000 19 8.21053 26 110 187 0.84211 75 3.73684
2195000 23 6.86957 25 101 188 0.82609 74 3.04348
2200000 25 6.00000 22 100 177 0.84000 74 2.84000
2205000 22 7.00000 28 108 186 0.95455 74 3.27273
2210000 26 6.11538 27 99 176 0.84615 76 2.80769
2215000 21 7.42857 28 106 181 0.95238 75 3.47619
2220000 21 7.33333 31 103 186 0.80952 75 3.28571
2225000 22 6.86364 27 91 170 0.86364 71 3.18182
2230000 20 7.50000 29 93 180 0.95000 74 3.55000
2235000 20 7.55000 24 96 174 0.90000 75 3.55000
2240000 21 7.42857 23 88 180 0.95238 75 3.38095
2245000 20 8.05000 22 92 189 0.90000 75 3.45000
2250000 21 8.00000 24 100 188 0.90476 74 3.28571
2255000 19 9.21053 27 97 202 0.89474 75 3.52632
2260000 19 9.10526 26 98 196 0.89474 72 3.63158
2265000 18 9.05556 22 97 186 0.94444 71 3.77778
2270000 17 9.82353 23 97 193 1.00000 70 4.00000
2275000 19 9.26316 25 88 192 0.84211 74 3.68421
2280000 18 9.33333 24 91 186 0.88889 71 3.83333
2285000 22 7.77273 21 84 185 0.81818 71 3.13636
2290000 19 8.89474 21 89 190 1.00000 76 3.78947
2295000 21 7.76190 21 81 182 0.95238 74 3.42857
2300000 16 9.75000 23 100 184 0.93750 72 4.25000
2305000 20 7.70000 24 97 178 0.90000 74 3.45000
2310000 19 8.05263 23 103 178 0.78947 76 3.47368
2315000 21 7.42857 23 103 192 0.95238 75 3.28571
2320000 24 6.75000 29 92 181 0.95833 80 3.08333
2325000 23 7.21739 30 85 187 0.91304 77 3.08696
2330000 27 6.40741 31 74 189 0.85185 77 2.70370
2335000 21 7.23810 31 97 188 1.00000 76 3.52381
2340000 21 7.47619 31 95 188 0.95238 78 3.61905
2345000 26 6.61538 31 93 187 0.76923 77 2.88462
2350000 21 7.76190 33 88 185 0.85714 76 3.47619
2355000 19 8.31579 29 93 183 1.00000 75 3.94737
2360000 18 8.27778 29 108 184 1.00000 76 4.11111
2365000 24 6.79167 28 91 177 0.75000 78 3.04167
2370000 21 7.42857 28 92 179 0.85714 78 3.57143
2375000 18 8.27778 27 106 168 0.88889 75 4.05556
2380000 20 7.80000 27 114 191 1.00000 76 3.70000
2385000 24 6.70833 25 106 194 0.91667 77 3.12500
2390000 22 7.13636 28 102 186 0.95455 79 3.45455
2395000 23 6.78261 28 107 189 0.91304 79 3.34783
2400000 21 7.80952 28 99 191 0.85714 79 3.57143
2405000 21 7.47619 31 107 191 0.90476 80 3.57143
2410000 19 8.26316 31 100 185 1.00000 79 3.94737
2415000 20 7.65000 29 101 180 0.90000 75 3.65000
2420000 23 6.95652 28 101 185 0.82609 75 3.17391
2425000 21 7.42857 30 106 185 0.90476 76 3.47619
2430000 22 7.40909 27 107 180 0.86364 77 3.27273
2435000 19 8.63158 26 100 200 0.94737 78 3.89474
2440000 22 7.40909 26 106 191 0.86364 75 3.31818
2445000 23 7.17391 27 102 185 0.86957 73 3.17391
2450000 19 8.68421 28 101 184 0.89474 74 3.73684
2455000 16 9.31250 28 108 190 0.93750 75 4.31250
2460000 20 8.20000 28 101 198 0.85000 74 3.45000
2465000 23 7.43478 26 89 193 0.86957 74 3.17391
2470000 24 7.16667 29 88 188 0.95833 75 3.08333
2475000 20 8.55000 28 93 193 0.90000 76 3.55000
2480000 22 7.81818 28 87 189 0.86364 74 3.13636
2485000 23 6.95652 26 97 183 0.73913 74 3.00000
2490000 22 6.95455 27 99 173 0.86364 76 3.27273
2495000 22 7.13636 29 112 188 0.81818 75 3.13636
2500000 22 7.54545 28 103 201 0.95455 74 3.22727
2505000 25 6.92000 31 93 194 0.88000 73 2.88000
2510000 19 8.15789 30 111 185 1.00000 78 3.84211
2515000 20 8.10000 33 104 182 0.80000 77 3.60000
2520000 21 8.09524 29 99 184 0.85714 76 3.52381
2525000 20 8.00000 30 95 182 0.85000 72 3.50000
2530000 24 6.83333 28 93 182 0.91667 72 2.91667
2535000 20 7.70000 25 99 192 0.95000 73 3.45000
2540000 20 7.80000 27 90 183 0.95000 73 3.50000
2545000 22 7.18182 28 84 180 0.86364 73 3.27273
2550000 22 7.40909 25 87 184 0.95455 74 3.31818
2555000 22 6.95455 26 80 167 0.95455 75 3.31818
2560000 19 7.84211 26 74 164 1.00000 72 3.73684
2565000 18 8.27778 26 82 169 0.94444 73 3.88889
2570000 19 7.05263 26 95 164 0.84211 71 3.68421
2575000 19 7.47368 24 92 175 0.89474 75 3.78947
2580000 23 6.69565 27 80 181 0.95652 80 3.39130
2585000 19 7.94737 30 89 169 0.89474 76 3.78947
2590000 20 7.90000 29 94 187 0.95000 76 3.75000
2595000 23 7.30435 29 79 182 0.95652 73 3.17391
2600000 20 8.40000 31 87 193 0.90000 74 3.60000
2605000 20 7.95000 26 83 178 0.85000 77 3.60000
2610000 20 8.40000 27 80 191 0.95000 75 3.65000
2615000 18 9.00000 25 82 188 0.88889 74 4.00000
2620000 17 9.58824 25 81 183 0.94118 73 4.23529
2625000 18 8.77778 26 80 174 0.94444 74 4.05556
2630000 20 8.30000 25 85 188 0.85000 75 3.70000
2635000 18 8.83333 23 88 185 1.00000 77 4.11111
2640000 16 9.25000 23 91 172 0.87500 75 4.50000
2645000 19 8.42105 24 82 185 0.89474 79 3.94737
2650000 21 7.61905 21 84 173 0.90476 79 3.66667
2655000 21 7.66667 21 88 185 0.95238 78 3.57143
2660000 19 8.31579 23 81 183 0.84211 79 4.00000
2665000 19 8.63158 25 83 183 0.89474 79 3.94737
2670000 17 9.29412 25 90 187 0.88235 76 4.47059
2675000 19 8.00000 21 91 176 0.89474 75 3.94737
2680000 17 9.29412 27 93 190 1.00000 73 4.29412
2685000 19 8.52632 31 89 185 1.00000 75 3.84211
2690000 15 10.26667 31 93 178 1.00000 75 4.80000
2695000 20 8.45000 34 71 185 0.95000 76 3.75000
2700000 18 9.05556 33 76 183 0.94444 76 4.16667
2705000 18 8.61111 32 96 177 0.88889 75 4.05556
2710000 22 7.40909 32 83 184 0.68182 77 3.36364
2715000 16 9.75000 35 98 185 0.87500 76 4.50000
2720000 16 9.87500 36 91 185 0.93750 75 4.62500
2725000 14 11.85714 39 95 197 1.00000 77 5.28571
2730000 17 10.05882 37 73 193 1.00000 78 4.47059
2735000 15 10.80000 35 82 190 1.00000 76 5.00000
2740000 14 10.85714 30 82 181 1.00000 76 5.35714
2745000 16 10.37500 32 79 186 0.93750 77 4.75000
2750000 16 9.81250 31 76 178 0.93750 78 4.75000
2755000 15 10.53333 31 80 179 0.93333 78 5.00000
2760000 21 7.66667 27 70 166 0.71429 76 3.52381
2765000 15 9.86667 25 88 173 1.00000 77 5.00000
2770000 17 9.05882 30 91 178 0.88235 77 4.52941
2775000 20 7.90000 30 90 175 0.75000 77 3.80000
2780000 19 7.94737 29 99 161 0.94737 78 4.05263
2785000 21 7.85714 31 86 175 0.71429 79 3.66667
2790000 16 9.81250 31 91 178 0.93750 78 4.75000
2795000 17 9.11765 31 103 180 1.00000 77 4.47059
2800000 16 9.37500 30 98 169 0.68750 78 4.68750
2805000 15 10.40000 30 88 179 0.86667 77 5.06667
2810000 15 10.60000 31 89 188 0.93333 77 5.00000
2815000 17 9.05882 31 81 173 0.70588 75 4.23529
2820000 15 9.86667 30 90 170 0.80000 76 4.80000
2825000 17 9.23529 37 97 187 0.88235 77 4.41176
2830000 17 9.11765 36 98 181 0.88235 78 4.35294
2835000 21 7.57143 38 88 181 0.85714 77 3.66667
2840000 22 7.00000 36 84 176 0.86364 78 3.50000
2845000 17 8.00000 33 89 161 0.88235 77 4.41176
2850000 19 7.73684 37 81 167 0.84211 73 3.84211
2855000 16 8.81250 33 86 160 0.87500 74 4.56250
2860000 19 7.21053 30 84 156 0.84211 74 3.78947
2865000 15 8.46667 30 94 158 1.00000 74 4.80000
2870000 19 7.05263 29 98 169 0.84211 73 3.68421
2875000 18 7.88889 30 99 166 0.88889 77 3.94444
2880000 22 6.72727 29 97 166 0.81818 73 3.27273
2885000 20 7.40000 31 101 172 0.90000 75 3.65000
2890000 20 7.50000 34 99 171 0.80000 74 3.45000
2895000 20 8.25000 35 91 185 0.85000 76 3.75000
2900000 19 8.57895 30 93 185 0.94737 77 3.94737
2905000 17 9.11765 30 95 177 0.88235 75 4.11765
2910000 16 9.75000 32 102 173 0.81250 74 4.50000
2915000 19 8.52632 30 94 179 0.89474 75 3.89474
2920000 16 9.75000 26 96 180 0.93750 76 4.62500
2925000 17 8.94118 25 103 173 0.88235 78 4.41176
2930000 18 8.50000 28 111 194 0.94444 79 4.22222
2935000 17 8.76471 26 99 174 0.82353 76 4.29412
2940000 18 7.88889 23 102 172 0.88889 79 4.16667
2945000 20 7.05000 20 102 157 0.80000 76 3.60000
2950000 14 9.21429 25 119 160 0.85714 73 5.00000
2955000 16 8.43750 27 113 161 0.87500 73 4.43750
2960000 26 5.88462 26 97 164 0.65385 77 2.84615
2965000 13 9.92308 27 117 164 0.84615 78 5.38462
2970000 19 7.63158 29 105 173 0.89474 78 3.94737
2975000 17 7.94118 28 97 156 0.94118 75 4.29412
2980000 15 9.26667 28 105 164 0.93333 73 4.66667
2985000 13 10.46154 30 114 164 0.92308 71 5.15385
2990000 19 7.73684 27 102 176 0.84211 73 3.63158
2995000 17 9.00000 30 101 183 1.00000 79 4.17647
3000000 18 8.50000 30 92 189 0.94444 76 3.94444
3005000 15 9.20000 29 105 169 0.93333 74 4.66667
3010000 15 9.46667 29 99 174 0.86667 76 4.66667
3015000 18 8.00000 37 98 171 0.94444 71 3.77778
3020000 19 8.00000 31 80 166 0.68421 73 3.68421
3025000 17 8.70588 31 97 170 0.94118 75 4.23529
3030000 16 9.25000 33 108 188 0.93750 76 4.56250
3035000 19 8.31579 32 94 179 0.89474 77 3.84211
3040000 18 8.50000 30 86 175 1.00000 77 4.16667
3045000 19 8.36842 30 90 187 0.84211 77 3.73684
3050000 15 10.00000 28 106 180 1.00000 71 4.60000
3055000 16 10.25000 30 100 183 1.00000 72 4.43750
3060000 18 9.16667 33 101 199 0.83333 74 3.94444
3065000 20 8.35000 31 105 197 0.80000 79 3.55000
3070000 20 8.30000 34 98 186 0.80000 76 3.60000
3075000 19 8.68421 34 104 182 0.84211 75 3.84211
3080000 20 8.30000 34 101 190 0.80000 77 3.65000
3085000 16 9.93750 35 100 189 1.00000 75 4.56250
3090000 22 7.68182 35 83 183 0.77273 75 3.22727
3095000 15 11.13333 36 89 192 0.86667 73 4.73333
3100000 17 9.76471 34 93 194 0.82353 73 4.11765
3105000 20 8.55000 37 91 187 0.75000 74 3.55000
3110000 20 8.55000 35 91 192 0.90000 76 3.70000
3115000 22 7.45455 32 86 182 0.77273 78 3.36364
3120000 20 7.85000 30 96 182 0.95000 80 3.75000
3125000 21 8.00000 27 85 185 0.90476 77 3.52381
3130000 19 8.31579 25 96 185 0.89474 76 3.78947
3135000 21 7.85714 25 95 180 0.80952 73 3.38095
3140000 22 7.95455 27 97 197 0.86364 76 3.27273
3145000 23 7.86957 27 90 193 0.78261 76 3.21739
3150000 22 7.86364 28 94 205 0.86364 74 3.31818
3155000 16 9.75000 27 93 178 0.93750 76 4.50000
3160000 21 8.19048 30 83 188 0.80952 75 3.42857
3165000 18 8.77778 29 90 185 0.94444 76 4.05556
3170000 17 9.35294 28 87 184 0.94118 77 4.35294
3175000 22 7.77273 26 75 183 0.81818 76 3.31818
3180000 21 8.09524 27 80 188 0.85714 76 3.52381
3185000 18 8.94444 24 83 185 0.94444 75 4.11111
3190000 19 7.78947 26 95 179 0.94737 75 3.89474
3195000 22 6.90909 26 96 175 0.90909 74 3.31818
3200000 18 8.22222 25 101 173 0.88889 73 4.00000
3205000 20 8.10000 23 87 182 0.95000 75 3.55000
3210000 23 7.30435 24 77 184 0.82609 76 3.17391
3215000 22 7.13636 25 87 178 1.00000 76 3.40909
3220000 21 7.61905 24 83 182 0.90476 77 3.42857
3225000 21 7.42857 31 85 179 0.90476 76 3.47619
3230000 19 8.21053 31 89 179 0.94737 76 3.78947
3235000 19 8.21053 31 88 180 0.89474 76 3.73684
3240000 21 7.28571 26 90 174 0.95238 76 3.47619
3245000 23 6.73913 28 96 179 0.82609 74 3.08696
3250000 21 7.19048 30 99 179 0.90476 77 3.47619
3255000 19 8.15789 31 95 181 0.94737 73 3.78947
3260000 21 7.47619 29 101 187 0.90476 75 3.38095
3265000 23 6.73913 30 94 177 0.91304 75 3.13043
3270000 20 7.70000 29 94 181 0.90000 72 3.40000
3275000 21 7.38095 30 97 187 0.95238 74 3.28571
3280000 22 7.18182 29 95 189 1.00000 73 3.22727
3285000 23 7.17391 32 89 192 0.86957 75 3.08696
3290000 27 6.14815 30 86 183 0.77778 75 2.62963
3295000 25 6.52000 30 93 183 0.92000 76 3.00000
3300000 26 6.07692 28 98 168 0.88462 75 2.84615
3305000 24 6.62500 26 86 181 0.87500 78 3.04167
3310000 21 7.23810 28 96 179 0.95238 78 3.52381
3315000 28 5.85714 29 82 175 0.85714 76 2.57143
3320000 26 6.03846 30 98 173 0.84615 79 2.92308
3325000 23 6.91304 27 99 179 0.86957 74 3.17391
3330000 26 6.38462 27 92 188 0.92308 76 2.80769
3335000 22 6.50000 22 106 166 1.00000 77 3.31818
3340000 26 5.80769 19 99 167 0.84615 75 2.80769
3345000 24 6.29167 19 95 176 0.91667 77 3.08333
3350000 25 6.32000 21 97 176 0.88000 77 2.88000
3355000 25 6.40000 20 87 178 0.84000 77 2.96000
3360000 25 6.52000 22 85 178 0.84000 77 2.92000
3365000 25 6.44000 24 81 184 0.92000 78 3.04000
3370000 25 6.52000 26 89 183 0.84000 77 2.96000
3375000 23 6.82609 24 102 173 0.95652 77 3.34783
3380000 26 6.26923 23 89 180 0.84615 78 2.84615
3385000 28 5.75000 19 89 172 0.85714 77 2.60714
3390000 23 6.60870 20 94 179 0.95652 73 3.08696
3395000 22 6.63636 19 98 173 0.95455 72 3.09091
3400000 21 6.85714 20 99 173 0.95238 72 3.14286
3405000 25 6.04000 19 92 168 0.84000 73 2.76000
3410000 23 6.43478 22 96 177 0.86957 74 3.08696
3415000 20 7.55000 21 99 180 1.00000 74 3.60000
3420000 23 6.78261 20 83 170 1.00000 74 3.21739
3425000 22 7.18182 21 93 188 0.95455 74 3.27273
3430000 21 7.38095 27 89 176 0.95238 74 3.42857
3435000 22 7.40909 27 85 183 0.95455 77 3.40909
3440000 22 6.86364 22 92 172 0.86364 73 3.18182
3445000 22 6.95455 21 93 175 0.90909 76 3.31818
3450000 21 7.00000 20 94 169 0.90476 78 3.52381
3455000 18 7.66667 19 108 182 1.00000 74 3.83333
3460000 26 6.03846 20 89 179 0.92308 75 2.73077
3465000 23 6.30435 18 89 174 0.95652 75 3.17391
3470000 24 5.91667 16 87 170 0.91667 73 2.91667
3475000 27 5.62963 18 87 170 0.85185 75 2.62963
3480000 22 6.40909 17 100 161 0.95455 75 3.13636
3485000 24 6.04167 18 101 168 0.87500 75 3.00000
3490000 23 6.43478 19 91 170 0.82609 74 3.08696
3495000 24 6.33333 17 90 172 0.87500 74 2.95833
3500000 20 7.15000 20 100 178 0.95000 74 3.55000
3505000 21 7.00000 27 88 177 1.00000 78 3.57143
3510000 23 6.95652 27 89 187 0.95652 77 3.26087
3515000 20 7.50000 25 96 183 1.00000 77 3.65000
3520000 24 6.50000 27 86 175 0.91667 76 3.16667
3525000 22 7.04545 29 101 178 0.95455 78 3.36364
3530000 21 7.33333 27 102 182 0.95238 79 3.61905
3535000 22 7.31818 28 98 182 0.95455 76 3.45455
3540000 24 7.00000 26 82 185 0.87500 76 3.08333
3545000 19 8.84211 27 91 187 0.89474 74 3.84211
3550000 19 8.73684 28 93 191 0.94737 75 3.84211
3555000 16 9.68750 29 94 181 1.00000 76 4.56250
3560000 17 9.52941 29 98 184 1.00000 76 4.41176
3565000 18 9.33333 25 99 204 1.00000 75 4.11111
3570000 20 9.00000 26 91 210 0.95000 80 3.75000
3575000 19 9.42105 35 83 199 0.94737 78 4.00000
3580000 20 9.05000 35 83 201 0.95000 80 3.85000
3585000 19 9.26316 33 83 197 0.94737 78 3.89474
3590000 22 7.95455 31 81 189 0.86364 79 3.40909
3595000 21 8.14286 31 91 190 0.90476 79 3.61905
3600000 21 8.09524 32 93 194 0.95238 76 3.57143
3605000 21 7.95238 31 93 187 0.95238 76 3.47619
3610000 21 7.47619 30 88 179 0.95238 76 3.52381
3615000 23 7.26087 35 83 186 0.86957 76 3.30435
3620000 18 9.00000 34 99 191 1.00000 74 4.05556
3625000 20 8.15000 33 97 193 0.90000 78 3.75000
3630000 22 8.09091 33 80 196 0.81818 77 3.45455
3635000 20 9.40000 34 84 208 0.95000 79 3.90000
3640000 18 9.94444 30 92 212 1.00000 78 4.16667
3645000 19 9.36842 31 96 200 0.94737 77 3.94737
3650000 19 9.31579 31 89 207 0.94737 78 4.00000
3655000 23 7.86957 29 91 201 0.91304 79 3.43478
3660000 21 8.14286 27 87 195 0.95238 78 3.57143
3665000 21 8.57143 32 84 203 0.90476 77 3.66667
3670000 16 10.00000 27 86 195 1.00000 76 4.62500
3675000 19 8.57895 28 82 182 0.89474 76 3.89474
3680000 19 8.78947 28 79 178 0.89474 76 3.89474
3685000 20 8.90000 29 72 197 1.00000 77 3.70000
3690000 19 8.78947 26 75 190 0.94737 76 3.78947
3695000 17 9.41176 24 80 182 1.00000 77 4.47059
3700000 21 8.00000 25 85 190 0.90476 78 3.61905
3705000 20 7.75000 23 89 187 0.95000 80 3.90000
3710000 18 8.22222 22 97 172 0.83333 80 4.27778
3715000 21 7.14286 22 100 177 0.85714 80 3.66667
3720000 16 9.56250 22 100 186 1.00000 79 4.81250
3725000 20 7.80000 22 98 179 0.85000 79 3.95000
3730000 18 8.22222 20 102 167 1.00000 78 4.33333
3735000 21 6.80952 20 94 171 0.85714 76 3.61905
3740000 21 6.90476 24 93 165 0.85714 75 3.52381
3745000 20 7.25000 25 98 169 0.95000 77 3.80000
3750000 20 8.05000 25 85 184 0.95000 78 3.80000
3755000 26 6.80769 29 80 179 0.76923 79 2.96154
3760000 21 7.90476 26 88 192 0.95238 77 3.57143
3765000 19 8.89474 27 85 189 0.94737 76 3.94737
3770000 21 8.09524 27 86 196 0.90476 78 3.61905
3775000 19 8.73684 26 88 182 0.94737 76 3.94737
3780000 22 7.59091 24 89 191 0.81818 75 3.40909
3785000 20 7.80000 22 86 170 0.90000 76 3.80000
3790000 19 8.26316 23 83 177 0.84211 77 3.94737
3795000 20 7.85000 23 92 182 1.00000 77 3.80000
3800000 20 8.35000 24 86 187 0.85000 79 3.80000
3805000 19 8.73684 25 90 198 0.89474 79 4.00000
3810000 19 8.78947 27 90 183 0.78947 76 3.94737
3815000 17 8.94118 23 98 175 0.88235 75 4.29412
3820000 19 8.15789 24 93 174 0.89474 76 3.94737
3825000 24 6.87500 21 88 179 0.91667 76 3.12500
3830000 19 8.00000 21 110 182 0.89474 77 3.89474
3835000 21 8.14286 23 101 194 0.85714 74 3.52381
3840000 22 8.00000 25 98 204 0.86364 73 3.27273
3845000 24 7.45833 25 88 201 0.83333 76 3.08333
3850000 23 8.17391 29 96 204 0.86957 78 3.21739
3855000 18 9.83333 27 85 206 1.00000 77 4.11111
3860000 20 8.85000 27 81 192 0.90000 74 3.70000
3865000 23 7.73913 25 76 187 0.78261 77 3.21739
3870000 17 9.17647 24 91 187 0.94118 76 4.29412
3875000 23 7.21739 24 82 182 0.78261 76 3.21739
3880000 21 8.19048 26 79 197 1.00000 77 3.61905
3885000 20 8.50000 29 84 193 0.90000 78 3.75000
3890000 22 7.50000 23 85 179 0.86364 78 3.36364
3895000 21 7.47619 24 87 180 0.90476 76 3.47619
3900000 17 8.70588 23 91 173 0.88235 76 4.29412
3905000 19 8.36842 25 84 178 0.94737 75 3.78947
3910000 18 8.83333 24 88 191 0.94444 77 4.11111
3915000 19 8.26316 23 85 181 1.00000 78 4.00000
3920000 19 7.94737 23 81 170 0.94737 77 4.05263
3925000 18 8.44444 25 81 168 0.88889 77 4.22222
3930000 17 8.76471 26 86 182 1.00000 78 4.52941
3935000 16 9.12500 25 86 169 0.87500 78 4.81250
3940000 16 9.56250 26 84 182 1.00000 78 4.75000
3945000 18 8.44444 28 91 179 0.83333 78 4.22222
3950000 20 7.85000 29 82 178 0.85000 77 3.80000
3955000 20 7.65000 26 89 179 0.80000 75 3.75000
3960000 16 9.56250 27 93 181 1.00000 76 4.68750
3965000 18 8.66667 27 94 188 0.94444 78 4.16667
3970000 21 7.71429 25 92 184 0.90476 80 3.76190
3975000 20 8.15000 23 104 193 0.95000 80 3.90000
3980000 25 6.96000 25 93 186 0.76000 80 3.20000
3985000 17 9.70588 28 97 194 0.94118 81 4.70588
3990000 21 8.14286 28 91 194 0.90476 79 3.76190
3995000 20 8.10000 27 86 183 0.95000 78 3.90000
4000000 18 8.83333 27 89 183 0.94444 79 4.27778
4005000 18 8.38889 27 91 176 0.83333 80 4.33333
4010000 21 7.33333 28 99 172 0.90476 80 3.76190
4015000 23 7.13043 27 99 179 0.82609 79 3.39130
4020000 23 7.00000 27 95 177 0.82609 78 3.34783
4025000 25 6.76000 24 88 178 0.88000 79 3.12000
4030000 21 8.19048 23 93 189 0.95238 77 3.66667
4035000 20 8.65000 22 88 197 0.95000 77 3.80000
4040000 17 9.70588 19 93 195 0.94118 78 4.52941
4045000 22 7.90909 17 87 186 0.81818 78 3.54545
4050000 21 8.09524 21 91 193 0.90476 78 3.71429
4055000 21 8.14286 24 90 197 0.90476 78 3.71429
4060000 17 9.05882 24 100 180 0.88235 77 4.52941
4065000 16 9.62500 25 101 185 1.00000 76 4.68750
4070000 21 7.33333 25 101 176 0.80952 77 3.57143
4075000 23 6.69565 24 94 172 0.82609 79 3.39130
4080000 19 8.21053 24 92 179 0.94737 74 3.84211
4085000 19 8.57895 24 87 193 0.94737 76 3.94737
4090000 18 9.00000 21 80 187 0.94444 77 4.11111
4095000 16 10.00000 22 86 178 0.93750 76 4.43750
4100000 20 7.95000 24 76 181 0.85000 74 3.55000
4105000 18 8.55556 24 81 170 0.83333 72 3.94444
4110000 18 8.44444 24 88 173 0.94444 73 4.05556
4115000 19 8.10526 25 89 178 0.94737 72 3.78947
4120000 22 7.18182 23 83 171 0.77273 72 3.27273
4125000 19 8.15789 26 87 169 0.84211 74 3.73684
4130000 16 9.12500 25 90 169 0.93750 71 4.37500
4135000 17 9.35294 27 89 175 0.76471 72 4.05882
4140000 22 7.77273 29 84 187 0.72727 76 3.31818
4145000 18 9.27778 28 87 185 0.83333 73 3.88889
4150000 21 8.09524 26 92 186 0.85714 74 3.33333
4155000 17 9.47059 26 104 192 1.00000 76 4.29412
4160000 20 8.65000 31 87 187 0.95000 76 3.65000
4165000 18 8.72222 25 91 181 0.88889 75 4.00000
4170000 22 7.04545 24 87 167 0.72727 75 3.27273
4175000 19 7.94737 24 97 174 0.84211 75 3.78947
4180000 22 6.86364 23 105 169 0.81818 77 3.40909
4185000 22 7.22727 26 106 186 0.77273 76 3.27273
4190000 22 7.50000 26 111 183 0.77273 76 3.31818
4195000 21 7.66667 26 105 178 0.76190 76 3.52381
4200000 21 7.71429 28 105 196 0.85714 77 3.47619
4205000 17 9.17647 30 113 189 0.94118 78 4.41176
4210000 21 7.76190 29 96 187 0.85714 76 3.52381
4215000 23 7.26087 27 92 178 0.82609 75 3.21739
4220000 20 8.40000 28 94 195 0.90000 77 3.70000
4225000 17 9.64706 27 96 197 1.00000 75 4.29412
4230000 18 8.55556 25 89 174 0.88889 75 4.05556
4235000 18 8.50000 25 82 176 0.88889 74 4.00000
4240000 18 8.55556 26 87 174 0.88889 77 4.11111
4245000 19 8.21053 29 81 181 0.94737 76 3.84211
4250000 18 9.05556 33 87 195 1.00000 76 4.11111
4255000 17 9.35294 34 96 184 0.94118 75 4.23529
4260000 20 7.95000 29 93 181 0.85000 74 3.55000
4265000 19 8.26316 30 94 173 0.84211 74 3.78947
4270000 19 8.31579 26 87 184 0.94737 75 3.89474
4275000 24 7.08333 30 84 184 0.91667 76 3.12500
4280000 18 9.38889 29 92 198 0.88889 75 4.00000
4285000 21 8.47619 28 79 193 0.90476 77 3.57143
4290000 20 8.10000 31 94 184 0.95000 78 3.80000
4295000 19 8.84211 31 103 199 0.84211 76 4.00000
4300000 22 7.90909 27 96 197 0.86364 75 3.40909
4305000 20 8.45000 25 98 188 0.85000 75 3.45000
4310000 16 10.31250 26 99 196 1.00000 75 4.37500
4315000 20 8.90000 27 96 205 0.95000 75 3.60000
4320000 19 9.52632 27 82 203 0.89474 76 3.78947
4325000 20 9.00000 25 88 209 1.00000 77 3.80000
4330000 23 8.47826 28 83 212 0.82609 77 3.26087
4335000 21 8.61905 29 90 201 0.85714 75 3.47619
4340000 26 7.00000 27 88 201 0.88462 72 2.73077
4345000 24 7.50000 28 95 203 0.91667 74 3.04167
4350000 23 7.91304 29 84 198 0.91304 74 3.08696
4355000 22 8.04545 28 85 196 0.86364 72 3.09091
4360000 19 8.52632 28 86 183 0.89474 72 3.63158
4365000 18 8.11111 26 99 177 0.94444 71 3.72222
4370000 21 7.33333 26 94 178 0.90476 73 3.33333
4375000 21 7.14286 25 94 179 0.90476 77 3.33333
4380000 19 8.31579 27 95 187 0.84211 76 3.63158
4385000 17 9.17647 24 103 189 0.94118 74 4.00000
4390000 17 9.52941 24 111 196 0.82353 72 4.00000
4395000 22 7.95455 24 89 196 0.90909 76 3.27273
4400000 17 9.41176 23 100 193 0.94118 75 4.00000
4405000 21 7.80952 22 89 191 0.90476 74 3.33333
4410000 19 8.05263 22 95 177 0.89474 74 3.68421
4415000 18 8.83333 23 98 178 0.94444 75 4.00000
4420000 20 7.95000 22 113 181 0.90000 76 3.60000
4425000 24 7.08333 19 93 188 0.87500 75 3.08333
4430000 26 6.42308 19 98 176 0.69231 73 2.73077
4435000 24 7.20833 20 91 194 0.87500 73 2.95833
4440000 20 8.30000 21 95 183 0.90000 74 3.55000
4445000 25 6.92000 23 89 188 0.88000 76 2.92000
4450000 21 7.80952 19 102 190 0.90476 75 3.38095
4455000 20 8.30000 21 94 197 0.90000 75 3.55000
4460000 20 8.25000 22 88 192 0.95000 77 3.60000
4465000 18 9.05556 24 89 189 0.94444 74 4.05556
4470000 16 10.12500 24 86 187 0.93750 75 4.50000
4475000 17 8.82353 23 82 176 0.88235 75 4.23529
4480000 17 8.64706 23 91 173 0.88235 76 4.23529
4485000 22 7.13636 23 96 177 0.86364 73 3.27273
4490000 23 6.91304 24 100 185 0.82609 76 3.17391
4495000 24 6.87500 23 93 187 0.79167 77 3.12500
4500000 22 7.27273 24 100 189 0.90909 76 3.40909
4505000 23 6.86957 22 97 178 0.91304 76 3.26087
4510000 24 6.58333 22 93 171 0.79167 79 3.04167
4515000 25 6.32000 24 100 174 0.84000 79 3.04000
4520000 20 7.25000 22 117 161 0.85000 76 3.60000
4525000 23 6.73913 22 106 176 0.86957 78 3.17391
4530000 27 6.07407 21 101 183 0.70370 76 2.66667
4535000 21 7.47619 20 107 195 0.95238 74 3.38095
4540000 19 8.47368 21 107 191 1.00000 77 3.89474
4545000 21 8.14286 21 90 195 0.95238 76 3.57143
4550000 17 10.11765 22 99 203 1.00000 77 4.35294
4555000 21 8.76190 23 92 211 0.90476 74 3.52381
4560000 24 7.70833 23 95 192 0.75000 75 3.08333
4565000 16 10.06250 21 103 194 0.93750 77 4.56250
4570000 22 7.63636 18 87 178 0.72727 76 3.36364
4575000 18 9.16667 19 92 198 0.88889 75 4.00000
4580000 17 8.82353 19 97 175 0.88235 75 4.29412
4585000 16 9.37500 19 98 183 0.93750 73 4.50000
4590000 20 7.50000 19 104 176 0.80000 76 3.60000
4595000 21 7.61905 20 95 183 0.85714 77 3.57143
4600000 20 8.10000 26 87 190 0.80000 78 3.70000
4605000 22 7.72727 26 85 180 0.77273 75 3.36364
4610000 19 8.05263 22 81 175 0.94737 77 3.84211
4615000 20 7.60000 20 92 178 0.90000 74 3.50000
4620000 25 6.24000 19 89 179 0.80000 76 2.84000
4625000 21 7.42857 22 92 180 0.95238 74 3.38095
4630000 22 7.13636 19 91 181 0.86364 78 3.27273
4635000 21 7.80952 20 92 194 0.90476 73 3.42857
4640000 20 7.85000 21 106 185 1.00000 74 3.50000
4645000 22 7.45455 20 104 180 0.77273 76 3.22727
4650000 26 6.53846 22 87 187 0.80769 77 2.76923
4655000 20 8.05000 20 99 191 1.00000 76 3.70000
4660000 26 6.73077 19 84 188 0.88462 74 2.80769
4665000 22 7.50000 20 99 186 0.81818 76 3.31818
4670000 24 7.20833 20 88 191 0.91667 76 3.04167
4675000 19 8.73684 19 88 194 0.89474 73 3.84211
4680000 21 8.04762 17 90 191 0.85714 75 3.52381
4685000 22 7.13636 17 98 189 0.90909 75 3.36364
4690000 19 8.47368 19 94 195 0.84211 76 3.78947
4695000 20 8.10000 25 93 185 0.95000 77 3.70000
4700000 18 8.61111 28 96 189 1.00000 75 4.00000
4705000 16 9.18750 29 104 179 1.00000 73 4.37500
4710000 20 8.15000 27 93 186 0.85000 75 3.55000
4715000 18 8.88889 28 96 184 1.00000 74 3.94444
4720000 17 8.82353 37 101 173 0.88235 73 4.23529
4725000 19 7.36842 34 105 175 0.94737 75 3.73684
4730000 22 7.04545 37 90 170 0.77273 73 3.31818
4735000 18 7.77778 36 100 168 0.88889 74 4.00000
4740000 19 7.68421 37 94 174 0.84211 75 3.78947
4745000 18 8.27778 39 94 175 0.94444 74 4.00000
4750000 18 8.22222 36 92 175 0.94444 74 4.00000
4755000 21 7.66667 34 92 181 0.85714 73 3.42857
4760000 19 8.78947 35 95 185 0.89474 76 3.94737
4765000 19 8.36842 28 92 177 0.89474 75 3.73684
4770000 18 8.72222 27 85 170 0.83333 72 3.88889
4775000 22 7.86364 23 85 184 0.77273 72 3.04545
4780000 15 10.66667 24 111 194 1.00000 73 4.60000
4785000 18 9.50000 25 106 201 0.94444 70 3.83333
4790000 19 9.42105 25 99 195 0.84211 71 3.63158
4795000 18 10.11111 24 90 211 1.00000 74 3.94444
4800000 18 9.94444 25 98 206 0.83333 75 3.88889
4805000 21 8.61905 27 93 208 0.90476 75 3.47619
4810000 19 8.94737 24 94 195 0.94737 78 3.89474
4815000 22 7.45455 24 107 194 0.86364 78 3.45455
4820000 21 8.00000 26 105 199 0.90476 78 3.66667
4825000 22 7.45455 25 93 185 0.95455 77 3.50000
4830000 21 7.38095 24 91 175 0.90476 78 3.61905
4835000 21 7.90476 23 82 187 0.90476 78 3.61905
4840000 18 8.55556 23 92 186 0.83333 79 4.05556
4845000 19 8.31579 24 97 180 0.84211 78 3.89474
4850000 20 7.65000 23 94 175 0.95000 75 3.65000
4855000 23 7.00000 25 92 170 0.78261 77 3.26087
4860000 20 7.90000 29 103 180 0.90000 78 3.80000
4865000 19 8.05263 27 100 172 0.84211 78 3.94737
4870000 26 6.42308 29 93 179 0.76923 74 2.84615
4875000 19 7.68421 28 102 165 0.94737 74 3.89474
4880000 21 7.33333 27 93 180 0.90476 78 3.47619
4885000 18 8.11111 26 94 171 0.88889 75 3.94444
4890000 20 6.95000 24 86 155 0.80000 75 3.55000
4895000 17 7.64706 23 99 157 0.94118 75 4.17647
4900000 19 6.94737 22 105 159 0.84211 76 3.63158
4905000 19 7.05263 24 101 170 0.94737 75 3.68421
4910000 19 7.21053 23 98 161 0.89474 75 3.63158
4915000 16 8.12500 26 109 158 0.93750 75 4.37500
4920000 14 9.28571 24 107 155 0.92857 74 5.00000
4925000 18 7.38889 23 113 165 0.94444 73 3.94444
4930000 19 7.10526 23 108 167 0.94737 75 3.89474
4935000 19 7.42105 22 105 179 0.94737 74 3.78947
4940000 16 8.68750 23 102 167 1.00000 73 4.43750
4945000 19 7.73684 20 101 173 0.94737 72 3.73684
4950000 23 7.17391 20 97 186 0.91304 74 3.08696
4955000 21 7.23810 19 96 178 0.80952 78 3.42857
4960000 23 7.21739 29 83 175 0.82609 77 3.30435
4965000 19 8.84211 36 80 186 0.84211 77 4.00000
4970000 16 9.43750 32 78 169 0.93750 76 4.62500
4975000 18 8.27778 28 85 170 0.88889 75 4.00000
4980000 16 8.37500 24 85 154 0.93750 72 4.43750
4985000 18 8.27778 32 84 168 0.94444 73 4.00000
4990000 20 8.10000 33 70 186 0.95000 73 3.55000
4995000 20 8.00000 32 81 177 0.85000 75 3.65000
5000000 19 8.10526 28 84 173 0.94737 74 3.78947
5005000 19 7.10526 26 99 169 0.89474 74 3.63158
5010000 20 6.75000 27 97 161 0.85000 77 3.55000
5015000 22 6.27273 26 98 161 0.86364 76 3.22727
5020000 23 6.04348 27 99 165 1.00000 73 3.04348
5025000 21 6.85714 28 103 163 0.85714 77 3.33333
5030000 19 7.57895 32 112 184 0.94737 76 3.68421
5035000 20 7.50000 27 108 189 0.95000 77 3.50000
5040000 25 6.76000 28 97 195 0.88000 76 2.80000
5045000 26 6.61538 26 83 197 1.00000 77 2.80769
5050000 25 6.68000 25 83 187 1.00000 78 2.96000
5055000 22 7.31818 23 95 195 0.90909 78 3.31818
5060000 21 7.85714 27 89 187 0.95238 76 3.57143
5065000 19 8.84211 26 86 195 1.00000 76 3.89474
5070000 20 9.05000 28 78 205 1.00000 75 3.60000
5075000 22 8.50000 28 72 198 0.90909 74 3.31818
5080000 21 8.52381 30 82 200 0.90476 74 3.42857
5085000 20 8.80000 30 83 202 1.00000 74 3.65000
5090000 19 9.31579 30 76 198 0.94737 73 3.73684
5095000 19 8.68421 28 86 187 1.00000 73 3.78947
5100000 20 8.00000 25 76 179 0.90000 76 3.60000
5105000 17 8.29412 24 94 166 0.94118 77 4.17647
5110000 22 7.18182 26 86 175 0.90909 77 3.40909
5115000 24 6.70833 27 89 176 0.83333 77 3.12500
5120000 28 6.07143 33 90 195 0.75000 76 2.67857
5125000 22 7.72727 33 93 195 0.86364 78 3.45455
5130000 22 7.45455 31 96 187 0.95455 79 3.54545
5135000 23 7.56522 32 94 202 0.86957 79 3.30435
5140000 22 7.72727 30 94 196 0.95455 77 3.45455
5145000 24 6.87500 34 95 180 0.83333 75 3.08333
5150000 23 7.21739 31 98 182 0.95652 75 3.26087
5155000 25 6.80000 28 98 200 1.00000 76 3.00000
5160000 22 7.54545 29 98 194 0.95455 77 3.45455
5165000 26 6.73077 29 98 195 0.84615 78 2.96154
5170000 26 6.65385 26 96 185 0.80769 77 2.92308
5175000 27 6.96296 26 94 198 0.74074 78 2.85185
5180000 24 7.66667 28 87 207 0.91667 79 3.29167
5185000 23 8.39130 23 79 221 0.95652 77 3.34783
5190000 20 9.75000 23 79 226 1.00000 76 3.80000
5195000 21 8.80952 22 84 215 0.95238 77 3.61905
5200000 24 8.29167 29 68 214 0.87500 77 3.20833
5205000 23 8.43478 28 77 206 0.86957 77 3.34783
5210000 21 8.76190 29 91 211 0.95238 78 3.71429
5215000 21 9.00000 28 78 219 1.00000 77 3.66667
5220000 19 9.57895 29 84 205 1.00000 78 4.05263
5225000 21 8.57143 26 89 208 0.90476 78 3.66667
5230000 25 7.32000 26 87 199 0.84000 77 3.00000
5235000 21 8.52381 26 86 205 0.95238 76 3.52381
5240000 24 7.50000 28 82 197 0.87500 77 3.04167
5245000 23 8.26087 36 82 213 0.91304 75 3.21739
5250000 23 7.86957 35 82 199 0.82609 75 3.21739
5255000 19 9.36842 37 85 200 0.94737 76 3.78947
5260000 20 8.65000 37 89 197 0.90000 76 3.75000
5265000 21 8.23810 34 83 192 0.90476 78 3.52381
5270000 21 8.76190 36 83 201 0.80952 78 3.61905
5275000 20 9.30000 37 80 202 0.80000 78 3.80000
5280000 18 9.77778 32 81 202 0.88889 77 4.11111
5285000 20 9.45000 33 86 206 0.90000 78 3.75000
5290000 17 10.29412 34 85 207 1.00000 76 4.41176
5295000 21 8.61905 34 80 195 0.85714 77 3.57143
5300000 19 8.63158 31 87 189 1.00000 79 4.05263
5305000 22 7.63636 30 91 179 0.77273 79 3.45455
5310000 18 9.00000 30 93 186 1.00000 79 4.27778
5315000 23 7.82609 31 84 201 0.86957 79 3.39130
5320000 24 7.33333 29 82 184 0.83333 77 3.20833
5325000 23 7.73913 27 87 188 0.91304 77 3.34783
5330000 19 8.63158 27 100 184 0.89474 78 4.05263
5335000 22 8.00000 26 86 204 0.90909 78 3.45455
5340000 23 7.78261 26 81 201 0.86957 77 3.34783
5345000 23 7.60870 27 95 201 0.82609 77 3.26087
5350000 22 8.54545 29 84 212 0.90909 78 3.54545
5355000 20 9.25000 28 75 197 0.85000 79 3.90000
5360000 17 10.05882 30 68 190 0.94118 79 4.58824
5365000 19 9.42105 29 72 190 0.89474 77 4.05263
5370000 16 10.31250 27 85 189 0.93750 78 4.81250
5375000 16 10.06250 27 88 182 0.93750 75 4.62500
5380000 17 9.82353 30 84 181 0.88235 77 4.47059
5385000 20 8.60000 26 88 191 0.90000 78 3.85000
5390000 16 10.43750 28 98 195 1.00000 79 4.87500
5395000 16 10.62500 27 88 194 0.93750 77 4.81250
5400000 17 9.82353 28 86 187 0.88235 78 4.47059
5405000 19 8.68421 25 85 187 0.89474 78 4.00000
5410000 20 7.75000 21 88 170 0.80000 74 3.65000
5415000 20 7.50000 20 90 168 0.80000 74 3.70000
5420000 19 8.57895 25 91 181 0.78947 77 4.00000
5425000 20 8.15000 25 85 177 0.80000 79 3.75000
5430000 18 8.44444 28 87 174 0.94444 76 4.22222
5435000 17 8.76471 29 86 173 0.88235 77 4.41176
5440000 17 8.11765 24 87 155 0.88235 76 4.35294
5445000 18 8.22222 28 85 164 0.77778 74 4.05556
5450000 19 7.94737 23 78 165 0.73684 73 3.73684
5455000 17 9.05882 24 87 175 1.00000 75 4.35294
5460000 19 8.57895 24 86 178 0.84211 75 3.73684
5465000 16 10.43750 26 85 193 0.87500 76 4.56250
5470000 17 9.88235 30 78 188 0.88235 78 4.47059
5475000 14 11.64286 32 79 182 1.00000 76 5.35714
5480000 18 8.88889 29 82 172 0.88889 75 4.11111
5485000 19 8.94737 30 85 185 0.89474 77 3.94737
5490000 18 9.33333 32 93 184 0.88889 79 4.22222
5495000 18 9.00000 28 94 192 0.88889 79 4.16667
5500000 19 8.36842 26 83 181 0.89474 77 3.94737
5505000 16 9.81250 28 88 186 1.00000 77 4.75000
5510000 20 7.95000 25 89 169 0.80000 77 3.75000
5515000 19 7.78947 23 104 170 0.94737 77 4.00000
5520000 22 7.22727 28 102 174 0.72727 77 3.45455
5525000 19 8.31579 28 102 192 0.94737 77 4.00000
5530000 20 8.25000 32 93 186 0.85000 76 3.70000
5535000 21 7.76190 34 91 185 0.90476 76 3.57143
5540000 19 8.84211 36 90 184 0.84211 77 3.94737
5545000 19 8.73684 35 87 185 0.89474 77 3.89474
5550000 19 8.52632 32 94 188 0.89474 79 4.05263
5555000 22 7.81818 29 88 190 0.77273 79 3.54545
5560000 20 8.25000 29 90 178 0.80000 79 3.85000
5565000 19 8.15789 29 97 179 0.89474 77 4.05263
5570000 20 7.85000 26 92 168 0.80000 79 3.85000
5575000 22 7.31818 28 93 182 0.95455 80 3.59091
5580000 19 8.42105 27 99 182 0.89474 80 4.21053
5585000 18 9.05556 29 93 189 0.88889 75 4.16667
5590000 24 7.54167 26 81 195 0.83333 77 3.20833
5595000 23 7.56522 27 88 187 0.91304 79 3.43478
5600000 18 9.27778 29 104 193 0.94444 78 4.22222
5605000 20 8.25000 27 97 186 0.90000 79 3.80000
5610000 21 7.90476 31 101 185 0.90476 77 3.61905
5615000 21 7.90476 28 107 192 0.85714 77 3.57143
5620000 20 8.45000 26 101 203 0.90000 76 3.70000
5625000 19 8.68421 28 105 189 0.78947 76 3.78947
5630000 23 7.30435 25 89 183 0.82609 78 3.34783
5635000 24 7.25000 25 80 191 0.83333 77 3.16667
5640000 20 8.15000 24 90 183 0.90000 78 3.80000
5645000 22 7.27273 26 79 178 0.90909 77 3.40909
5650000 19 8.15789 27 79 178 0.89474 77 4.00000
5655000 21 7.80952 30 75 174 0.80952 76 3.61905
5660000 21 7.71429 29 86 176 0.80952 78 3.61905
5665000 22 7.50000 26 84 187 0.86364 79 3.50000
5670000 19 8.63158 27 91 188 0.94737 77 4.05263
5675000 22 7.90909 24 80 193 0.81818 77 3.50000
5680000 18 9.27778 25 86 184 0.83333 76 4.16667
5685000 19 8.94737 24 88 181 0.78947 76 3.94737
5690000 19 8.42105 23 100 187 0.94737 76 3.94737
5695000 16 9.68750 27 102 181 1.00000 74 4.43750
5700000 18 9.00000 27 94 185 0.88889 76 4.05556
5705000 19 8.63158 23 99 193 1.00000 78 3.89474
5710000 19 8.15789 25 102 182 0.89474 77 3.94737
5715000 17 9.41176 28 103 192 1.00000 76 4.29412
5720000 19 8.68421 28 93 189 0.84211 77 3.78947
5725000 18 9.61111 33 81 188 0.88889 76 4.16667
5730000 17 9.58824 31 85 190 1.00000 77 4.47059
5735000 18 9.33333 29 89 194 0.94444 76 4.22222
5740000 20 8.40000 27 92 200 0.95000 77 3.80000
5745000 22 7.77273 23 88 192 0.86364 78 3.45455
5750000 19 9.00000 22 96 196 0.89474 79 4.00000
5755000 15 11.13333 20 96 195 0.93333 78 5.13333
5760000 20 9.00000 23 86 197 0.95000 77 3.80000
5765000 17 10.17647 20 87 199 1.00000 78 4.52941
5770000 21 8.76190 21 82 196 0.85714 78 3.71429
5775000 20 9.10000 25 83 206 0.80000 77 3.80000
5780000 16 10.56250 26 90 198 1.00000 79 4.75000
5785000 18 9.50000 27 89 193 0.83333 78 4.16667
5790000 19 9.26316 26 90 193 0.84211 77 4.00000
5795000 18 9.44444 25 86 187 0.88889 76 4.16667
5800000 16 10.25000 25 81 171 0.81250 74 4.62500
5805000 14 10.28571 23 98 172 0.85714 73 5.21429
5810000 13 11.76923 24 109 191 1.00000 74 5.53846
5815000 14 10.64286 24 106 176 0.92857 73 5.14286
5820000 15 10.46667 26 101 187 0.80000 76 4.86667
5825000 13 11.38462 25 107 178 1.00000 76 5.61538
5830000 19 8.47368 27 96 188 0.84211 75 3.89474
5835000 19 8.15789 26 98 193 0.94737 77 3.94737
5840000 20 8.05000 26 96 187 0.90000 77 3.80000
5845000 18 8.61111 26 96 177 0.88889 79 4.16667
5850000 18 8.33333 20 95 171 0.94444 74 4.05556
5855000 17 8.88235 21 94 174 0.88235 75 4.29412
5860000 17 9.00000 23 96 173 0.88235 74 4.23529
5865000 16 9.50000 26 93 173 1.00000 76 4.68750
5870000 17 9.00000 25 96 173 0.88235 74 4.29412
5875000 17 8.58824 23 106 174 0.88235 75 4.29412
5880000 21 7.47619 23 96 182 0.80952 77 3.61905
5885000 22 7.45455 28 100 188 0.90909 77 3.45455
5890000 18 8.61111 27 92 180 0.94444 79 4.11111
5895000 18 8.83333 27 91 183 0.88889 78 4.05556
5900000 22 7.13636 25 92 179 0.77273 77 3.40909
5905000 23 7.17391 27 87 183 0.82609 76 3.17391
5910000 20 8.05000 27 96 180 1.00000 77 3.80000
5915000 17 8.94118 23 100 183 0.94118 79 4.41176
5920000 23 7.39130 25 95 186 0.86957 80 3.30435
5925000 24 7.54167 25 81 198 0.83333 80 3.20833
5930000 21 8.14286 27 86 183 0.85714 80 3.61905
5935000 20 8.45000 26 81 193 0.95000 77 3.85000
5940000 20 8.55000 28 82 193 1.00000 75 3.75000
5945000 20 8.35000 24 85 185 0.85000 74 3.60000
5950000 18 9.27778 26 88 191 0.94444 74 4.05556
5955000 19 8.84211 25 84 185 0.84211 76 3.89474
5960000 20 7.80000 23 80 181 0.90000 77 3.70000
5965000 16 9.18750 21 96 183 1.00000 77 4.62500
5970000 16 9.06250 20 101 187 1.00000 77 4.56250
5975000 16 9.43750 22 95 175 0.93750 78 4.68750
5980000 18 8.27778 22 88 167 0.94444 76 4.16667
5985000 17 8.94118 22 84 172 0.94118 74 4.35294
5990000 20 8.05000 21 96 194 1.00000 77 3.70000
5995000 22 7.59091 26 87 193 0.90909 76 3.40909
6000000 20 8.30000 27 87 180 0.85000 77 3.75000
6005000 24 7.04167 28 83 179 0.70833 78 3.12500
6010000 19 8.10526 26 98 178 0.89474 79 3.94737
6015000 20 8.05000 27 94 178 0.85000 78 3.75000
6020000 18 8.72222 24 89 174 0.88889 77 4.11111
6025000 16 9.18750 24 102 174 0.87500 78 4.62500
6030000 17 8.82353 23 88 177 0.94118 75 4.35294
6035000 20 7.85000 22 81 181 0.90000 78 3.75000
6040000 18 8.66667 25 85 175 1.00000 75 4.11111
6045000 20 8.45000 23 76 190 0.85000 76 3.80000
6050000 22 7.40909 21 74 172 0.81818 76 3.45455
6055000 19 8.31579 21 89 184 0.94737 75 3.94737
6060000 18 8.66667 25 88 173 0.83333 77 4.05556
6065000 17 9.29412 26 96 175 0.82353 79 4.41176
6070000 19 8.15789 24 104 169 0.84211 76 3.73684
6075000 19 7.36842 21 114 168 0.94737 76 3.89474
6080000 24 6.50000 20 98 172 0.79167 77 3.20833
6085000 21 6.90476 22 92 165 0.80952 76 3.61905
6090000 20 7.80000 20 92 175 0.90000 75 3.75000
6095000 19 8.26316 21 98 186 1.00000 80 4.05263
6100000 20 8.35000 22 84 186 0.90000 78 3.85000
6105000 22 7.31818 25 80 172 0.90909 78 3.50000
6110000 18 8.88889 24 91 180 0.88889 78 4.22222
6115000 22 7.59091 21 81 175 0.72727 77 3.40909
6120000 18 8.83333 23 88 184 0.88889 75 4.16667
6125000 17 8.88235 23 90 188 1.00000 75 4.35294
6130000 19 8.47368 23 85 188 1.00000 76 4.00000
6135000 17 9.23529 22 90 180 0.94118 76 4.41176
6140000 21 8.33333 24 78 193 0.85714 76 3.61905
6145000 18 9.16667 27 92 187 0.88889 76 4.16667
6150000 20 8.40000 27 82 180 0.85000 76 3.70000
6155000 19 8.47368 30 80 182 0.89474 79 3.94737
6160000 16 9.43750 29 93 176 0.93750 80 4.68750
6165000 18 8.88889 31 78 182 0.94444 77 4.11111
6170000 21 7.57143 34 90 179 0.90476 76 3.47619
6175000 20 7.80000 32 84 180 0.90000 77 3.70000
6180000 19 8.15789 33 88 183 0.89474 77 4.05263
6185000 19 8.47368 32 85 188 0.84211 77 3.84211
6190000 19 8.10526 33 91 169 0.89474 76 3.84211
6195000 19 8.42105 30 91 183 0.89474 77 3.89474
6200000 18 8.66667 29 103 185 0.94444 75 4.05556
6205000 18 8.88889 31 100 185 0.88889 77 4.11111
6210000 19 8.52632 29 101 176 0.89474 78 3.84211
6215000 23 7.47826 28 92 188 0.78261 76 3.21739
6220000 21 7.95238 29 106 193 0.76190 77 3.52381
6225000 23 7.08696 29 108 182 0.73913 79 3.30435
6230000 19 8.42105 32 109 183 0.89474 79 4.05263
6235000 23 7.78261 32 91 195 0.91304 79 3.39130
6240000 21 8.14286 31 91 187 0.85714 78 3.66667
6245000 22 7.36364 34 89 181 0.95455 78 3.50000
6250000 26 6.50000 30 78 174 0.88462 77 2.88462
6255000 18 8.61111 31 97 182 0.88889 73 4.00000
6260000 19 8.26316 30 85 174 0.84211 74 3.78947
6265000 20 7.40000 28 97 168 0.85000 73 3.45000
6270000 24 6.62500 27 89 175 0.79167 73 2.91667
6275000 22 6.68182 25 95 177 0.86364 74 3.18182
6280000 24 6.45833 23 95 174 0.75000 75 2.95833
6285000 21 6.90476 24 99 174 0.90476 74 3.33333
6290000 22 6.81818 26 88 165 0.86364 74 3.22727
6295000 17 8.76471 32 88 171 1.00000 74 4.23529
6300000 22 7.22727 33 85 185 0.90909 76 3.31818
6305000 21 7.23810 29 92 167 0.85714 77 3.52381
6310000 22 7.04545 25 90 177 0.95455 75 3.36364
6315000 21 7.52381 26 86 177 0.95238 77 3.47619
6320000 17 8.70588 33 97 175 0.94118 77 4.23529
6325000 19 7.84211 33 93 179 0.94737 75 3.78947
6330000 18 7.83333 22 86 160 0.94444 74 3.94444
6335000 21 6.80952 23 81 150 0.80952 74 3.42857
6340000 24 6.08333 22 98 164 0.79167 76 3.04167
6345000 29 5.44828 23 91 170 0.75862 80 2.65517
6350000 21 7.23810 25 108 175 0.80952 77 3.47619
6355000 19 8.47368 26 111 190 0.94737 77 3.89474
6360000 22 7.59091 20 96 190 0.90909 77 3.40909
6365000 24 7.16667 22 88 185 0.83333 76 3.12500
6370000 23 7.34783 22 87 194 0.82609 75 3.21739
6375000 21 7.90476 25 94 190 0.90476 76 3.57143
6380000 21 7.71429 35 101 186 0.95238 76 3.47619
6385000 20 8.40000 34 85 180 0.90000 74 3.65000
6390000 24 7.58333 30 85 191 0.79167 73 3.00000
6395000 19 8.47368 25 104 187 0.89474 73 3.68421
6400000 19 8.47368 26 98 181 0.94737 74 3.73684
6405000 22 8.09091 29 77 191 0.81818 74 3.36364
6410000 22 8.18182 26 78 191 0.72727 74 3.27273
6415000 18 9.66667 25 87 194 0.94444 73 4.00000
6420000 21 8.33333 24 86 191 0.85714 74 3.47619
6425000 16 10.18750 24 93 195 1.00000 73 4.31250
6430000 20 8.75000 26 85 194 0.85000 73 3.60000
6435000 22 7.90909 28 85 191 0.86364 75 3.13636
6440000 18 9.44444 25 91 197 0.77778 78 3.88889
6445000 21 7.85714 24 87 190 0.90476 78 3.42857
6450000 17 8.88235 25 96 179 0.94118 73 4.11765
6455000 16 9.68750 29 95 179 0.81250 73 4.43750
6460000 16 9.81250 29 91 182 0.87500 74 4.50000
6465000 15 10.86667 29 93 186 1.00000 73 4.66667
6470000 19 9.00000 31 93 191 0.78947 75 3.84211
6475000 18 8.72222 27 96 187 0.88889 76 4.00000
6480000 17 9.41176 32 93 182 0.88235 72 4.11765
6485000 18 8.66667 30 97 179 0.88889 76 4.00000
6490000 17 9.29412 29 96 178 0.94118 77 4.41176
6495000 17 9.11765 28 99 183 0.88235 77 4.41176
6500000 17 9.35294 32 91 182 0.82353 77 4.29412
6505000 15 10.66667 29 91 180 0.93333 77 4.93333
6510000 19 8.68421 30 86 180 0.84211 77 3.89474
6515000 23 7.13043 26 87 185 0.82609 76 3.21739
6520000 21 7.85714 27 92 185 0.95238 79 3.57143
6525000 17 9.41176 29 96 191 0.94118 77 4.35294
6530000 18 8.83333 29 91 191 0.94444 77 4.05556
6535000 15 10.06667 29 94 177 1.00000 77 4.93333
6540000 19 8.68421 32 85 183 0.78947 78 3.94737
6545000 17 9.52941 30 90 188 0.88235 79 4.47059
6550000 18 9.66667 36 81 199 0.88889 81 4.33333
6555000 19 9.47368 34 71 194 0.73684 79 3.94737
6560000 15 11.40000 35 78 195 0.93333 78 5.06667
6565000 18 9.16667 35 79 183 0.88889 77 4.22222
6570000 17 9.41176 34 90 178 0.82353 77 4.47059
6575000 20 8.35000 31 88 182 0.85000 77 3.85000
6580000 20 7.70000 30 95 176 0.85000 75 3.70000
6585000 20 7.65000 32 91 173 0.95000 74 3.70000
6590000 17 8.35294 27 109 166 1.00000 75 4.29412
6595000 20 7.60000 30 102 177 0.85000 75 3.70000
6600000 23 6.95652 29 93 175 0.78261 77 3.26087
6605000 20 7.65000 28 93 177 0.95000 76 3.75000
6610000 19 8.15789 28 96 179 0.84211 75 3.84211
6615000 17 8.52941 25 92 161 0.88235 74 4.23529
6620000 18 7.88889 23 88 167 0.94444 73 4.05556
6625000 14 8.78571 21 104 166 0.92857 73 4.92857
6630000 19 6.73684 16 83 141 0.84211 72 3.68421
6635000 17 7.41176 17 93 155 0.88235 74 4.11765
6640000 21 6.14286 16 97 156 0.80952 72 3.42857
6645000 17 6.82353 12 110 143 0.94118 70 4.05882
6650000 18 6.66667 13 111 156 0.94444 71 3.77778
6655000 19 7.00000 16 111 164 0.94737 74 3.78947
6660000 20 7.25000 19 102 164 0.85000 74 3.55000
6665000 23 6.43478 28 98 175 0.91304 73 3.17391
6670000 22 6.54545 27 101 177 0.90909 77 3.40909
6675000 20 7.00000 24 104 165 0.90000 77 3.65000
6680000 21 6.85714 25 113 177 0.90476 76 3.42857
6685000 21 7.19048 22 107 176 0.85714 74 3.38095
6690000 24 6.37500 20 106 175 0.83333 76 2.91667
6695000 24 6.66667 20 108 190 0.83333 77 3.04167
6700000 22 6.81818 18 110 172 0.86364 78 3.22727
6705000 21 6.90476 20 109 174 0.80952 78 3.38095
6710000 26 6.11538 21 96 170 0.76923 76 2.69231
6715000 25 6.20000 21 100 175 0.84000 75 2.84000
6720000 26 5.92308 21 113 182 0.84615 75 2.84615
6725000 28 5.60714 19 104 176 0.75000 77 2.60714
6730000 22 6.72727 18 109 169 0.90909 76 3.36364
6735000 24 6.25000 17 111 179 0.95833 80 3.20833
6740000 24 6.16667 17 109 179 0.91667 80 3.25000
6745000 28 5.78571 18 102 177 0.85714 78 2.71429
6750000 30 5.50000 19 92 173 0.70000 75 2.46667
6755000 25 6.56000 17 101 181 0.88000 76 2.92000
6760000 26 6.53846 20 96 196 0.96154 76 2.84615
6765000 22 7.45455 25 104 191 0.90909 76 3.31818
6770000 22 7.68182 25 99 192 0.90909 76 3.27273
6775000 19 8.89474 29 96 203 0.94737 78 3.84211
6780000 19 8.47368 30 86 183 0.84211 74 3.73684
6785000 16 8.93750 27 101 184 1.00000 78 4.43750
6790000 18 8.72222 24 91 175 0.94444 73 3.88889
6795000 18 8.50000 27 90 182 0.88889 72 3.88889
6800000 18 8.33333 28 86 177 0.94444 71 3.77778
6805000 15 9.66667 23 95 183 1.00000 74 4.33333
6810000 17 8.82353 26 88 178 0.88235 73 4.05882
6815000 21 7.28571 21 83 170 0.95238 75 3.38095
6820000 17 8.47059 21 108 177 0.94118 74 4.11765
6825000 19 7.94737 25 95 162 0.89474 73 3.73684
6830000 16 9.37500 27 102 182 0.93750 77 4.37500
6835000 18 8.61111 29 106 177 0.77778 76 3.88889
6840000 19 8.36842 24 93 184 0.84211 76 3.84211
6845000 23 7.21739 23 80 186 0.86957 76 3.21739
6850000 20 7.95000 19 85 187 1.00000 78 3.70000
6855000 19 8.42105 22 84 170 0.89474 76 3.84211
6860000 16 9.43750 22 92 185 1.00000 77 4.56250
6865000 17 9.00000 22 90 177 0.94118 77 4.23529
6870000 18 8.94444 23 75 183 0.88889 76 4.05556
6875000 14 10.14286 21 96 179 0.92857 75 5.07143
6880000 18 8.27778 33 89 172 0.77778 75 4.00000
6885000 18 8.16667 22 99 166 0.83333 76 3.94444
6890000 17 8.29412 22 101 158 0.94118 73 4.23529
6895000 21 6.76190 26 96 162 0.85714 76 3.52381
6900000 18 7.22222 29 111 155 0.72222 77 4.00000
6905000 20 6.45000 27 117 153 0.90000 79 3.75000
6910000 22 6.81818 27 111 167 0.77273 77 3.36364
6915000 21 6.90476 26 114 176 0.80952 77 3.57143
6920000 25 6.32000 27 96 169 0.88000 77 2.96000
6925000 20 7.60000 27 98 178 0.95000 76 3.70000
6930000 19 7.57895 26 107 171 1.00000 75 3.78947
6935000 19 7.31579 25 108 166 0.89474 74 3.68421
6940000 18 7.22222 22 110 159 0.88889 74 3.72222
6945000 17 7.23529 22 108 146 0.76471 71 3.88235
6950000 20 6.50000 25 101 159 0.80000 71 3.30000
6955000 21 6.33333 25 99 159 0.85714 74 3.23810
6960000 22 6.40909 27 101 166 0.81818 75 3.27273
6965000 22 6.40909 23 94 162 0.77273 73 3.18182
6970000 21 6.90476 24 97 166 0.80952 72 3.33333
6975000 20 7.10000 22 94 170 0.95000 72 3.55000
6980000 19 7.31579 27 99 174 1.00000 74 3.68421
6985000 20 7.40000 31 91 174 0.90000 74 3.60000
6990000 22 6.72727 28 90 177 0.90909 73 3.18182
6995000 22 6.95455 33 77 184 1.00000 74 3.18182
7000000 29 6.00000 40 66 182 0.86207 77 2.51724
7005000 21 7.52381 36 93 184 0.95238 77 3.47619
7010000 22 7.00000 34 97 180 0.81818 79 3.36364
7015000 21 7.42857 34 89 180 0.85714 78 3.52381
7020000 23 6.82609 33 92 187 0.86957 78 3.21739
7025000 23 6.73913 31 92 178 0.86957 79 3.21739
7030000 20 7.50000 34 91 181 1.00000 79 3.75000
7035000 21 7.14286 32 80 165 0.85714 77 3.57143
7040000 19 7.42105 29 85 169 0.89474 74 3.73684
7045000 19 7.63158 28 89 173 1.00000 73 3.73684
7050000 23 6.56522 28 85 173 0.95652 73 3.08696
7055000 20 7.90000 26 69 168 0.95000 76 3.70000
7060000 21 7.33333 26 82 182 1.00000 76 3.38095
7065000 21 7.42857 26 86 179 1.00000 76 3.47619
7070000 21 7.42857 24 79 174 0.95238 74 3.42857
7075000 19 8.52632 24 75 180 0.94737 76 3.73684
7080000 18 8.83333 22 79 184 1.00000 77 4.11111
7085000 19 8.52632 23 80 184 0.94737 74 3.84211
7090000 19 8.68421 22 88 190 0.89474 76 3.78947
7095000 21 8.28571 24 89 192 0.95238 77 3.61905
7100000 21 8.52381 24 79 198 0.80952 76 3.47619
7105000 18 9.50000 25 88 193 0.88889 77 4.00000
7110000 20 8.55000 27 89 193 0.85000 76 3.65000
7115000 19 9.05263 26 82 204 1.00000 76 3.84211
7120000 20 8.95000 28 79 204 1.00000 77 3.70000
7125000 20 8.55000 27 83 190 0.95000 75 3.65000
7130000 20 8.45000 25 83 186 0.95000 75 3.60000
7135000 20 8.65000 27 75 189 0.80000 75 3.60000
7140000 18 8.88889 26 80 187 0.94444 77 4.11111
7145000 18 8.66667 26 87 181 0.94444 77 4.05556
7150000 21 7.90476 24 68 179 0.85714 72 3.33333
7155000 19 8.15789 25 90 180 1.00000 74 3.73684
7160000 20 8.05000 24 90 179 0.90000 73 3.55000
7165000 20 8.00000 26 93 183 1.00000 76 3.60000
7170000 21 8.14286 26 90 191 0.95238 76 3.47619
7175000 21 7.23810 24 99 178 0.95238 80 3.57143
7180000 23 7.04348 23 95 179 0.78261 76 3.17391
7185000 17 9.23529 26 111 183 0.88235 74 4.11765
7190000 20 8.30000 29 97 182 0.85000 74 3.60000
7195000 22 7.95455 34 74 198 0.90909 75 3.40909
7200000 21 7.66667 29 79 185 0.90476 75 3.52381
7205000 23 7.30435 30 72 186 0.86957 77 3.30435
7210000 22 7.90909 29 73 182 0.86364 78 3.40909
7215000 20 8.00000 27 78 180 0.90000 75 3.55000
7220000 17 8.76471 26 93 169 0.88235 76 4.29412
7225000 18 8.88889 24 86 176 0.94444 75 4.00000
7230000 21 7.47619 23 82 180 0.85714 75 3.57143
7235000 22 7.18182 23 84 176 0.90909 76 3.36364
7240000 23 6.69565 21 89 179 0.95652 75 3.26087
7245000 23 7.04348 25 79 181 0.86957 75 3.17391
7250000 23 6.47826 25 76 169 0.95652 73 3.13043
7255000 21 7.09524 26 78 166 0.90476 76 3.52381
7260000 21 7.09524 23 82 166 0.90476 76 3.52381
7265000 18 7.55556 22 98 166 1.00000 76 4.00000
7270000 23 6.34783 22 87 167 0.91304 73 3.13043
7275000 19 7.15789 20 92 160 0.89474 73 3.63158
7280000 24 6.37500 20 84 163 0.83333 72 2.91667
7285000 18 7.55556 20 96 160 0.94444 72 3.72222
7290000 17 8.11765 17 94 168 1.00000 75 4.00000
7295000 20 7.25000 20 82 179 0.90000 74 3.55000
7300000 22 7.13636 18 72 181 0.86364 74 3.22727
7305000 21 6.85714 18 83 167 0.90476 74 3.28571
7310000 20 6.85000 17 94 167 0.90000 75 3.40000
7315000 25 5.92000 20 84 170 0.92000 77 3.00000
7320000 23 6.13043 19 99 173 0.95652 75 3.13043
7325000 25 5.76000 16 90 164 0.96000 75 2.88000
7330000 25 5.60000 18 94 163 0.88000 78 2.92000
7335000 25 5.20000 15 97 159 0.88000 77 2.92000
7340000 20 6.30000 16 110 168 0.90000 78 3.35000
7345000 24 5.95833 19 85 160 0.87500 76 3.00000
7350000 19 6.84211 20 88 156 0.94737 76 3.78947
7355000 22 6.27273 21 79 154 0.90909 76 3.31818
7360000 22 6.31818 21 91 163 0.90909 75 3.27273
7365000 21 6.95238 23 87 169 0.90476 75 3.42857
7370000 21 7.19048 25 85 169 0.85714 75 3.47619
7375000 21 7.04762 24 87 175 0.85714 71 3.38095
7380000 19 7.42105 23 88 174 0.94737 73 3.68421
7385000 21 6.85714 19 91 164 0.95238 74 3.47619
7390000 23 6.95652 19 77 174 0.86957 77 3.17391
7395000 17 8.94118 24 90 176 0.94118 75 4.29412
7400000 20 8.00000 23 94 180 0.95000 74 3.65000
7405000 20 7.65000 21 88 173 0.85000 75 3.70000
7410000 21 7.80952 19 88 188 0.95238 76 3.52381
7415000 26 6.80769 21 70 188 0.80769 76 2.92308
7420000 20 8.40000 20 77 186 0.95000 78 3.75000
7425000 20 8.60000 20 76 190 0.90000 77 3.75000
7430000 17 9.70588 21 85 196 1.00000 77 4.35294
7435000 20 9.05000 23 84 202 0.85000 78 3.80000
7440000 20 8.80000 22 86 203 0.85000 77 3.80000
7445000 19 9.57895 25 77 193 0.94737 79 4.10526
7450000 17 10.47059 25 80 199 0.94118 77 4.47059
7455000 18 9.27778 25 76 192 1.00000 78 4.22222
7460000 18 9.27778 28 78 195 0.94444 77 4.11111
7465000 19 9.05263 29 76 195 0.94737 75 3.94737
7470000 17 9.70588 27 83 188 0.94118 76 4.41176
7475000 16 9.81250 23 83 182 1.00000 74 4.56250
7480000 20 8.40000 24 77 184 0.95000 76 3.75000
7485000 18 8.72222 22 85 176 0.94444 78 4.05556
7490000 19 8.21053 23 89 173 0.78947 78 4.00000
7495000 16 10.00000 27 86 187 1.00000 74 4.62500
7500000 17 9.58824 26 83 185 0.94118 79 4.52941
7505000 18 9.22222 26 81 195 0.94444 79 4.22222
7510000 18 9.22222 26 87 188 0.88889 77 4.22222
7515000 16 10.31250 27 85 184 1.00000 78 4.81250
7520000 17 9.17647 26 87 184 0.94118 79 4.47059
7525000 16 9.81250 25 88 176 1.00000 79 4.75000
7530000 17 9.41176 24 83 187 0.94118 78 4.52941
7535000 16 9.68750 23 87 176 1.00000 79 4.87500
7540000 20 8.10000 22 74 177 0.85000 78 3.85000
7545000 16 9.12500 20 85 169 0.87500 77 4.75000
7550000 17 8.52941 21 85 167 0.94118 77 4.47059
7555000 18 8.11111 25 91 166 0.88889 77 4.27778
7560000 25 6.20000 22 82 157 0.72000 77 3.04000
7565000 18 8.22222 24 101 176 0.94444 77 4.22222
7570000 19 7.89474 23 103 177 0.89474 76 3.94737
7575000 20 7.60000 26 93 172 0.90000 77 3.75000
7580000 20 7.40000 25 101 167 0.80000 75 3.60000
7585000 24 6.75000 25 91 183 0.87500 78 3.25000
7590000 19 7.94737 23 97 179 0.94737 78 4.05263
7595000 20 7.70000 25 98 176 0.80000 79 3.85000
7600000 20 7.70000 25 95 176 0.95000 79 3.95000
7605000 22 7.04545 26 98 171 0.81818 78 3.36364
7610000 22 7.22727 27 88 181 0.90909 78 3.36364
7615000 21 7.52381 28 88 183 0.85714 77 3.52381
7620000 21 7.80952 27 92 176 0.95238 77 3.61905
7625000 22 7.54545 26 91 188 0.95455 77 3.40909
7630000 21 8.04762 25 75 187 0.95238 78 3.66667
7635000 18 8.66667 23 83 178 0.88889 76 4.11111
7640000 21 7.61905 24 76 182 0.90476 76 3.57143
7645000 19 8.10526 25 84 179 0.94737 76 4.00000
7650000 24 7.25000 29 82 185 0.79167 76 3.16667
7655000 17 9.88235 31 91 192 1.00000 79 4.47059
7660000 22 8.00000 29 80 190 0.90909 79 3.54545
7665000 20 8.65000 27 84 196 1.00000 78 3.90000
7670000 22 7.68182 25 82 183 0.86364 79 3.54545
7675000 23 7.47826 29 80 182 0.73913 75 3.26087
7680000 20 8.10000 27 81 176 0.90000 76 3.80000
7685000 21 7.42857 27 80 179 0.95238 79 3.71429
7690000 22 6.90909 26 87 177 0.86364 76 3.40909
7695000 20 7.20000 26 93 168 0.90000 76 3.75000
7700000 18 7.77778 26 96 172 0.94444 76 4.11111
7705000 23 6.69565 29 90 160 0.73913 78 3.26087
7710000 16 9.31250 28 98 186 0.93750 76 4.68750
7715000 17 8.82353 28 93 180 1.00000 77 4.41176
7720000 21 7.47619 30 85 182 0.90476 78 3.57143
7725000 19 8.15789 27 87 182 0.94737 76 3.94737
7730000 21 8.19048 28 84 186 0.80952 78 3.52381
7735000 16 9.93750 35 97 191 1.00000 78 4.68750
7740000 17 8.94118 29 100 178 0.82353 77 4.29412
7745000 17 9.35294 28 100 184 0.94118 77 4.35294
7750000 18 8.77778 25 90 172 0.94444 75 4.16667
7755000 20 8.05000 24 83 176 0.95000 75 3.75000
7760000 21 8.09524 25 88 194 0.85714 77 3.66667
7765000 17 9.00000 20 99 182 0.94118 75 4.35294
7770000 18 8.83333 24 93 194 0.94444 77 4.05556
7775000 21 7.90476 26 80 187 0.95238 77 3.57143
7780000 20 7.95000 25 80 179 0.95000 75 3.65000
7785000 18 7.61111 24 94 157 1.00000 70 3.83333
7790000 19 7.31579 22 95 163 0.94737 69 3.52632
7795000 21 6.66667 21 95 172 0.90476 71 3.23810
7800000 14 9.42857 24 108 173 0.92857 72 4.71429
7805000 15 9.46667 26 101 172 1.00000 71 4.60000
7810000 21 7.47619 24 92 177 0.90476 75 3.38095
7815000 18 8.50000 27 101 180 0.94444 76 4.05556
7820000 21 7.57143 27 87 177 0.90476 74 3.42857
7825000 21 7.00000 26 97 166 0.85714 73 3.38095
7830000 18 8.55556 28 94 179 0.88889 75 3.83333
7835000 20 8.00000 28 92 184 0.90000 77 3.45000
7840000 21 7.38095 29 89 173 0.85714 74 3.42857
7845000 23 6.73913 26 94 174 0.86957 75 3.17391
7850000 21 7.38095 23 101 181 0.95238 76 3.52381
7855000 24 6.62500 24 99 171 0.87500 78 3.12500
7860000 26 6.23077 23 105 180 0.80769 77 2.84615
7865000 24 6.87500 22 103 191 0.83333 75 3.04167
7870000 26 6.65385 27 87 188 0.84615 76 2.84615
7875000 22 7.86364 30 88 192 0.90909 76 3.36364
7880000 22 7.50000 30 103 189 0.95455 79 3.36364
7885000 23 6.95652 28 97 179 0.82609 78 3.13043
7890000 29 5.68966 23 88 175 0.86207 76 2.55172
7895000 21 7.04762 25 101 165 0.85714 79 3.57143
7900000 21 6.95238 27 104 172 0.80952 77 3.57143
7905000 19 7.52632 31 105 169 0.84211 78 3.89474
7910000 22 6.68182 30 101 164 0.77273 74 3.27273
7915000 22 6.40909 28 102 165 0.77273 74 3.18182
7920000 22 6.77273 27 92 159 0.77273 77 3.27273
7925000 18 8.00000 28 98 173 0.94444 76 4.11111
7930000 21 7.47619 31 95 184 0.95238 79 3.66667
7935000 20 7.75000 31 100 194 1.00000 77 3.75000
7940000 23 7.30435 32 95 192 0.86957 75 3.26087
7945000 24 7.08333 32 84 182 0.91667 76 3.12500
7950000 19 8.89474 34 85 181 0.94737 75 3.84211
7955000 21 7.42857 27 91 175 0.95238 75 3.47619
7960000 24 6.79167 28 84 182 0.83333 77 3.12500
7965000 19 7.73684 30 92 166 0.94737 75 3.94737
7970000 21 7.28571 29 83 173 0.80952 75 3.52381
7975000 22 7.04545 30 95 171 0.81818 76 3.45455
7980000 18 7.88889 28 106 177 0.94444 78 4.11111
7985000 21 6.71429 29 101 173 0.80952 76 3.57143
7990000 21 7.00000 29 98 174 0.95238 76 3.61905
7995000 18 8.16667 29 96 167 0.88889 76 4.11111
8000000 22 6.36364 25 96 168 0.77273 71 3.22727
8005000 21 7.28571 27 95 169 0.80952 71 3.28571
8010000 20 7.75000 27 97 179 0.80000 71 3.40000
8015000 19 8.36842 31 91 192 0.89474 75 3.68421
8020000 18 9.00000 28 91 184 0.94444 75 4.05556
8025000 20 8.00000 27 73 177 0.90000 76 3.65000
8030000 22 7.22727 25 77 177 0.81818 76 3.31818
8035000 19 8.15789 25 81 174 0.89474 76 3.89474
8040000 19 8.10526 20 93 171 0.84211 74 3.78947
8045000 19 8.05263 22 96 181 0.94737 76 3.73684
8050000 18 8.38889 24 105 177 0.83333 78 4.00000
8055000 19 8.31579 23 94 179 0.78947 76 3.68421
8060000 20 7.70000 20 90 177 0.95000 74 3.55000
8065000 19 7.57895 22 93 169 0.89474 75 3.73684
8070000 20 7.50000 24 91 169 0.85000 75 3.65000
8075000 19 7.84211 22 96 165 0.89474 74 3.84211
8080000 22 7.04545 21 81 174 0.95455 73 3.27273
8085000 21 7.33333 21 81 165 0.85714 74 3.47619
8090000 22 7.09091 22 87 174 0.81818 73 3.27273
8095000 19 7.73684 25 99 177 1.00000 74 3.73684
8100000 24 6.41667 27 92 184 0.95833 75 3.04167
8105000 22 7.27273 25 85 182 0.95455 75 3.36364
8110000 20 7.70000 26 90 174 0.90000 75 3.70000
8115000 18 8.38889 23 88 174 0.94444 78 4.11111
8120000 20 7.80000 19 86 178 0.95000 75 3.65000
8125000 20 8.10000 19 80 179 0.95000 76 3.65000
8130000 21 7.61905 16 76 180 0.90476 76 3.52381
8135000 23 7.00000 29 82 178 0.78261 76 3.30435
8140000 17 8.70588 27 90 176 1.00000 77 4.29412
8145000 20 7.50000 27 89 181 0.80000 77 3.65000
8150000 15 9.40000 28 89 169 1.00000 78 4.80000
8155000 19 8.15789 26 87 180 0.94737 76 3.84211
8160000 21 7.66667 27 74 173 0.85714 76 3.57143
8165000 22 7.13636 24 72 172 0.81818 74 3.36364
8170000 16 8.43750 20 98 155 0.93750 74 4.50000
8175000 20 7.65000 26 85 170 0.80000 76 3.70000
8180000 18 7.66667 25 107 174 0.94444 75 4.05556
8185000 17 7.76471 26 103 164 0.94118 76 4.35294
8190000 23 6.30435 23 96 172 0.86957 74 3.17391
8195000 20 6.80000 18 105 166 0.95000 74 3.60000
8200000 17 7.64706 18 108 168 0.94118 76 4.29412
8205000 17 7.94118 20 110 164 0.94118 77 4.29412
8210000 20 6.65000 20 103 155 0.90000 76 3.60000
8215000 18 7.33333 22 105 154 0.83333 75 4.05556
8220000 20 6.70000 23 103 151 0.85000 73 3.65000
8225000 22 6.27273 22 97 150 0.59091 74 3.31818
8230000 16 7.68750 21 109 157 0.93750 75 4.56250
8235000 18 7.55556 19 93 155 0.94444 77 4.11111
8240000 20 6.85000 21 101 156 0.90000 76 3.75000
8245000 18 7.44444 19 96 163 1.00000 78 4.22222
8250000 18 7.61111 21 94 160 0.88889 76 4.11111
8255000 20 7.55000 21 89 175 0.80000 76 3.70000
8260000 18 8.33333 21 92 168 0.88889 76 4.16667
8265000 15 9.73333 22 99 173 0.93333 77 4.93333
8270000 18 8.83333 22 98 183 1.00000 77 4.16667
8275000 16 10.00000 22 91 184 0.93750 77 4.75000
8280000 15 10.20000 21 95 182 0.93333 77 5.06667
8285000 16 9.75000 20 90 177 0.93750 78 4.68750
8290000 16 9.62500 21 94 180 0.93750 80 4.81250
8295000 18 8.72222 20 87 183 0.88889 78 4.27778
8300000 19 8.26316 20 84 179 0.89474 79 4.05263
8305000 19 7.94737 20 91 177 0.89474 76 3.94737
8310000 18 8.44444 22 92 177 0.88889 76 4.05556
8315000 16 9.31250 24 94 170 0.93750 73 4.43750
8320000 15 8.86667 22 94 164 0.93333 75 4.73333
8325000 20 7.60000 28 92 159 0.75000 78 3.65000
8330000 19 8.05263 27 89 169 0.84211 77 3.94737
8335000 21 7.23810 25 88 163 0.80952 78 3.66667
8340000 16 9.00000 27 97 174 1.00000 77 4.75000
8345000 16 9.56250 31 88 170 0.87500 79 4.75000
8350000 17 9.17647 33 90 181 0.88235 79 4.47059
8355000 24 7.33333 33 71 188 0.87500 79 3.29167
8360000 22 7.90909 36 82 200 0.90909 80 3.63636
8365000 19 8.63158 30 78 182 0.89474 80 4.10526
8370000 17 9.52941 42 85 185 0.94118 77 4.52941
8375000 20 8.20000 44 82 187 0.80000 78 3.80000
8380000 20 8.45000 42 76 177 0.85000 77 3.70000
8385000 16 10.25000 43 89 187 0.93750 76 4.62500
8390000 17 9.41176 42 91 183 0.94118 76 4.35294
8395000 19 8.10526 37 89 182 0.89474 78 4.00000
8400000 20 7.85000 33 95 177 0.90000 76 3.70000
8405000 16 8.68750 30 94 175 0.93750 77 4.37500
8410000 20 7.50000 28 86 166 0.85000 73 3.45000
8415000 16 8.56250 31 99 172 1.00000 74 4.31250
8420000 19 7.57895 28 88 169 0.84211 76 3.63158
8425000 18 7.88889 28 91 173 0.88889 76 3.88889
8430000 19 7.84211 27 99 175 0.89474 71 3.47368
8435000 19 8.10526 25 97 193 1.00000 74 3.68421
8440000 22 7.00000 26 99 178 0.86364 76 3.22727
8445000 21 7.61905 28 94 185 0.95238 75 3.47619
8450000 20 7.65000 29 96 178 0.90000 76 3.65000
8455000 20 8.05000 26 84 181 0.90000 76 3.65000
8460000 18 8.88889 30 85 185 1.00000 78 4.27778
8465000 22 7.40909 27 83 187 0.86364 75 3.40909
8470000 20 8.15000 27 88 180 0.85000 78 3.75000
8475000 20 8.10000 25 95 181 0.85000 77 3.70000
8480000 23 7.30435 26 93 181 0.78261 78 3.17391
8485000 19 8.31579 27 96 179 0.84211 76 3.68421
8490000 19 7.94737 25 103 176 0.89474 73 3.73684
8495000 23 7.00000 26 96 183 0.95652 76 3.26087
8500000 22 7.22727 24 101 184 0.81818 76 3.31818
8505000 15 10.26667 26 109 185 1.00000 78 4.93333
8510000 18 9.00000 26 91 179 0.83333 77 4.00000
8515000 17 8.94118 23 103 179 1.00000 76 4.29412
8520000 25 6.44000 26 89 171 0.76000 79 3.08000
8525000 21 7.38095 29 81 176 0.90476 78 3.57143
8530000 22 7.09091 27 86 175 0.81818 76 3.36364
8535000 19 7.63158 24 93 177 0.94737 77 3.94737
8540000 19 7.47368 22 94 166 0.89474 76 3.78947
8545000 19 7.52632 21 99 172 0.94737 73 3.68421
8550000 20 7.25000 21 110 176 0.90000 75 3.60000
8555000 20 7.40000 23 109 176 0.85000 73 3.45000
8560000 25 6.60000 20 98 186 0.80000 74 2.76000
8565000 22 7.13636 21 102 180 0.77273 75 3.22727
8570000 21 7.28571 17 100 172 0.76190 77 3.42857
8575000 18 8.22222 19 105 180 0.88889 77 4.00000
8580000 23 7.17391 20 93 178 0.65217 78 3.17391
8585000 17 8.76471 20 111 188 0.94118 75 4.35294
8590000 25 6.92000 22 93 192 0.84000 76 3.04000
8595000 22 7.81818 23 91 190 0.86364 77 3.45455
8600000 17 9.23529 23 103 180 0.88235 75 4.29412
8605000 14 10.35714 27 117 173 0.92857 75 5.14286
8610000 15 9.80000 24 100 175 1.00000 74 4.86667
8615000 15 9.93333 23 99 182 0.93333 74 4.80000
8620000 21 8.23810 22 86 195 0.90476 75 3.42857
8625000 17 9.52941 24 102 192 0.94118 78 4.23529
8630000 15 10.40000 22 105 181 1.00000 77 4.86667
8635000 19 8.26316 21 101 181 0.89474 78 3.94737
8640000 16 8.93750 22 105 173 0.87500 76 4.50000
8645000 16 9.68750 24 98 186 0.87500 76 4.50000
8650000 23 7.13043 24 89 182 0.82609 75 3.26087
8655000 23 7.34783 22 84 190 0.95652 78 3.26087
8660000 20 8.35000 24 91 197 0.95000 81 3.80000
8665000 20 7.95000 21 97 181 0.95000 79 3.90000
8670000 18 8.50000 19 110 183 0.94444 77 4.05556
8675000 17 9.23529 24 106 181 0.88235 75 4.35294
8680000 21 8.09524 26 91 184 0.71429 75 3.57143
8685000 17 9.88235 27 94 194 0.94118 77 4.41176
8690000 20 8.50000 25 90 190 0.85000 76 3.70000
8695000 20 8.45000 22 80 193 0.90000 76 3.70000
8700000 17 9.52941 23 90 181 0.94118 77 4.35294
8705000 20 8.60000 25 94 190 0.85000 77 3.70000
8710000 20 8.55000 25 89 200 0.95000 78 3.90000
8715000 17 9.94118 26 89 188 1.00000 75 4.29412
8720000 19 9.05263 25 79 189 0.89474 75 3.84211
8725000 17 10.17647 25 88 196 0.88235 76 4.29412
8730000 17 10.11765 21 87 190 0.88235 75 4.41176
8735000 17 9.70588 19 93 188 0.94118 75 4.35294
8740000 19 8.78947 18 103 180 0.73684 75 3.78947
8745000 22 7.95455 18 93 199 0.86364 75 3.36364
8750000 15 11.00000 19 102 195 0.86667 76 5.00000
8755000 21 8.28571 19 86 195 0.85714 77 3.61905
8760000 14 11.35714 24 100 189 1.00000 77 5.42857
8765000 20 8.65000 20 88 190 0.80000 79 3.80000
8770000 21 8.09524 17 88 181 0.80952 78 3.61905
8775000 20 8.40000 16 88 178 0.80000 77 3.65000
8780000 15 10.53333 17 103 187 1.00000 78 4.86667
8785000 18 9.11111 17 95 196 1.00000 78 4.16667
8790000 22 7.77273 15 90 191 0.86364 77 3.45455
8795000 20 8.15000 16 92 190 1.00000 77 3.85000
8800000 20 7.70000 17 101 188 0.95000 77 3.80000
8805000 25 6.48000 17 90 186 0.88000 76 3.04000
8810000 21 7.19048 19 95 176 0.90476 77 3.61905
8815000 19 7.63158 22 88 172 0.94737 77 4.05263
8820000 20 7.60000 22 95 173 0.95000 77 3.80000
8825000 21 7.42857 20 99 181 0.76190 79 3.52381
8830000 17 8.94118 25 104 182 1.00000 77 4.35294
8835000 22 7.59091 27 96 190 0.90909 77 3.40909
8840000 20 8.40000 28 106 194 0.95000 77 3.80000
8845000 21 8.42857 28 95 207 0.90476 76 3.61905
8850000 21 8.28571 26 84 189 0.90476 77 3.66667
8855000 18 9.22222 23 84 192 1.00000 76 4.16667
8860000 18 8.77778 21 90 187 0.94444 76 4.16667
8865000 20 8.20000 21 85 183 0.85000 77 3.75000
8870000 15 10.06667 20 90 173 0.93333 77 5.06667
8875000 15 10.00000 20 99 174 0.93333 76 4.93333
8880000 15 10.13333 18 97 175 1.00000 75 4.93333
8885000 20 8.40000 19 89 186 0.90000 79 3.75000
8890000 22 7.50000 19 93 186 0.81818 78 3.45455
8895000 20 8.05000 20 102 190 0.90000 76 3.70000
8900000 17 8.88235 18 106 180 0.94118 72 4.17647
8905000 19 8.47368 21 97 186 0.89474 75 3.78947
8910000 19 8.73684 18 92 185 0.89474 75 3.73684
8915000 19 8.52632 19 105 197 0.94737 75 3.84211
8920000 21 8.04762 21 99 190 0.85714 75 3.33333
8925000 23 7.56522 23 83 185 0.78261 73 3.04348
8930000 21 7.57143 24 98 191 0.90476 74 3.42857
8935000 22 7.54545 24 87 179 0.90909 77 3.31818
8940000 21 7.66667 22 94 181 0.85714 74 3.38095
8945000 17 9.29412 27 86 187 0.94118 73 4.11765
8950000 20 7.80000 24 93 174 0.85000 76 3.60000
8955000 18 8.77778 24 100 185 0.88889 74 3.77778
8960000 20 7.95000 23 80 180 0.85000 74 3.50000
8965000 22 7.54545 21 78 187 0.95455 73 3.18182
8970000 19 8.21053 22 90 183 0.89474 73 3.57895
8975000 20 7.95000 20 90 185 0.90000 72 3.30000
8980000 19 8.42105 21 93 184 0.89474 75 3.63158
8985000 20 7.55000 20 103 176 0.85000 77 3.65000
8990000 22 7.18182 19 100 186 0.86364 75 3.22727
8995000 22 7.13636 20 98 185 0.90909 70 3.13636
9000000 23 7.21739 20 90 183 0.78261 72 3.04348
9005000 20 8.35000 19 85 198 0.95000 75 3.55000
9010000 24 7.25000 19 87 190 0.83333 72 2.91667
9015000 21 7.90476 19 93 190 0.90476 75 3.38095
9020000 31 6.09677 18 75 195 0.80645 75 2.35484
9025000 22 7.77273 20 90 198 0.95455 76 3.36364
9030000 22 8.00000 23 85 198 1.00000 77 3.45455
9035000 20 8.45000 26 82 188 1.00000 77 3.70000
9040000 22 7.86364 23 86 193 0.86364 76 3.36364
9045000 23 7.73913 26 75 196 0.95652 77 3.30435
9050000 21 8.19048 27 86 194 0.90476 76 3.52381
9055000 23 7.47826 26 83 189 0.86957 76 3.26087
9060000 22 7.22727 26 89 182 1.00000 75 3.31818
9065000 23 6.52174 25 96 169 0.82609 76 3.17391
9070000 21 6.90476 24 104 181 0.95238 78 3.52381
9075000 23 6.91304 23 94 177 0.86957 74 3.08696
9080000 24 6.33333 17 91 162 0.70833 75 2.95833
9085000 21 7.09524 16 94 174 0.95238 74 3.42857
9090000 21 6.76190 18 102 173 0.95238 74 3.42857
9095000 22 6.27273 22 94 163 0.86364 75 3.27273
9100000 21 7.28571 21 90 177 0.95238 74 3.52381
9105000 22 6.59091 20 100 172 0.90909 75 3.36364
9110000 18 8.00000 20 109 174 0.94444 75 4.05556
9115000 24 6.37500 18 104 168 0.75000 75 3.04167
9120000 26 6.50000 19 102 198 0.84615 78 2.88462
9125000 22 7.27273 23 113 188 0.81818 78 3.45455
9130000 21 7.61905 22 101 180 0.90476 79 3.61905
9135000 18 8.83333 20 99 187 1.00000 80 4.22222
9140000 18 9.00000 18 91 189 0.94444 79 4.22222
9145000 17 9.23529 20 91 181 1.00000 78 4.47059
9150000 19 8.26316 22 79 179 0.94737 78 4.05263
9155000 23 7.17391 18 72 178 0.86957 78 3.34783
9160000 19 8.47368 20 91 191 0.94737 78 4.10526
9165000 20 8.40000 20 81 197 1.00000 79 3.90000
9170000 17 9.41176 23 80 182 1.00000 78 4.47059
9175000 17 9.52941 24 81 179 0.94118 78 4.58824
9180000 20 8.25000 25 80 185 0.95000 78 3.85000
9185000 20 8.60000 28 76 188 0.85000 78 3.85000
9190000 18 9.38889 30 80 194 1.00000 79 4.27778
9195000 19 8.84211 30 84 183 0.84211 78 4.00000
9200000 18 9.16667 25 87 182 0.88889 78 4.16667
9205000 18 9.38889 22 85 186 0.94444 76 4.11111
9210000 16 10.31250 23 89 197 1.00000 76 4.62500
9215000 19 9.00000 24 87 186 0.78947 75 3.84211
9220000 15 11.46667 27 83 197 1.00000 79 5.06667
9225000 20 9.25000 28 73 196 0.85000 79 3.90000
9230000 18 9.22222 24 81 184 0.94444 79 4.33333
9235000 19 8.78947 26 80 182 0.84211 78 4.10526
9240000 17 9.11765 23 78 176 0.94118 80 4.58824
9245000 19 7.84211 22 79 170 0.89474 81 4.15789
9250000 19 7.52632 20 95 177 0.89474 78 4.05263
9255000 21 7.14286 20 93 175 0.80952 76 3.47619
9260000 22 7.13636 20 86 187 0.86364 77 3.36364
9265000 21 7.42857 22 79 185 1.00000 78 3.61905
9270000 23 7.47826 26 66 182 0.82609 77 3.26087
9275000 19 7.89474 25 84 168 0.89474 75 3.89474
9280000 18 8.16667 21 81 171 0.94444 75 4.05556
9285000 23 6.78261 21 79 167 0.86957 74 3.21739
9290000 19 7.52632 21 91 170 0.89474 76 3.84211
9295000 21 7.14286 21 89 169 0.90476 78 3.61905
9300000 21 7.14286 23 93 174 0.85714 76 3.61905
9305000 20 7.05000 19 98 167 0.90000 77 3.75000
9310000 25 5.96000 19 82 168 0.88000 76 3.00000
9315000 20 7.10000 18 98 171 0.95000 75 3.70000
9320000 19 7.36842 19 102 170 0.94737 76 3.84211
9325000 23 6.56522 21 86 176 0.91304 78 3.30435
9330000 21 7.23810 23 83 172 0.90476 75 3.52381
9335000 20 7.65000 23 82 178 1.00000 76 3.80000
9340000 20 8.00000 21 78 181 0.90000 78 3.85000
9345000 20 7.80000 20 81 179 0.95000 76 3.70000
9350000 17 8.41176 19 89 178 0.94118 80 4.35294
9355000 22 7.04545 22 77 168 0.90909 78 3.50000
9360000 20 7.45000 20 93 160 0.85000 76 3.70000
9365000 20 7.35000 31 89 162 0.80000 74 3.65000
9370000 19 7.42105 22 87 159 0.94737 75 3.89474
9375000 18 7.83333 26 91 167 0.88889 74 4.05556
9380000 15 9.00000 27 109 165 1.00000 74 4.80000
9385000 20 7.45000 26 88 165 0.85000 76 3.70000
9390000 22 7.18182 24 83 171 0.81818 77 3.45455
9395000 17 9.05882 22 87 170 0.88235 75 4.29412
9400000 15 9.33333 22 100 162 0.93333 75 4.86667
9405000 21 7.04762 19 94 167 0.71429 76 3.42857
9410000 19 7.94737 19 93 170 0.89474 76 3.89474
9415000 20 7.75000 20 98 178 0.85000 73 3.60000
9420000 19 7.84211 23 93 181 0.89474 73 3.73684
9425000 22 7.22727 23 88 175 0.81818 73 3.27273
9430000 20 7.90000 23 83 175 0.95000 76 3.65000
9435000 19 8.42105 23 85 185 0.94737 73 3.68421
9440000 21 7.76190 23 85 180 0.90476 73 3.33333
9445000 20 8.40000 21 86 199 0.85000 75 3.50000
9450000 20 7.95000 20 91 179 0.80000 73 3.40000
9455000 16 9.75000 19 100 190 1.00000 74 4.25000
9460000 19 8.84211 21 95 207 0.94737 76 3.78947
9465000 21 7.90476 21 100 187 0.80952 76 3.42857
9470000 23 7.43478 23 93 197 0.95652 75 3.17391
9475000 17 9.88235 24 101 193 0.88235 74 4.05882
9480000 20 8.85000 28 97 203 1.00000 76 3.55000
9485000 21 8.23810 26 89 200 0.85714 76 3.38095
9490000 16 10.62500 24 95 201 0.87500 73 4.31250
9495000 18 9.33333 23 93 196 0.77778 73 3.83333
9500000 16 10.18750 21 82 199 1.00000 78 4.50000
9505000 17 8.88235 21 85 176 0.94118 76 4.41176
9510000 16 9.43750 27 90 184 0.93750 74 4.50000
9515000 17 9.11765 29 90 180 0.94118 76 4.35294
9520000 15 10.06667 30 90 167 0.93333 71 4.53333
9525000 16 9.56250 33 88 180 0.93750 72 4.37500
9530000 13 11.30769 32 95 181 1.00000 74 5.38462
9535000 20 8.05000 30 79 181 0.90000 70 3.40000
9540000 19 8.26316 28 81 168 0.94737 70 3.63158
9545000 15 10.26667 30 90 179 1.00000 70 4.46667
9550000 20 7.95000 27 84 177 0.80000 75 3.50000
9555000 15 10.40000 29 90 188 1.00000 76 4.73333
9560000 19 8.31579 27 97 179 0.84211 73 3.73684
9565000 20 8.40000 27 88 191 0.95000 76 3.70000
9570000 20 8.50000 34 89 190 0.85000 77 3.65000
9575000 20 8.65000 34 95 192 0.85000 75 3.60000
9580000 17 9.76471 37 105 203 1.00000 76 4.35294
9585000 20 8.80000 37 91 194 0.85000 74 3.65000
9590000 20 8.80000 35 97 196 0.80000 76 3.65000
9595000 22 8.18182 32 98 204 0.86364 77 3.45455
9600000 26 7.26923 34 97 208 0.92308 77 2.92308
9605000 20 8.95000 32 100 208 0.90000 77 3.75000
9610000 18 9.33333 29 98 189 0.88889 77 4.11111
9615000 19 8.78947 30 87 189 0.89474 76 3.78947
9620000 19 8.42105 24 87 185 0.94737 78 3.84211
9625000 21 8.14286 25 82 198 0.90476 77 3.57143
9630000 20 7.95000 25 85 180 0.85000 78 3.75000
9635000 18 9.05556 30 85 188 0.88889 76 4.16667
9640000 21 8.28571 29 81 185 0.76190 76 3.57143
9645000 19 8.78947 25 89 192 0.84211 78 4.05263
9650000 17 9.11765 24 98 187 0.94118 79 4.47059
9655000 20 8.50000 26 88 190 0.90000 78 3.80000
9660000 20 7.95000 24 90 186 0.90000 78 3.85000
9665000 19 8.31579 21 91 187 0.94737 77 4.00000
9670000 24 7.12500 21 85 191 0.83333 76 3.08333
9675000 19 8.31579 20 88 181 0.94737 76 3.89474
9680000 18 8.83333 20 89 177 0.94444 76 4.16667
9685000 19 8.31579 22 92 171 0.78947 74 3.84211
9690000 19 8.42105 20 93 185 0.89474 76 3.84211
9695000 24 6.66667 20 99 173 0.79167 77 3.04167
9700000 19 7.94737 21 101 177 0.94737 78 3.84211
9705000 20 7.15000 19 95 173 0.85000 79 3.70000
9710000 18 7.55556 18 105 174 1.00000 77 4.05556
9715000 19 7.73684 22 98 174 0.89474 77 3.78947
9720000 21 7.23810 24 100 164 0.85714 76 3.42857
9725000 19 7.84211 24 103 169 1.00000 78 4.00000
9730000 20 7.80000 26 85 164 0.75000 77 3.75000
9735000 16 9.12500 28 89 165 0.93750 75 4.56250
9740000 17 8.47059 28 93 160 0.94118 75 4.35294
9745000 18 8.00000 26 95 173 1.00000 75 4.00000
9750000 22 6.54545 25 88 166 0.81818 76 3.27273
9755000 19 7.36842 27 98 164 0.94737 75 3.78947
9760000 22 6.45455 26 96 165 0.77273 71 3.18182
9765000 22 6.36364 24 94 172 0.90909 72 3.18182
9770000 25 6.00000 24 92 164 0.84000 75 2.80000
9775000 19 7.21053 20 103 171 0.89474 72 3.63158
9780000 24 6.29167 19 95 171 0.91667 77 3.00000
9785000 19 8.15789 25 104 185 0.94737 78 3.84211
9790000 22 7.81818 31 83 188 0.90909 78 3.50000
9795000 22 7.59091 27 98 186 0.86364 77 3.45455
9800000 20 7.70000 26 98 189 0.95000 75 3.70000
9805000 23 6.82609 24 108 177 0.82609 75 3.21739
9810000 20 7.30000 21 112 168 0.90000 74 3.60000
9815000 23 6.65217 21 103 181 0.91304 75 3.08696
9820000 22 7.13636 19 103 189 0.95455 76 3.31818
9825000 19 7.57895 24 116 180 0.94737 75 3.89474
9830000 26 6.11538 22 94 186 0.88462 77 2.88462
9835000 26 6.00000 22 104 168 0.80769 75 2.80769
9840000 23 5.91304 19 105 156 0.91304 79 3.30435
9845000 22 6.27273 15 98 168 1.00000 74 3.27273
9850000 24 5.75000 16 98 164 0.91667 74 3.00000
9855000 26 5.92308 19 92 173 0.88462 73 2.76923
9860000 21 7.28571 19 106 187 0.95238 73 3.42857
9865000 22 6.90909 21 107 185 0.86364 74 3.18182
9870000 19 7.63158 22 108 177 0.84211 77 3.78947
9875000 22 6.81818 21 118 174 0.81818 78 3.40909
9880000 22 6.54545 21 112 168 0.86364 76 3.18182
9885000 26 6.00000 25 98 172 0.80769 73 2.73077
9890000 22 6.63636 25 94 166 0.90909 72 3.18182
9895000 18 7.61111 23 105 164 0.94444 74 3.94444
9900000 18 8.05556 23 104 172 0.83333 75 3.88889
9905000 16 9.25000 24 105 177 0.93750 74 4.43750
9910000 14 10.35714 25 99 171 1.00000 75 5.28571
9915000 17 9.29412 27 95 186 0.82353 75 4.29412
9920000 18 9.00000 24 88 192 0.77778 75 4.11111
9925000 17 9.23529 22 89 186 0.94118 74 4.23529
9930000 15 10.53333 22 100 188 0.93333 74 4.86667
9935000 15 10.86667 23 91 192 1.00000 77 5.00000
9940000 17 9.23529 22 94 178 0.76471 78 4.35294
9945000 19 7.94737 20 97 173 0.94737 77 4.00000
9950000 17 8.41176 21 97 171 0.94118 75 4.29412
9955000 15 8.73333 20 102 157 0.86667 73 4.73333
9960000 17 8.00000 24 92 160 0.88235 76 4.23529
9965000 17 8.00000 23 99 161 0.94118 76 4.41176
9970000 19 7.47368 22 92 161 0.84211 73 3.73684
9975000 19 7.21053 20 90 158 0.89474 73 3.78947
9980000 20 6.80000 19 88 155 0.75000 72 3.50000
9985000 21 6.80952 20 90 164 0.85714 72 3.42857
9990000 16 9.00000 21 91 167 0.93750 74 4.43750
9995000 15 9.13333 22 92 165 1.00000 74 4.66667
10000000 18 8.22222 25 96 170 0.77778 74 3.88889
