# V2 - Timesteps, No of clusters, Mean cluster size, Size largest cluster, No clusters size 1, No prot bound to poly, Fraction clusters bound to poly, No type 2 poly bound to prot, Mean no type 2 in prot cluster
0 9 2.00000 2 180 74 0.44444 4 0.00000
5000 25 2.48000 4 141 118 0.88000 46 1.00000
10000 37 2.72973 6 107 129 0.94595 55 1.16216
15000 33 3.30303 7 97 140 0.93939 57 1.27273
20000 27 4.29630 10 93 157 1.00000 66 1.70370
25000 30 4.40000 11 80 161 0.96667 66 1.76667
30000 32 4.43750 12 61 166 1.00000 67 1.90625
35000 31 4.58065 12 61 162 0.96774 70 1.93548
40000 30 4.76667 13 59 161 0.93333 70 2.06667
45000 27 5.11111 14 63 158 0.92593 68 2.29630
50000 26 5.38462 16 58 154 1.00000 68 2.42308
55000 27 5.25926 15 54 168 1.00000 73 2.33333
60000 29 4.93103 15 52 161 1.00000 73 2.24138
65000 28 5.00000 12 51 161 1.00000 71 2.42857
70000 29 4.96552 12 47 154 0.96552 72 2.37931
75000 24 6.29167 14 45 163 0.95833 71 2.75000
80000 24 6.12500 13 40 167 1.00000 73 2.79167
85000 23 6.43478 15 50 161 1.00000 71 2.91304
90000 24 6.41667 14 53 167 0.95833 72 2.83333
95000 21 7.00000 15 63 171 1.00000 73 3.23810
100000 21 6.71429 13 66 162 1.00000 76 3.19048
105000 23 6.34783 15 59 171 1.00000 72 3.04348
110000 26 5.92308 15 54 166 0.92308 72 2.65385
115000 25 5.72000 13 63 160 0.92000 74 2.76000
120000 22 6.40909 16 70 164 1.00000 76 3.13636
125000 25 5.96000 16 57 167 1.00000 79 2.96000
130000 24 5.70833 15 59 156 1.00000 78 2.95833
135000 27 5.51852 15 56 164 0.85185 77 2.66667
140000 26 5.53846 12 54 158 0.92308 73 2.69231
145000 26 5.57692 13 51 156 1.00000 74 2.73077
150000 27 5.88889 14 40 169 0.96296 77 2.74074
155000 25 6.28000 15 45 179 1.00000 77 2.96000
160000 24 5.95833 14 50 162 1.00000 75 3.04167
165000 22 6.31818 17 58 155 1.00000 73 3.18182
170000 24 6.00000 17 63 162 1.00000 73 3.00000
175000 25 5.96000 17 55 168 1.00000 74 2.92000
180000 25 5.80000 17 65 167 0.96000 74 2.88000
185000 25 6.00000 17 56 168 0.96000 74 2.88000
190000 26 5.69231 15 58 162 0.96154 72 2.73077
195000 27 5.74074 15 53 171 0.92593 72 2.62963
200000 21 6.85714 14 57 159 1.00000 75 3.33333
205000 22 6.68182 15 57 156 0.90909 72 3.13636
210000 25 6.56000 15 52 179 0.92000 75 2.84000
215000 24 6.83333 15 51 176 1.00000 76 3.00000
220000 24 6.58333 15 54 176 1.00000 77 3.00000
225000 19 7.42105 15 70 161 1.00000 73 3.52632
230000 28 5.71429 15 40 161 0.85714 72 2.53571
235000 22 6.77273 15 57 170 1.00000 71 3.18182
240000 21 6.66667 20 61 157 1.00000 72 3.33333
245000 19 7.15789 20 61 159 1.00000 72 3.68421
250000 20 6.65000 20 53 148 0.95000 74 3.50000
255000 22 6.54545 20 59 156 0.90909 73 3.18182
260000 22 6.90909 19 57 167 0.95455 75 3.27273
265000 19 7.10526 17 65 151 1.00000 73 3.73684
270000 18 7.44444 17 72 157 1.00000 76 3.88889
275000 21 6.61905 19 61 158 0.90476 75 3.38095
280000 20 6.80000 15 61 153 1.00000 76 3.60000
285000 22 6.09091 16 65 146 0.90909 75 3.22727
290000 25 5.20000 17 66 149 0.96000 77 2.84000
295000 22 5.77273 17 72 145 0.95455 75 3.27273
300000 21 5.76190 17 71 145 0.95238 74 3.28571
305000 20 6.05000 16 75 144 1.00000 71 3.30000
310000 21 6.09524 16 72 157 0.95238 74 3.19048
315000 20 6.70000 13 64 152 1.00000 73 3.35000
320000 21 6.42857 14 67 155 0.95238 74 3.23810
325000 23 6.17391 14 56 158 0.95652 76 3.08696
330000 22 6.54545 20 48 156 0.90909 74 3.22727
335000 19 7.26316 17 56 158 1.00000 72 3.63158
340000 18 7.72222 17 57 161 1.00000 72 3.77778
345000 19 7.52632 16 55 158 1.00000 71 3.63158
350000 20 6.85000 15 53 156 1.00000 70 3.45000
355000 18 7.33333 15 70 154 1.00000 73 3.83333
360000 20 6.75000 15 66 154 0.95000 75 3.50000
365000 22 6.27273 15 70 149 0.81818 73 3.09091
370000 19 6.78947 13 72 145 1.00000 70 3.52632
375000 21 6.47619 13 69 157 0.95238 72 3.14286
380000 21 6.52381 15 62 161 0.95238 74 3.28571
385000 19 6.78947 14 66 152 0.94737 73 3.57895
390000 23 5.65217 13 56 143 0.91304 73 3.04348
395000 20 6.25000 11 55 147 1.00000 73 3.50000
400000 22 5.50000 12 63 138 0.90909 74 3.13636
405000 21 5.95238 16 61 140 0.95238 73 3.33333
410000 19 6.84211 16 60 149 0.94737 73 3.68421
415000 22 6.36364 15 56 156 0.95455 73 3.27273
420000 16 7.62500 17 68 140 0.93750 73 4.25000
425000 19 6.73684 20 68 153 0.94737 75 3.78947
430000 20 6.40000 19 67 150 0.90000 74 3.60000
435000 19 6.89474 19 63 152 1.00000 75 3.84211
440000 21 6.38095 21 56 150 0.95238 76 3.47619
445000 23 5.86957 19 58 156 0.95652 78 3.21739
450000 18 6.61111 15 72 141 1.00000 78 3.94444
455000 21 5.71429 15 68 146 0.90476 73 3.19048
460000 24 5.54167 16 61 153 0.91667 73 3.00000
465000 23 5.69565 17 74 154 0.86957 70 2.78261
470000 23 5.86957 17 76 163 0.95652 73 2.82609
475000 22 6.09091 17 73 158 0.95455 78 3.04545
480000 23 5.95652 17 69 161 0.95652 76 3.08696
485000 20 6.75000 16 69 161 1.00000 76 3.45000
490000 24 5.83333 18 67 155 0.91667 75 2.95833
495000 22 6.27273 17 66 155 0.95455 74 3.22727
500000 23 6.08696 18 68 151 0.86957 72 3.00000
505000 24 5.87500 17 55 148 0.91667 75 2.95833
510000 20 6.25000 14 69 147 0.95000 72 3.40000
515000 19 6.52632 14 60 142 1.00000 73 3.52632
520000 20 6.50000 14 67 150 0.90000 70 3.25000
525000 18 7.33333 16 74 161 1.00000 68 3.61111
530000 18 7.05556 17 81 156 1.00000 71 3.44444
535000 18 7.22222 17 71 159 1.00000 70 3.33333
540000 22 6.27273 16 53 156 0.95455 75 3.22727
545000 22 6.45455 16 53 159 1.00000 76 3.22727
550000 22 6.54545 15 48 168 1.00000 75 3.22727
555000 22 6.40909 17 63 158 0.95455 73 3.22727
560000 22 6.31818 17 56 161 1.00000 74 3.27273
565000 18 7.16667 14 62 144 1.00000 70 3.77778
570000 19 6.78947 14 59 147 1.00000 71 3.57895
575000 19 6.73684 14 64 149 0.94737 72 3.57895
580000 18 7.27778 17 63 153 0.94444 74 3.83333
585000 21 6.33333 17 64 151 0.95238 75 3.38095
590000 19 7.05263 16 65 159 1.00000 74 3.68421
595000 19 6.73684 16 69 156 1.00000 71 3.63158
600000 19 6.42105 16 67 150 1.00000 71 3.63158
605000 17 7.00000 17 78 145 1.00000 75 4.05882
610000 19 6.15789 14 78 145 1.00000 78 3.78947
615000 21 5.47619 13 85 136 0.95238 74 3.33333
620000 22 5.54545 13 86 156 0.86364 77 3.18182
625000 20 6.10000 12 85 157 1.00000 79 3.75000
630000 19 6.84211 16 77 158 1.00000 80 3.84211
635000 21 6.57143 18 69 150 0.85714 78 3.52381
640000 20 7.15000 17 73 170 0.95000 77 3.65000
645000 19 7.52632 19 77 165 0.94737 76 3.73684
650000 17 8.11765 19 76 162 0.94118 72 4.05882
655000 17 8.17647 20 65 161 0.94118 73 4.11765
660000 19 7.89474 19 60 166 0.94737 76 3.78947
665000 21 7.04762 19 56 160 0.90476 76 3.52381
670000 19 7.21053 18 66 154 0.89474 74 3.73684
675000 21 6.57143 17 60 160 0.95238 74 3.28571
680000 18 7.27778 15 72 146 0.88889 74 3.88889
685000 16 7.50000 14 74 143 0.87500 74 4.37500
690000 18 7.11111 15 73 145 1.00000 71 3.88889
695000 18 7.11111 15 69 144 0.94444 70 3.72222
700000 17 7.70588 15 73 153 0.94118 69 3.94118
705000 19 7.10526 16 74 152 0.89474 74 3.68421
710000 18 7.00000 15 82 142 0.94444 73 3.88889
715000 23 5.73913 17 73 146 0.86957 74 3.13043
720000 19 7.36842 19 77 162 0.94737 74 3.84211
725000 21 7.00000 18 66 165 0.90476 76 3.42857
730000 21 7.19048 19 59 163 0.90476 77 3.57143
735000 19 7.05263 17 69 146 0.84211 74 3.68421
740000 19 7.05263 18 85 154 0.89474 75 3.68421
745000 18 8.00000 19 79 167 0.88889 76 3.94444
750000 17 8.00000 18 80 161 0.94118 76 4.35294
755000 19 7.73684 18 61 168 0.94737 77 3.89474
760000 20 7.00000 17 70 165 1.00000 77 3.65000
765000 18 7.16667 15 74 146 0.94444 76 4.00000
770000 25 5.92000 16 54 150 0.68000 75 2.88000
775000 18 6.88889 14 71 144 0.94444 75 4.05556
780000 18 7.00000 14 64 146 0.88889 76 4.05556
785000 15 8.40000 14 60 142 1.00000 75 4.80000
790000 17 7.58824 15 65 144 1.00000 75 4.23529
795000 20 6.50000 16 62 147 0.90000 74 3.65000
800000 18 7.33333 17 64 152 1.00000 75 4.00000
805000 17 7.52941 17 68 147 1.00000 76 4.29412
810000 18 6.72222 15 62 141 0.94444 75 4.05556
815000 18 7.16667 16 60 143 0.94444 75 4.05556
820000 18 7.00000 13 66 145 0.94444 75 4.00000
825000 17 7.00000 16 66 146 1.00000 74 4.17647
830000 17 7.52941 16 59 145 0.94118 71 4.11765
835000 18 7.22222 18 62 143 0.94444 71 3.88889
840000 18 7.00000 17 72 148 0.94444 73 3.83333
845000 24 6.00000 17 52 162 1.00000 72 2.95833
850000 21 6.28571 16 63 149 0.90476 73 3.23810
855000 26 5.42308 15 70 156 0.84615 72 2.53846
860000 19 6.63158 14 77 152 0.94737 72 3.57895
865000 23 5.52174 13 67 144 0.82609 75 3.00000
870000 19 6.15789 14 80 149 1.00000 74 3.63158
875000 16 6.81250 14 89 136 0.93750 71 4.06250
880000 19 5.94737 14 77 140 1.00000 67 3.36842
885000 20 5.80000 18 69 128 0.90000 68 3.25000
890000 20 5.85000 19 74 142 0.90000 68 3.15000
895000 21 5.76190 18 69 141 0.95238 69 3.04762
900000 20 6.00000 18 70 147 1.00000 71 3.05000
905000 25 5.24000 17 65 153 0.88000 73 2.52000
910000 22 5.81818 18 76 160 0.95455 72 2.90909
915000 18 6.55556 18 76 145 0.94444 71 3.44444
920000 20 5.85000 17 70 142 0.95000 66 3.10000
925000 20 5.90000 14 69 133 0.95000 68 3.20000
930000 21 6.14286 14 60 147 1.00000 68 3.14286
935000 19 7.00000 15 61 155 1.00000 69 3.42105
940000 18 7.00000 14 61 149 0.94444 69 3.50000
945000 18 7.11111 15 57 144 0.94444 70 3.61111
950000 17 7.17647 18 68 141 0.94118 69 3.88235
955000 19 6.42105 15 66 151 0.94737 69 3.47368
960000 20 6.50000 16 64 145 0.90000 67 3.20000
965000 23 6.08696 16 53 150 0.86957 70 2.73913
970000 16 7.62500 13 67 149 0.93750 72 3.68750
975000 16 7.75000 14 69 150 1.00000 69 3.87500
980000 17 7.41176 15 65 153 1.00000 69 3.70588
985000 19 7.10526 21 56 153 1.00000 70 3.52632
990000 16 7.81250 20 73 151 0.93750 70 3.93750
995000 19 7.21053 19 73 167 0.94737 72 3.52632
1000000 16 7.87500 17 83 158 0.93750 72 3.93750
1005000 22 6.27273 17 69 160 0.95455 70 2.95455
1010000 19 6.73684 15 75 153 0.94737 72 3.36842
1015000 19 6.68421 14 66 146 1.00000 69 3.36842
1020000 21 6.23810 17 61 144 0.90476 68 3.14286
1025000 20 6.50000 16 65 157 0.95000 69 3.25000
1030000 18 7.00000 16 64 150 0.94444 71 3.55556
1035000 17 7.47059 17 67 156 0.94118 70 3.82353
1040000 18 7.27778 18 75 156 1.00000 71 3.61111
1045000 22 5.95455 17 64 150 0.95455 73 3.13636
1050000 19 6.89474 18 67 149 0.94737 73 3.57895
1055000 19 6.52632 16 71 155 1.00000 71 3.63158
1060000 17 7.05882 17 75 142 1.00000 71 3.82353
1065000 18 6.88889 17 74 141 1.00000 68 3.50000
1070000 21 6.52381 16 74 160 0.95238 69 3.09524
1075000 16 8.00000 15 84 153 0.87500 72 3.93750
1080000 19 7.15789 19 68 158 0.94737 75 3.52632
1085000 20 6.75000 18 71 155 0.90000 69 3.35000
1090000 17 7.82353 18 76 152 0.88235 68 3.70588
1095000 20 7.00000 17 64 156 0.90000 70 3.30000
1100000 22 6.31818 16 68 163 0.95455 70 3.04545
1105000 20 6.60000 16 75 152 0.85000 68 3.20000
1110000 22 6.22727 15 56 148 0.95455 69 3.04545
1115000 21 5.95238 13 67 143 0.90476 69 3.14286
1120000 20 5.75000 13 74 144 1.00000 72 3.15000
1125000 19 6.42105 15 74 154 0.94737 68 3.21053
1130000 19 6.57895 17 75 158 1.00000 72 3.31579
1135000 21 6.47619 17 64 162 0.95238 68 2.90476
1140000 20 6.95000 17 65 163 1.00000 71 3.20000
1145000 23 5.95652 17 60 155 0.95652 70 2.78261
1150000 24 5.95833 17 58 157 0.91667 71 2.70833
1155000 21 6.71429 18 58 163 0.95238 72 3.09524
1160000 17 8.00000 18 63 165 1.00000 68 3.52941
1165000 21 6.52381 17 62 151 1.00000 71 3.00000
1170000 20 6.60000 19 63 156 1.00000 69 3.10000
1175000 16 7.56250 21 67 149 1.00000 69 3.75000
1180000 17 7.29412 20 70 143 0.94118 68 3.47059
1185000 17 6.94118 20 81 141 1.00000 67 3.52941
1190000 19 6.63158 18 74 156 0.94737 68 3.15789
1195000 24 5.79167 17 58 160 0.95833 69 2.66667
1200000 20 6.10000 17 69 154 0.95000 69 3.20000
1205000 22 5.59091 21 65 142 0.81818 70 2.90909
1210000 19 6.26316 22 73 151 1.00000 73 3.42105
1215000 18 6.44444 22 82 139 0.88889 65 3.27778
1220000 21 5.90476 17 75 143 0.90476 68 3.00000
1225000 18 6.44444 17 76 139 0.88889 71 3.50000
1230000 18 6.50000 19 68 137 0.94444 67 3.33333
1235000 19 6.21053 21 65 139 0.89474 71 3.10526
1240000 22 5.68182 18 70 146 1.00000 70 2.95455
1245000 17 7.11765 16 73 151 1.00000 65 3.64706
1250000 17 7.47059 17 62 151 1.00000 69 3.58824
1255000 19 7.05263 16 62 159 0.94737 71 3.42105
1260000 20 6.45000 14 63 150 0.95000 72 3.40000
1265000 19 6.73684 13 64 151 1.00000 72 3.47368
1270000 18 7.05556 14 71 154 1.00000 68 3.66667
1275000 21 6.47619 14 65 156 0.90476 71 3.19048
1280000 18 7.16667 13 74 156 0.88889 71 3.55556
1285000 17 6.94118 13 72 140 1.00000 71 3.88235
1290000 19 6.78947 13 64 152 0.94737 69 3.42105
1295000 21 6.52381 15 56 157 0.90476 72 3.19048
1300000 18 7.27778 17 58 152 1.00000 73 3.77778
1305000 17 7.35294 17 69 148 1.00000 71 4.00000
1310000 17 7.70588 16 66 151 1.00000 72 3.88235
1315000 16 8.00000 18 65 154 0.93750 74 4.12500
1320000 19 7.52632 20 58 162 0.94737 73 3.68421
1325000 21 6.85714 17 55 162 0.90476 76 3.38095
1330000 17 7.94118 16 61 161 1.00000 77 3.94118
1335000 18 7.83333 18 56 159 0.94444 72 3.72222
1340000 18 7.88889 17 61 166 1.00000 74 3.83333
1345000 21 7.14286 17 59 166 0.90476 73 3.33333
1350000 18 7.83333 18 76 162 0.94444 73 3.77778
1355000 21 6.90476 18 67 161 0.85714 73 3.19048
1360000 22 6.13636 16 64 149 0.81818 74 3.04545
1365000 20 6.85000 14 59 154 0.95000 72 3.40000
1370000 19 7.73684 19 60 166 0.89474 72 3.63158
1375000 19 7.15789 20 62 156 0.94737 72 3.63158
1380000 19 7.21053 19 73 161 0.94737 73 3.52632
1385000 19 7.21053 18 67 159 1.00000 72 3.57895
1390000 19 7.10526 16 63 156 0.89474 73 3.52632
1395000 21 6.04762 15 62 149 1.00000 71 3.19048
1400000 20 6.05000 14 71 149 0.95000 68 3.30000
1405000 18 6.61111 15 74 143 1.00000 74 3.77778
1410000 22 6.00000 18 63 148 0.86364 73 3.18182
1415000 20 6.50000 17 76 148 0.95000 73 3.50000
1420000 22 6.22727 18 65 150 0.95455 73 3.22727
1425000 21 6.61905 17 67 161 0.95238 76 3.28571
1430000 19 7.10526 15 74 165 0.94737 75 3.57895
1435000 20 6.60000 14 77 149 0.85000 69 3.25000
1440000 18 6.83333 15 71 145 0.94444 70 3.55556
1445000 21 6.47619 15 59 147 0.85714 70 3.23810
1450000 20 6.80000 15 68 153 0.90000 72 3.30000
1455000 20 6.60000 13 75 158 0.90000 72 3.20000
1460000 17 7.64706 15 70 151 1.00000 70 3.76471
1465000 20 6.70000 14 60 149 0.90000 68 3.20000
1470000 17 7.41176 14 74 149 0.94118 71 3.76471
1475000 17 7.41176 14 82 159 0.88235 69 3.58824
1480000 17 7.76471 14 73 159 0.94118 65 3.64706
1485000 16 8.12500 13 68 155 1.00000 66 3.75000
1490000 19 7.31579 14 67 160 0.84211 71 3.21053
1495000 20 7.10000 15 65 163 0.90000 69 3.10000
1500000 19 7.94737 19 58 171 1.00000 71 3.36842
1505000 15 9.13333 17 63 162 1.00000 69 4.06667
1510000 16 8.31250 16 74 156 0.87500 74 3.81250
1515000 18 7.72222 18 62 161 0.94444 74 3.61111
1520000 23 6.43478 20 54 166 1.00000 72 2.91304
1525000 21 6.76190 21 75 168 1.00000 69 3.23810
1530000 21 6.95238 21 69 168 1.00000 71 3.28571
1535000 20 7.20000 22 69 166 1.00000 73 3.50000
1540000 22 7.18182 24 59 186 1.00000 76 3.27273
1545000 23 6.82609 24 56 172 0.91304 74 3.08696
1550000 21 6.57143 20 61 162 1.00000 77 3.38095
1555000 23 6.21739 21 65 158 0.91304 75 3.13043
1560000 21 6.57143 21 72 161 1.00000 76 3.38095
1565000 20 7.10000 20 71 164 1.00000 74 3.45000
1570000 20 7.35000 21 69 174 0.95000 74 3.45000
1575000 17 8.11765 20 75 169 1.00000 74 4.00000
1580000 17 7.70588 20 72 158 0.94118 77 3.94118
1585000 19 6.78947 19 66 152 0.84211 73 3.21053
1590000 17 7.11765 19 74 141 1.00000 70 3.70588
1595000 17 7.17647 19 73 147 1.00000 71 3.76471
1600000 19 6.47368 17 80 150 0.94737 69 3.36842
1605000 19 6.73684 18 77 158 0.94737 71 3.36842
1610000 17 7.17647 18 87 155 1.00000 72 3.58824
1615000 23 6.00000 20 72 162 0.86957 76 2.73913
1620000 21 6.52381 19 80 165 0.95238 74 3.09524
1625000 23 6.13043 23 77 175 1.00000 75 3.00000
1630000 22 6.77273 22 75 166 0.90909 74 3.13636
1635000 20 7.35000 20 73 176 1.00000 73 3.45000
1640000 24 6.37500 19 71 170 0.91667 71 2.91667
1645000 23 6.34783 20 71 172 0.95652 74 3.00000
1650000 23 6.30435 19 66 163 0.86957 73 2.86957
1655000 23 6.43478 20 64 165 1.00000 75 3.04348
1660000 19 6.68421 16 80 154 0.94737 74 3.47368
1665000 22 5.90909 15 78 153 0.95455 71 3.13636
1670000 19 6.78947 14 77 153 1.00000 69 3.42105
1675000 26 5.30769 14 68 151 0.84615 73 2.61538
1680000 23 5.56522 13 79 150 0.91304 73 2.95652
1685000 26 5.38462 14 62 157 1.00000 75 2.65385
1690000 24 5.54167 14 70 152 0.91667 71 2.83333
1695000 20 6.15000 15 76 151 1.00000 72 3.30000
1700000 20 6.90000 23 65 159 1.00000 73 3.25000
1705000 19 6.84211 23 67 148 1.00000 69 3.42105
1710000 18 6.77778 21 69 148 1.00000 71 3.55556
1715000 20 5.90000 21 73 145 0.95000 68 3.20000
1720000 20 5.80000 20 79 138 0.95000 72 3.30000
1725000 20 5.90000 20 78 136 0.95000 76 3.35000
1730000 21 6.09524 21 82 149 0.90476 75 3.19048
1735000 21 6.14286 22 74 152 1.00000 73 3.42857
1740000 21 6.23810 25 67 148 0.95238 69 3.14286
1745000 20 6.55000 27 68 150 0.95000 68 3.20000
1750000 21 5.85714 24 71 140 0.85714 68 3.04762
1755000 21 5.76190 21 69 143 0.95238 68 3.04762
1760000 20 5.95000 18 72 142 0.90000 70 3.20000
1765000 18 7.05556 19 81 152 1.00000 70 3.50000
1770000 21 6.09524 17 70 144 0.95238 71 3.09524
1775000 19 6.57895 16 79 153 0.94737 72 3.36842
1780000 21 6.52381 19 69 164 0.95238 71 3.23810
1785000 23 6.04348 18 61 153 0.95652 71 3.00000
1790000 20 6.55000 18 73 154 1.00000 73 3.50000
1795000 21 6.57143 18 65 160 1.00000 73 3.23810
1800000 23 6.00000 14 59 160 0.95652 72 3.08696
1805000 25 5.64000 17 60 154 0.92000 70 2.76000
1810000 22 5.90909 16 74 157 0.95455 72 3.13636
1815000 22 5.95455 15 76 151 0.90909 72 3.09091
1820000 25 5.48000 16 77 157 0.84000 74 2.68000
1825000 23 5.30435 17 81 143 0.82609 71 2.91304
1830000 19 6.47368 14 82 148 0.89474 72 3.52632
1835000 22 5.95455 13 79 149 0.86364 72 3.00000
1840000 19 7.00000 14 80 157 0.89474 74 3.57895
1845000 22 6.45455 16 72 157 0.81818 70 2.95455
1850000 22 6.54545 14 74 164 0.95455 71 3.09091
1855000 22 6.40909 14 72 168 1.00000 73 3.09091
1860000 20 6.70000 14 73 159 0.95000 73 3.25000
1865000 24 6.29167 17 62 165 1.00000 71 2.83333
1870000 20 7.15000 17 64 171 0.90000 73 3.30000
1875000 20 6.70000 16 67 153 1.00000 74 3.40000
1880000 21 6.14286 14 65 157 0.95238 72 3.14286
1885000 21 6.28571 13 63 153 1.00000 74 3.23810
1890000 18 7.22222 12 58 145 1.00000 71 3.72222
1895000 18 7.22222 13 61 147 1.00000 72 3.77778
1900000 17 7.58824 13 58 145 1.00000 71 3.94118
1905000 15 7.86667 13 58 136 1.00000 70 4.33333
1910000 19 6.78947 14 60 146 0.94737 70 3.47368
1915000 20 6.10000 12 65 135 0.90000 68 3.15000
1920000 17 6.64706 13 73 137 0.94118 64 3.41176
1925000 17 6.41176 12 79 132 0.94118 64 3.29412
1930000 20 5.95000 11 81 146 0.90000 65 2.95000
1935000 24 5.25000 12 74 147 0.91667 72 2.66667
1940000 21 5.80952 11 77 151 0.95238 73 3.00000
1945000 21 5.76190 13 69 146 0.90476 69 2.95238
1950000 19 6.78947 18 67 150 0.94737 69 3.31579
1955000 20 6.25000 15 77 144 0.90000 71 3.20000
1960000 22 5.81818 13 70 154 1.00000 69 2.86364
1965000 18 6.88889 16 76 147 1.00000 72 3.72222
1970000 20 6.10000 16 66 147 0.95000 71 3.25000
1975000 20 6.30000 15 62 149 0.95000 72 3.40000
1980000 19 6.73684 17 60 147 0.89474 71 3.52632
1985000 18 6.77778 15 68 146 1.00000 72 3.77778
1990000 21 6.00000 15 65 147 0.95238 72 3.23810
1995000 20 6.60000 16 69 153 0.90000 73 3.25000
2000000 19 7.21053 17 68 160 1.00000 73 3.47368
2005000 18 6.88889 16 69 152 1.00000 71 3.55556
2010000 24 5.00000 17 61 127 0.87500 70 2.70833
2015000 23 5.56522 16 65 137 0.86957 72 2.95652
2020000 21 6.00000 16 75 154 0.95238 73 3.23810
2025000 19 6.42105 16 68 145 0.94737 73 3.47368
2030000 21 6.00000 15 71 143 0.85714 72 3.14286
2035000 18 6.83333 14 80 155 1.00000 70 3.66667
2040000 23 6.17391 16 61 153 0.86957 70 2.86957
2045000 17 7.29412 15 77 149 1.00000 70 3.82353
2050000 21 6.57143 19 65 160 1.00000 71 3.23810
2055000 18 7.38889 16 75 159 1.00000 73 3.72222
2060000 19 7.42105 17 61 162 1.00000 75 3.63158
2065000 17 7.94118 19 62 153 1.00000 72 4.00000
2070000 19 7.26316 20 56 152 0.89474 72 3.57895
2075000 20 7.10000 19 52 154 1.00000 67 3.30000
2080000 18 7.72222 19 60 159 1.00000 72 3.72222
2085000 20 6.80000 20 51 148 1.00000 73 3.45000
2090000 22 6.50000 20 43 158 0.95455 74 3.22727
2095000 20 6.75000 19 55 152 0.95000 73 3.40000
2100000 17 7.76471 19 60 151 0.94118 71 3.82353
2105000 19 6.89474 18 56 157 1.00000 68 3.47368
2110000 19 6.89474 17 58 148 0.94737 67 3.31579
2115000 18 6.77778 15 61 144 1.00000 66 3.50000
2120000 17 7.23529 18 62 144 1.00000 66 3.70588
2125000 20 6.40000 17 56 149 0.95000 67 3.10000
2130000 19 6.52632 17 62 143 0.89474 67 3.21053
2135000 23 5.69565 18 61 148 0.91304 69 2.78261
2140000 21 6.00000 19 70 148 0.95238 72 3.04762
2145000 16 7.56250 19 79 153 1.00000 68 3.81250
2150000 21 6.52381 19 69 163 0.95238 71 3.14286
2155000 16 8.50000 18 66 167 1.00000 67 4.06250
2160000 16 8.43750 18 71 167 1.00000 75 4.06250
2165000 20 6.95000 18 70 159 1.00000 69 3.40000
2170000 19 6.94737 20 73 160 1.00000 72 3.52632
2175000 20 6.40000 17 73 154 0.95000 74 3.40000
2180000 18 6.94444 16 75 153 0.88889 72 3.66667
2185000 21 6.57143 16 66 158 1.00000 72 3.28571
2190000 23 6.17391 17 64 159 0.95652 74 3.13043
2195000 25 5.76000 17 69 161 0.92000 73 2.80000
2200000 20 6.70000 16 82 158 1.00000 76 3.45000
2205000 20 7.00000 18 75 167 1.00000 76 3.60000
2210000 21 6.66667 17 73 160 1.00000 74 3.23810
2215000 17 7.58824 18 77 160 1.00000 73 3.82353
2220000 18 7.22222 16 70 152 1.00000 71 3.61111
2225000 17 7.05882 15 70 149 0.94118 70 3.76471
2230000 17 7.17647 14 79 140 0.94118 70 3.76471
2235000 19 6.52632 14 75 141 0.89474 69 3.31579
2240000 21 6.38095 13 77 161 0.95238 67 2.95238
2245000 23 6.13043 14 70 159 0.95652 72 2.95652
2250000 24 6.12500 19 66 161 0.83333 73 2.75000
2255000 24 6.16667 17 69 171 0.95833 71 2.83333
2260000 19 7.42105 17 68 160 1.00000 73 3.47368
2265000 16 8.50000 17 73 148 0.81250 67 3.93750
2270000 16 8.25000 16 67 150 0.93750 70 4.06250
2275000 19 7.15789 17 67 156 1.00000 74 3.47368
2280000 18 7.66667 29 65 160 1.00000 71 3.66667
2285000 16 8.43750 28 65 157 0.93750 68 4.00000
2290000 16 8.81250 28 64 167 0.93750 68 4.00000
2295000 17 8.11765 26 79 166 1.00000 71 3.82353
2300000 19 7.84211 30 65 169 0.84211 70 3.47368
2305000 16 8.81250 29 71 163 1.00000 68 4.06250
2310000 19 7.84211 37 62 169 0.94737 70 3.47368
2315000 19 7.57895 36 66 150 0.89474 71 3.57895
2320000 18 7.72222 35 73 161 1.00000 73 3.94444
2325000 17 8.23529 34 68 159 0.94118 72 3.94118
2330000 19 7.21053 32 69 165 1.00000 75 3.57895
2335000 17 7.52941 27 77 149 0.94118 77 4.11765
2340000 19 6.78947 25 74 146 0.89474 75 3.57895
2345000 20 6.50000 25 69 141 0.90000 75 3.40000
2350000 20 6.45000 24 72 145 0.90000 73 3.55000
2355000 18 6.83333 22 73 142 0.94444 76 3.72222
2360000 20 6.30000 23 83 146 0.90000 75 3.45000
2365000 20 6.35000 22 77 153 0.95000 75 3.40000
2370000 20 6.25000 21 74 147 0.90000 74 3.35000
2375000 21 6.33333 23 76 159 1.00000 72 3.19048
2380000 21 6.57143 28 69 161 1.00000 74 3.38095
2385000 24 6.16667 28 57 168 1.00000 75 3.00000
2390000 17 7.52941 27 74 152 1.00000 74 3.94118
2395000 19 6.52632 25 78 147 0.94737 72 3.63158
2400000 21 6.28571 22 67 151 0.95238 72 3.19048
2405000 20 6.60000 22 66 147 0.85000 72 3.40000
2410000 18 7.27778 22 78 157 1.00000 74 3.88889
2415000 16 8.31250 23 76 159 1.00000 73 4.31250
2420000 20 7.05000 23 74 166 1.00000 74 3.40000
2425000 18 7.77778 28 67 158 0.88889 72 3.61111
2430000 18 7.33333 27 67 146 0.88889 70 3.61111
2435000 17 7.70588 26 76 159 1.00000 68 3.70588
2440000 18 7.61111 25 77 157 1.00000 67 3.61111
2445000 24 6.37500 24 51 164 0.91667 70 2.83333
2450000 19 7.31579 24 59 152 1.00000 72 3.52632
2455000 17 7.70588 25 58 145 0.94118 72 4.05882
2460000 17 7.70588 27 57 147 0.88235 70 3.94118
2465000 16 8.00000 27 61 149 1.00000 68 4.12500
2470000 17 7.29412 29 68 142 1.00000 67 3.76471
2475000 16 7.50000 28 77 142 1.00000 68 4.12500
2480000 17 7.47059 28 73 143 0.94118 71 3.82353
2485000 14 8.35714 32 79 139 1.00000 70 4.50000
2490000 16 7.06250 26 74 140 0.93750 70 4.00000
2495000 17 7.05882 25 61 141 1.00000 71 3.70588
2500000 19 6.36842 24 64 145 0.94737 70 3.42105
2505000 16 7.62500 30 70 139 1.00000 69 4.06250
2510000 19 6.52632 27 64 145 1.00000 70 3.42105
2515000 15 7.80000 24 68 145 1.00000 69 4.33333
2520000 15 7.33333 21 74 139 0.93333 68 4.13333
2525000 17 6.64706 23 65 133 1.00000 69 3.70588
2530000 20 6.05000 26 59 142 0.95000 68 3.25000
2535000 21 6.38095 26 62 148 0.85714 69 3.04762
2540000 17 7.29412 21 65 148 0.88235 72 3.82353
2545000 16 7.68750 20 69 142 1.00000 74 4.12500
2550000 20 6.35000 17 67 150 0.90000 69 3.25000
2555000 18 7.22222 20 59 148 0.94444 72 3.55556
2560000 18 6.61111 17 74 141 0.94444 72 3.55556
2565000 23 5.65217 16 71 150 0.91304 71 2.82609
2570000 23 5.65217 17 67 150 0.95652 72 2.91304
2575000 21 6.23810 20 66 157 1.00000 71 3.14286
2580000 25 5.64000 22 58 156 0.96000 73 2.76000
2585000 22 6.09091 21 53 145 0.95455 71 3.13636
2590000 21 6.14286 20 58 150 1.00000 73 3.28571
2595000 20 6.80000 24 64 157 0.95000 73 3.40000
2600000 19 6.78947 25 69 152 0.94737 73 3.52632
2605000 18 7.33333 26 71 155 0.94444 70 3.55556
2610000 18 7.72222 29 69 157 0.94444 72 3.66667
2615000 19 7.73684 29 63 167 0.94737 73 3.52632
2620000 20 7.15000 27 66 160 1.00000 74 3.40000
2625000 21 7.04762 25 61 164 0.95238 76 3.33333
2630000 17 8.94118 31 61 178 0.94118 69 3.94118
2635000 16 8.87500 28 61 161 1.00000 69 4.12500
2640000 16 8.93750 26 59 163 0.93750 70 4.18750
2645000 15 8.46667 26 64 147 1.00000 71 4.46667
2650000 16 7.50000 25 63 144 0.93750 70 4.12500
2655000 16 6.68750 23 68 133 1.00000 72 4.06250
2660000 17 6.47059 21 69 122 0.88235 74 4.05882
2665000 19 6.10526 20 69 136 0.89474 75 3.63158
2670000 21 5.76190 23 65 136 0.90476 75 3.42857
2675000 16 7.12500 24 75 138 1.00000 76 4.37500
2680000 19 6.05263 21 64 134 0.89474 71 3.47368
2685000 16 6.50000 18 77 124 0.93750 72 4.00000
2690000 18 6.66667 22 70 143 0.88889 70 3.61111
2695000 20 6.05000 24 69 144 0.90000 69 3.30000
2700000 18 6.66667 24 87 142 0.94444 68 3.50000
2705000 21 5.80952 21 80 148 0.85714 71 3.00000
2710000 17 6.58824 19 93 140 0.94118 72 3.82353
2715000 23 5.95652 20 70 153 0.91304 71 3.00000
2720000 21 6.23810 20 80 157 0.95238 72 3.33333
2725000 22 6.18182 18 66 147 0.90909 71 3.18182
2730000 22 6.45455 17 60 157 0.90909 76 3.27273
2735000 19 7.05263 23 58 149 0.94737 72 3.52632
2740000 17 7.58824 21 58 149 0.94118 75 4.00000
2745000 18 6.94444 25 62 146 1.00000 74 3.88889
2750000 19 7.00000 26 55 151 0.94737 74 3.73684
2755000 20 7.05000 26 55 149 0.95000 76 3.70000
2760000 24 5.58333 20 55 146 1.00000 74 3.04167
2765000 22 6.18182 22 59 148 0.90909 75 3.27273
2770000 18 7.22222 24 59 148 1.00000 73 3.88889
2775000 19 6.63158 20 69 144 0.94737 73 3.63158
2780000 22 5.81818 19 76 147 0.95455 75 3.27273
2785000 23 6.04348 20 76 154 0.91304 76 3.21739
2790000 22 6.31818 17 74 153 0.86364 75 3.22727
2795000 22 6.68182 19 78 167 0.95455 73 3.27273
2800000 22 6.63636 16 77 167 0.95455 73 3.13636
2805000 22 6.63636 20 75 170 0.95455 74 3.13636
2810000 21 6.76190 20 75 164 1.00000 74 3.28571
2815000 19 7.42105 22 73 165 1.00000 70 3.63158
2820000 16 8.62500 23 75 170 1.00000 75 4.25000
2825000 21 6.85714 22 67 157 0.95238 72 3.28571
2830000 20 6.85000 20 60 155 0.85000 73 3.45000
2835000 19 6.78947 18 74 157 1.00000 77 3.78947
2840000 18 6.66667 17 87 148 1.00000 73 3.72222
2845000 19 6.78947 20 74 151 0.94737 72 3.68421
2850000 18 6.38889 18 82 151 1.00000 73 3.83333
2855000 18 6.16667 15 80 134 1.00000 75 3.77778
2860000 22 5.54545 17 64 140 1.00000 74 3.27273
2865000 19 5.94737 17 68 138 1.00000 73 3.52632
2870000 17 6.17647 18 67 129 1.00000 72 3.88235
2875000 18 6.16667 17 69 139 1.00000 72 3.66667
2880000 19 5.57895 17 63 127 0.94737 70 3.47368
2885000 20 5.30000 15 62 128 1.00000 69 3.30000
2890000 19 5.26316 15 73 121 0.94737 70 3.26316
2895000 20 5.25000 15 77 124 0.85000 67 3.05000
2900000 21 5.42857 15 69 127 1.00000 68 3.09524
2905000 18 5.94444 16 82 126 1.00000 67 3.50000
2910000 18 5.83333 16 90 129 0.94444 69 3.61111
2915000 18 6.00000 17 87 134 1.00000 67 3.55556
2920000 21 5.47619 18 85 141 0.95238 71 3.19048
2925000 22 5.68182 18 83 144 0.90909 70 3.00000
2930000 23 5.34783 17 74 151 0.95652 72 2.95652
2935000 21 5.42857 16 80 136 0.85714 72 3.19048
2940000 21 5.85714 25 74 143 0.76190 70 3.09524
2945000 20 6.55000 28 70 143 0.85000 71 3.40000
2950000 18 6.38889 20 68 127 0.83333 70 3.66667
2955000 18 6.38889 18 62 141 1.00000 71 3.72222
2960000 17 6.47059 17 65 136 1.00000 69 3.88235
2965000 18 6.61111 16 63 134 0.94444 70 3.66667
2970000 20 6.20000 15 65 142 0.90000 65 3.15000
2975000 22 5.27273 15 67 135 0.90909 71 2.90909
2980000 18 6.22222 15 74 132 0.94444 73 3.72222
2985000 20 5.65000 15 83 141 0.90000 71 3.15000
2990000 21 5.52381 15 79 141 0.95238 66 2.95238
2995000 18 6.27778 17 78 136 0.88889 64 3.33333
3000000 18 6.16667 17 69 129 0.88889 64 3.27778
3005000 21 5.90476 19 58 139 0.95238 70 3.09524
3010000 19 5.84211 17 66 140 1.00000 66 3.31579
3015000 16 5.93750 17 82 135 1.00000 69 3.87500
3020000 17 6.00000 18 84 131 1.00000 69 3.64706
3025000 22 5.22727 16 74 131 0.90909 69 2.77273
3030000 21 5.42857 17 73 135 0.90476 66 2.85714
3035000 20 5.50000 14 71 129 0.95000 67 2.95000
3040000 18 6.16667 17 76 133 0.83333 65 3.11111
3045000 18 6.22222 19 72 137 1.00000 66 3.33333
3050000 20 5.75000 19 63 133 0.90000 70 3.20000
3055000 16 7.12500 21 67 137 1.00000 70 4.18750
3060000 17 6.58824 20 73 140 1.00000 70 3.88235
3065000 18 6.66667 23 83 145 0.94444 70 3.61111
3070000 21 6.42857 24 70 158 0.95238 72 3.09524
3075000 15 8.53333 33 68 155 1.00000 75 4.33333
3080000 16 7.31250 31 72 139 0.87500 71 4.06250
3085000 20 6.30000 30 62 138 0.85000 73 3.30000
3090000 21 5.90476 30 65 141 0.90476 73 3.19048
3095000 20 6.25000 36 66 146 0.95000 74 3.40000
3100000 19 6.52632 34 72 149 0.89474 77 3.52632
3105000 17 7.35294 32 73 155 1.00000 77 3.88235
3110000 22 6.54545 32 58 160 1.00000 72 3.22727
3115000 23 6.26087 32 60 160 0.86957 71 3.00000
3120000 18 7.11111 30 65 149 0.88889 70 3.44444
3125000 19 6.73684 31 62 147 0.94737 72 3.47368
3130000 23 5.73913 29 59 146 0.82609 74 2.91304
3135000 23 5.73913 27 71 156 0.95652 73 2.95652
3140000 22 5.68182 23 76 150 0.90909 69 2.95455
3145000 22 6.22727 26 71 157 0.90909 73 3.04545
3150000 22 6.31818 27 74 160 0.95455 69 3.00000
3155000 22 6.40909 23 73 166 0.95455 70 3.00000
3160000 23 6.00000 22 76 167 0.95652 75 2.95652
3165000 23 6.17391 20 67 155 0.91304 75 2.95652
3170000 20 6.55000 16 70 152 0.95000 70 3.25000
3175000 20 6.30000 14 64 152 1.00000 71 3.30000
3180000 21 6.47619 16 64 155 0.90476 72 3.09524
3185000 21 6.90476 16 58 168 1.00000 73 3.19048
3190000 18 7.44444 16 61 159 1.00000 75 3.66667
3195000 18 6.72222 14 69 143 1.00000 70 3.55556
3200000 20 6.50000 16 64 150 0.90000 71 3.25000
3205000 22 5.77273 15 63 141 0.95455 72 3.09091
3210000 18 7.00000 19 68 145 1.00000 71 3.72222
3215000 22 5.95455 19 61 152 1.00000 74 3.22727
3220000 23 6.00000 18 57 156 0.91304 72 3.04348
3225000 22 5.90909 17 56 145 0.95455 73 3.22727
3230000 20 6.55000 18 65 151 1.00000 70 3.40000
3235000 21 6.19048 19 64 154 0.90476 69 3.09524
3240000 22 6.18182 19 61 148 0.86364 71 2.90909
3245000 21 6.71429 20 60 163 1.00000 69 3.19048
3250000 23 6.17391 19 50 161 0.91304 72 2.95652
3255000 23 5.78261 19 64 163 0.95652 73 3.00000
3260000 21 6.28571 19 76 159 1.00000 74 3.23810
3265000 22 6.13636 20 72 159 1.00000 73 3.13636
3270000 27 5.66667 19 67 173 0.92593 74 2.59259
3275000 21 6.71429 24 81 166 0.95238 71 3.09524
3280000 19 7.84211 24 75 176 0.94737 71 3.42105
3285000 18 8.27778 25 71 172 0.94444 73 3.66667
3290000 24 6.95833 25 61 178 0.87500 71 2.75000
3295000 18 8.44444 26 81 181 0.94444 70 3.61111
3300000 19 8.21053 27 77 180 0.94737 72 3.42105
3305000 20 7.85000 27 70 177 0.90000 73 3.20000
3310000 20 7.60000 25 73 178 0.90000 72 3.20000
3315000 23 6.47826 27 74 168 0.86957 73 2.78261
3320000 21 7.14286 26 68 172 0.95238 74 3.09524
3325000 18 7.72222 26 84 164 0.94444 73 3.61111
3330000 22 6.18182 23 84 154 0.86364 74 2.95455
3335000 21 6.66667 23 75 166 0.95238 72 3.23810
3340000 21 6.95238 22 71 172 1.00000 72 3.23810
3345000 24 6.25000 20 47 164 0.91667 72 2.87500
3350000 20 6.95000 19 59 155 0.95000 72 3.40000
3355000 20 6.65000 18 64 155 0.90000 71 3.30000
3360000 21 6.28571 16 70 148 0.95238 72 3.23810
3365000 20 6.10000 15 71 146 0.95000 70 3.25000
3370000 25 5.12000 13 65 141 0.92000 72 2.76000
3375000 24 5.12500 11 72 141 0.91667 73 2.95833
3380000 20 5.75000 12 85 141 1.00000 71 3.30000
3385000 24 5.04167 12 77 143 0.87500 69 2.66667
3390000 21 5.71429 14 90 144 0.85714 70 2.95238
3395000 21 6.00000 16 81 145 0.95238 72 3.19048
3400000 20 6.20000 15 79 146 0.95000 74 3.25000
3405000 19 6.63158 15 80 155 0.89474 73 3.26316
3410000 18 7.22222 14 75 155 1.00000 73 3.44444
3415000 21 6.38095 14 67 154 0.90476 70 3.04762
3420000 22 6.13636 15 77 157 0.90909 69 2.95455
3425000 21 6.66667 18 80 164 0.95238 72 3.09524
3430000 22 6.22727 16 84 162 0.95455 69 3.00000
3435000 24 5.70833 14 75 155 0.87500 71 2.79167
3440000 23 6.00000 14 71 159 0.86957 72 2.91304
3445000 23 5.91304 14 69 154 0.95652 73 3.04348
3450000 21 6.47619 16 72 159 0.95238 71 3.23810
3455000 21 6.57143 15 75 168 0.95238 73 3.28571
3460000 20 7.10000 17 73 162 1.00000 71 3.45000
3465000 24 6.20833 16 64 165 0.95833 73 3.00000
3470000 25 5.80000 16 54 161 0.92000 73 2.84000
3475000 23 6.08696 16 59 152 0.95652 75 3.08696
3480000 22 6.50000 21 50 160 1.00000 74 3.09091
3485000 21 6.76190 21 55 163 1.00000 74 3.33333
3490000 19 7.36842 24 57 153 0.94737 70 3.52632
3495000 22 6.45455 24 52 150 0.90909 70 3.09091
3500000 22 6.63636 23 63 168 1.00000 74 3.22727
3505000 19 7.57895 25 66 168 1.00000 73 3.68421
3510000 20 7.20000 23 64 158 0.95000 73 3.40000
3515000 20 6.90000 21 64 156 0.95000 73 3.20000
3520000 21 7.28571 22 51 167 0.90476 74 3.23810
3525000 20 7.15000 20 53 163 1.00000 71 3.50000
3530000 21 6.47619 17 68 153 0.95238 71 3.28571
3535000 18 7.27778 17 67 152 0.94444 69 3.77778
3540000 20 6.90000 18 66 153 0.90000 69 3.40000
3545000 19 6.84211 17 71 143 0.94737 69 3.52632
3550000 20 6.75000 15 70 156 0.90000 70 3.40000
3555000 20 6.40000 16 64 140 0.90000 70 3.40000
3560000 18 7.00000 28 61 139 0.88889 69 3.72222
3565000 19 6.36842 27 61 141 1.00000 72 3.68421
3570000 19 6.31579 29 73 141 0.94737 75 3.73684
3575000 21 5.76190 17 73 138 0.90476 73 3.28571
3580000 21 5.80952 25 82 145 0.85714 74 3.33333
3585000 20 6.45000 28 68 140 0.90000 72 3.50000
3590000 15 7.93333 26 87 142 0.93333 72 4.53333
3595000 17 7.47059 29 89 152 1.00000 74 4.11765
3600000 18 7.00000 23 84 150 0.94444 69 3.61111
3605000 17 7.17647 21 87 151 0.88235 72 3.82353
3610000 17 7.58824 23 82 155 0.94118 70 3.82353
3615000 16 8.00000 27 84 152 0.93750 72 4.18750
3620000 18 7.16667 25 81 155 0.94444 71 3.66667
3625000 21 6.38095 22 66 147 0.85714 71 3.19048
3630000 17 7.41176 23 74 145 0.94118 70 3.82353
3635000 20 6.25000 22 74 141 0.80000 75 3.45000
3640000 18 6.83333 19 71 143 0.94444 75 3.66667
3645000 18 6.94444 18 75 149 1.00000 74 3.83333
3650000 15 8.06667 20 73 156 0.93333 76 4.46667
3655000 15 7.60000 20 82 142 0.86667 75 4.33333
3660000 16 7.50000 21 78 142 1.00000 70 4.12500
3665000 17 7.17647 25 79 146 0.88235 72 3.94118
3670000 17 7.00000 22 83 147 0.94118 68 3.82353
3675000 17 7.29412 23 79 147 1.00000 73 3.94118
3680000 17 7.58824 22 76 142 0.88235 65 3.70588
3685000 19 6.52632 18 75 152 0.89474 65 3.31579
3690000 17 7.29412 19 70 145 1.00000 65 3.64706
3695000 20 6.30000 23 69 138 0.90000 61 3.05000
3700000 18 6.44444 20 78 143 0.94444 61 3.27778
3705000 19 6.31579 18 71 139 0.94737 67 3.26316
3710000 19 6.26316 18 72 141 0.94737 65 3.15789
3715000 19 6.47368 17 73 148 1.00000 66 3.15789
3720000 23 5.65217 14 68 147 0.91304 69 2.78261
3725000 22 5.86364 15 75 150 0.95455 73 3.04545
3730000 20 6.75000 17 70 157 1.00000 74 3.30000
3735000 25 5.40000 16 58 151 0.96000 75 2.80000
3740000 17 6.41176 14 85 138 1.00000 71 3.70588
3745000 21 5.80952 12 73 140 0.95238 68 2.85714
3750000 19 6.36842 13 86 142 0.89474 64 3.05263
3755000 21 5.42857 14 77 130 0.80952 70 2.90476
3760000 21 5.38095 15 82 137 0.85714 68 2.95238
3765000 22 5.36364 13 75 143 0.95455 68 2.81818
3770000 21 5.00000 12 75 124 0.85714 68 2.95238
3775000 23 5.39130 13 70 144 0.95652 68 2.78261
3780000 23 5.34783 12 69 135 0.95652 67 2.82609
3785000 19 6.63158 19 78 151 0.94737 70 3.36842
3790000 23 5.56522 19 82 147 0.86957 69 2.82609
3795000 23 5.86957 22 87 160 1.00000 72 3.00000
3800000 22 6.31818 21 71 165 1.00000 72 3.00000
3805000 20 6.70000 21 70 156 0.90000 72 3.15000
3810000 21 6.28571 20 80 155 0.95238 70 3.00000
3815000 22 6.04545 16 70 148 0.95455 67 2.86364
3820000 26 5.42308 18 60 150 0.88462 64 2.30769
3825000 27 5.11111 18 61 150 0.88889 68 2.40741
3830000 23 5.82609 18 67 142 0.91304 66 2.73913
3835000 21 6.23810 19 72 160 1.00000 72 3.14286
3840000 24 5.41667 20 65 144 0.87500 71 2.79167
3845000 22 5.77273 19 75 142 0.86364 74 3.00000
3850000 23 5.60870 20 67 149 0.91304 77 2.95652
3855000 24 5.58333 19 70 154 1.00000 75 2.87500
3860000 23 5.91304 19 64 159 1.00000 76 3.00000
3865000 24 5.50000 15 62 148 0.91667 75 2.95833
3870000 22 5.63636 13 69 144 1.00000 74 3.18182
3875000 25 4.92000 13 64 142 1.00000 75 2.84000
3880000 22 4.86364 13 67 126 0.95455 69 3.00000
3885000 22 4.95455 12 63 124 0.95455 70 3.00000
3890000 19 5.31579 12 71 134 1.00000 70 3.26316
3895000 22 5.22727 13 66 139 0.95455 73 3.00000
3900000 26 4.84615 11 69 142 0.84615 75 2.57692
3905000 24 5.25000 13 71 156 1.00000 77 3.04167
3910000 27 4.96296 13 66 160 0.96296 73 2.62963
3915000 25 5.44000 17 70 148 0.92000 73 2.88000
3920000 20 6.50000 17 69 155 1.00000 74 3.50000
3925000 20 6.30000 18 74 145 0.95000 74 3.50000
3930000 22 5.95455 18 79 147 0.90909 76 3.27273
3935000 22 5.77273 19 82 149 0.90909 75 3.22727
3940000 17 7.64706 19 85 157 1.00000 76 4.11765
3945000 17 7.58824 17 78 153 0.94118 72 4.05882
3950000 19 7.00000 17 69 150 0.89474 69 3.52632
3955000 21 6.38095 18 63 147 0.85714 72 3.33333
3960000 18 6.72222 17 64 137 0.94444 71 3.77778
3965000 19 6.36842 15 66 141 0.94737 71 3.63158
3970000 19 6.00000 15 65 139 0.94737 72 3.57895
3975000 16 6.87500 16 73 134 1.00000 70 3.87500
3980000 18 6.77778 16 68 137 0.88889 65 3.44444
3985000 21 6.14286 16 58 139 0.80952 69 3.19048
3990000 16 7.68750 17 69 143 0.93750 71 4.12500
3995000 17 7.29412 17 72 153 1.00000 75 3.82353
4000000 19 6.89474 19 64 154 1.00000 74 3.73684
4005000 23 5.86957 19 63 152 0.95652 78 3.21739
4010000 22 5.77273 19 69 142 0.86364 71 3.04545
4015000 18 6.44444 18 81 154 1.00000 74 3.50000
4020000 22 5.63636 21 74 148 1.00000 73 2.95455
4025000 22 5.63636 20 74 144 1.00000 73 3.09091
4030000 22 6.00000 21 68 155 1.00000 72 3.09091
4035000 22 5.81818 23 77 148 0.90909 73 3.09091
4040000 23 6.04348 25 72 161 0.82609 76 3.00000
4045000 21 6.23810 23 69 147 0.95238 75 3.33333
4050000 21 5.95238 22 66 140 0.85714 73 3.23810
4055000 19 5.84211 22 79 133 0.89474 75 3.42105
4060000 21 5.57143 22 73 141 0.95238 72 3.09524
4065000 19 6.36842 23 75 143 0.94737 69 3.52632
4070000 20 6.20000 21 72 145 0.90000 66 3.15000
4075000 18 6.55556 20 82 150 1.00000 66 3.38889
4080000 18 5.94444 19 87 136 0.94444 71 3.50000
4085000 19 6.15789 20 84 143 0.94737 67 3.26316
4090000 22 5.81818 21 71 140 0.81818 67 2.90909
4095000 21 6.14286 17 67 139 0.90476 69 3.09524
4100000 16 7.50000 16 82 143 1.00000 69 3.93750
4105000 16 7.00000 16 85 141 1.00000 66 3.87500
4110000 18 6.61111 16 78 136 0.94444 66 3.44444
4115000 12 8.58333 15 86 135 1.00000 65 4.75000
4120000 17 6.94118 16 72 140 0.82353 65 3.35294
4125000 19 6.47368 19 72 145 0.84211 73 3.26316
4130000 16 7.25000 18 81 142 0.93750 73 3.87500
4135000 19 6.78947 18 74 143 0.89474 70 3.42105
4140000 18 6.94444 18 82 154 0.94444 70 3.61111
4145000 22 6.27273 19 69 155 0.86364 72 3.04545
4150000 19 7.05263 21 75 154 0.94737 73 3.47368
4155000 19 6.94737 21 64 148 0.84211 70 3.47368
4160000 17 6.94118 20 72 137 1.00000 73 3.76471
4165000 17 6.82353 21 71 136 0.94118 67 3.76471
4170000 17 6.76471 19 68 136 0.94118 70 3.76471
4175000 17 7.11765 19 64 142 0.94118 71 3.94118
4180000 20 6.45000 20 66 143 0.80000 71 3.35000
4185000 22 5.90909 18 66 143 0.90909 70 3.18182
4190000 18 6.83333 18 66 136 1.00000 70 3.77778
4195000 18 6.55556 18 74 133 0.94444 72 3.88889
4200000 17 6.64706 18 85 139 1.00000 72 4.05882
4205000 18 6.33333 18 77 139 0.94444 73 3.66667
4210000 19 6.15789 18 66 136 0.94737 76 3.57895
4215000 18 6.33333 16 70 136 0.94444 72 3.77778
4220000 18 6.55556 18 77 147 0.94444 74 3.88889
4225000 17 6.82353 19 73 132 1.00000 74 4.11765
4230000 16 7.50000 22 71 140 1.00000 73 4.37500
4235000 20 6.30000 23 63 140 0.95000 71 3.45000
4240000 18 6.55556 22 78 134 0.88889 71 3.88889
4245000 21 5.80952 23 77 143 0.95238 72 3.23810
4250000 20 6.55000 24 68 149 0.90000 73 3.50000
4255000 21 6.33333 21 76 152 0.85714 75 3.33333
4260000 18 7.33333 20 72 156 0.94444 74 3.94444
4265000 19 7.00000 19 65 141 0.94737 72 3.73684
4270000 19 6.52632 17 78 141 0.94737 71 3.68421
4275000 20 6.45000 17 74 151 0.95000 70 3.45000
4280000 18 7.50000 18 83 159 0.94444 72 3.66667
4285000 17 7.88235 22 71 150 0.94118 71 3.94118
4290000 19 6.84211 20 76 149 1.00000 72 3.42105
4295000 20 6.65000 18 63 145 0.85000 72 3.35000
4300000 16 7.75000 20 69 146 1.00000 71 4.06250
4305000 17 6.76471 17 67 133 1.00000 71 3.82353
4310000 18 6.11111 15 72 134 0.94444 74 3.72222
4315000 20 6.15000 16 69 148 0.90000 75 3.45000
4320000 19 6.31579 15 72 138 0.89474 71 3.57895
4325000 18 6.77778 18 67 145 1.00000 72 3.83333
4330000 19 6.52632 16 71 150 0.94737 73 3.63158
4335000 17 7.52941 19 71 153 0.88235 71 3.94118
4340000 19 6.84211 18 76 149 0.84211 71 3.52632
4345000 20 6.60000 18 68 148 0.85000 70 3.35000
4350000 17 7.64706 19 66 146 0.94118 67 3.82353
4355000 15 8.26667 17 74 149 1.00000 69 4.26667
4360000 18 7.11111 17 70 145 0.94444 67 3.66667
4365000 19 6.68421 17 71 142 0.94737 68 3.52632
4370000 20 6.90000 20 71 163 0.95000 70 3.30000
4375000 20 6.60000 21 71 151 0.90000 70 3.25000
4380000 18 7.11111 21 70 155 1.00000 70 3.61111
4385000 23 6.00000 21 62 159 0.86957 73 3.00000
4390000 23 6.17391 18 65 160 0.91304 72 2.91304
4395000 18 7.11111 29 76 151 1.00000 71 3.77778
4400000 16 8.18750 16 69 151 0.93750 69 3.93750
4405000 15 8.80000 16 67 156 1.00000 68 4.20000
4410000 13 8.76923 15 80 142 1.00000 68 4.61538
4415000 14 7.85714 14 89 138 1.00000 63 4.28571
4420000 16 7.50000 17 76 138 1.00000 64 3.81250
4425000 19 6.52632 16 66 151 1.00000 66 3.15789
4430000 19 6.21053 14 72 138 0.94737 68 3.10526
4435000 23 5.73913 13 59 144 0.86957 68 2.78261
4440000 19 6.47368 14 67 143 0.89474 64 3.15789
4445000 17 6.41176 12 77 135 0.94118 65 3.58824
4450000 20 6.00000 12 73 144 0.90000 68 3.15000
4455000 17 6.70588 12 80 143 0.94118 69 3.70588
4460000 22 5.77273 11 74 155 0.90909 70 2.90909
4465000 20 6.35000 13 74 143 0.85000 67 3.25000
4470000 17 7.58824 14 72 150 1.00000 68 3.88235
4475000 20 6.80000 29 75 155 0.95000 65 3.15000
4480000 18 7.38889 27 74 160 1.00000 68 3.72222
4485000 18 7.66667 26 64 160 1.00000 72 3.77778
4490000 19 7.10526 25 65 152 0.94737 70 3.47368
4495000 21 6.52381 22 69 163 0.90476 67 2.95238
4500000 18 7.66667 39 76 161 1.00000 71 3.55556
4505000 19 7.78947 37 65 166 1.00000 72 3.63158
4510000 18 8.00000 36 64 161 1.00000 71 3.77778
4515000 19 7.21053 25 67 162 1.00000 71 3.57895
4520000 18 7.33333 25 62 154 0.94444 69 3.66667
4525000 16 8.31250 25 71 157 0.93750 73 4.12500
4530000 17 8.00000 37 57 151 0.94118 72 4.05882
4535000 19 7.47368 35 57 154 0.94737 70 3.47368
4540000 17 7.64706 25 59 152 1.00000 72 3.94118
4545000 20 7.20000 29 57 154 0.90000 72 3.25000
4550000 17 8.23529 40 63 162 1.00000 74 3.94118
4555000 18 7.88889 36 54 157 0.94444 73 3.83333
4560000 17 8.47059 37 49 162 1.00000 73 4.11765
4565000 17 7.64706 34 59 148 1.00000 72 4.11765
4570000 17 7.58824 32 56 142 1.00000 73 4.17647
4575000 18 7.22222 32 57 143 0.94444 72 3.94444
4580000 17 7.64706 32 68 158 1.00000 73 4.17647
4585000 18 7.66667 32 59 154 0.94444 71 3.88889
4590000 17 7.70588 36 59 147 1.00000 71 4.17647
4595000 21 6.61905 36 60 150 0.85714 72 3.33333
4600000 20 7.05000 33 55 148 0.95000 73 3.50000
4605000 19 7.47368 37 56 155 0.94737 70 3.57895
4610000 18 7.77778 35 71 155 0.88889 72 3.77778
4615000 16 8.56250 32 72 156 1.00000 71 4.31250
4620000 19 7.31579 31 65 149 0.89474 75 3.68421
4625000 17 7.88235 34 77 148 0.88235 74 4.11765
4630000 19 7.42105 37 71 152 0.94737 74 3.63158
4635000 18 7.50000 35 69 155 1.00000 74 3.77778
4640000 17 7.70588 34 78 156 0.94118 73 4.17647
4645000 17 7.64706 28 76 153 0.94118 71 4.05882
4650000 20 6.70000 24 65 145 0.85000 72 3.50000
4655000 21 6.57143 27 64 153 0.90476 72 3.33333
4660000 17 7.88235 34 70 155 0.94118 73 4.11765
4665000 19 7.00000 31 71 151 0.94737 74 3.73684
4670000 20 6.75000 31 67 147 0.95000 71 3.40000
4675000 15 8.33333 30 71 148 1.00000 70 4.33333
4680000 14 8.35714 27 78 150 1.00000 66 4.50000
4685000 19 6.42105 27 63 137 0.84211 68 3.31579
4690000 20 5.90000 23 61 139 0.95000 72 3.25000
4695000 22 5.68182 23 62 136 0.86364 69 2.95455
4700000 21 5.76190 25 67 135 0.95238 70 3.19048
4705000 19 6.31579 27 80 146 1.00000 68 3.36842
4710000 20 6.00000 24 80 135 0.90000 70 3.35000
4715000 19 6.36842 31 87 148 0.89474 74 3.36842
4720000 19 6.47368 32 79 147 0.78947 68 3.31579
4725000 16 7.50000 30 78 138 0.87500 67 3.87500
4730000 17 7.05882 31 87 149 0.94118 69 3.58824
4735000 20 6.10000 28 82 145 0.95000 69 3.25000
4740000 20 5.95000 24 85 147 0.85000 66 3.10000
4745000 22 5.31818 23 90 145 1.00000 70 3.00000
4750000 23 5.56522 24 74 153 1.00000 72 2.86957
4755000 22 5.86364 21 68 145 0.90909 72 3.09091
4760000 19 6.42105 23 68 141 0.94737 75 3.52632
4765000 21 5.61905 23 75 143 0.90476 77 3.28571
4770000 19 6.26316 24 70 148 1.00000 75 3.78947
4775000 18 6.38889 27 78 138 0.83333 72 3.77778
4780000 19 6.26316 26 85 147 0.84211 72 3.63158
4785000 19 6.57895 26 80 152 0.94737 73 3.63158
4790000 15 7.80000 26 83 154 1.00000 73 4.53333
4795000 17 7.29412 28 81 148 0.94118 71 4.00000
4800000 15 7.93333 27 84 147 0.86667 74 4.40000
4805000 19 6.68421 27 74 148 0.94737 73 3.57895
4810000 16 7.18750 29 82 143 1.00000 76 4.31250
4815000 19 6.36842 29 77 148 0.94737 74 3.63158
4820000 18 6.61111 28 84 144 0.88889 74 3.72222
4825000 21 6.09524 28 75 149 0.85714 74 3.23810
4830000 22 5.63636 29 75 139 0.86364 72 3.13636
4835000 20 5.80000 28 83 134 0.90000 71 3.40000
4840000 19 6.26316 32 83 139 0.84211 71 3.52632
4845000 18 6.16667 30 85 125 0.88889 71 3.72222
4850000 20 5.70000 29 75 133 0.80000 71 3.25000
4855000 18 6.38889 27 79 134 0.72222 69 3.61111
4860000 18 6.94444 29 68 140 0.88889 70 3.66667
4865000 16 7.37500 30 79 143 0.93750 73 4.18750
4870000 20 6.85000 34 65 160 0.95000 74 3.55000
4875000 16 8.43750 32 68 149 0.87500 72 4.25000
4880000 16 8.56250 35 81 162 0.93750 77 4.43750
4885000 19 7.68421 35 73 163 0.84211 74 3.68421
4890000 17 8.11765 35 76 160 0.88235 73 4.11765
4895000 16 8.50000 36 80 157 0.87500 73 4.25000
4900000 19 7.26316 29 74 165 0.89474 77 3.63158
4905000 18 7.77778 33 73 158 0.83333 77 3.88889
4910000 17 7.76471 30 86 157 1.00000 78 4.41176
4915000 16 7.93750 30 87 155 1.00000 76 4.50000
4920000 21 6.71429 29 78 158 0.85714 78 3.61905
4925000 16 7.68750 26 93 156 1.00000 78 4.68750
4930000 16 8.06250 31 90 156 1.00000 76 4.43750
4935000 18 7.44444 29 82 162 1.00000 77 4.00000
4940000 17 7.52941 27 82 151 1.00000 77 4.41176
4945000 21 6.28571 26 75 156 0.90476 78 3.66667
4950000 19 6.63158 26 72 145 0.94737 78 3.94737
4955000 18 6.77778 23 73 147 0.88889 77 4.00000
4960000 15 7.66667 22 76 137 1.00000 77 4.73333
4965000 15 6.73333 20 83 123 0.93333 75 4.60000
4970000 16 6.62500 21 95 137 0.93750 77 4.43750
4975000 17 6.70588 22 89 138 1.00000 77 4.29412
4980000 20 5.65000 19 84 136 0.75000 75 3.50000
4985000 19 6.26316 23 78 135 0.84211 75 3.78947
4990000 18 6.16667 21 86 143 0.94444 77 3.88889
4995000 20 6.20000 22 79 142 0.95000 75 3.65000
5000000 22 5.86364 18 81 148 0.86364 75 3.27273
5005000 21 5.95238 16 90 150 0.95238 72 3.33333
5010000 21 6.00000 17 91 152 0.90476 71 3.33333
5015000 21 6.23810 23 82 153 0.85714 73 3.19048
5020000 19 6.57895 25 82 154 0.94737 72 3.52632
5025000 20 6.20000 24 74 146 0.95000 73 3.45000
5030000 19 6.36842 29 77 148 0.84211 75 3.57895
5035000 17 6.94118 24 79 140 1.00000 74 4.00000
5040000 19 6.57895 25 72 151 0.94737 76 3.52632
5045000 19 6.31579 20 82 140 0.94737 72 3.57895
5050000 19 5.94737 20 73 133 0.94737 71 3.36842
5055000 16 6.62500 20 78 132 1.00000 70 4.00000
5060000 22 5.31818 20 73 135 0.90909 70 3.04545
5065000 19 5.84211 18 73 133 0.89474 70 3.52632
5070000 19 6.10526 19 72 138 0.94737 72 3.68421
5075000 21 5.76190 18 74 141 0.90476 73 3.33333
5080000 19 6.84211 22 75 149 1.00000 75 3.78947
5085000 17 7.47059 26 75 143 0.94118 71 4.05882
5090000 19 6.84211 24 70 139 0.84211 73 3.63158
5095000 19 6.84211 25 67 140 0.89474 74 3.73684
5100000 17 7.58824 24 65 146 0.94118 75 4.11765
5105000 21 6.42857 27 61 153 0.85714 76 3.38095
5110000 21 6.47619 28 64 147 0.90476 74 3.42857
5115000 22 5.86364 25 71 146 0.86364 75 3.36364
5120000 20 6.55000 29 61 146 0.95000 74 3.65000
5125000 17 7.11765 28 62 140 1.00000 75 4.17647
5130000 20 6.05000 28 68 142 0.90000 75 3.45000
5135000 20 5.85000 24 74 135 0.90000 71 3.35000
5140000 19 6.10526 21 83 137 0.84211 72 3.52632
5145000 23 5.21739 19 80 137 0.91304 69 2.86957
5150000 21 5.52381 16 94 145 0.95238 72 3.19048
5155000 22 5.63636 18 84 145 0.86364 75 3.09091
5160000 18 6.72222 19 90 150 0.94444 74 3.83333
5165000 15 8.26667 21 83 147 0.93333 75 4.53333
5170000 18 7.44444 35 84 155 0.83333 72 3.77778
5175000 16 8.18750 43 76 152 0.87500 75 4.31250
5180000 19 7.10526 44 70 152 0.78947 71 3.52632
5185000 18 7.00000 36 80 150 0.88889 73 3.77778
5190000 17 7.11765 32 81 143 0.76471 74 3.88235
5195000 15 7.73333 31 88 136 0.73333 74 4.33333
5200000 16 7.62500 33 79 141 0.93750 71 4.06250
5205000 15 8.33333 34 79 145 0.80000 68 4.26667
5210000 16 7.75000 35 85 146 0.87500 71 4.18750
5215000 22 5.81818 33 72 142 0.86364 72 3.09091
5220000 21 6.09524 30 69 146 0.95238 73 3.33333
5225000 19 6.63158 28 76 151 0.84211 73 3.57895
5230000 19 6.42105 27 73 144 1.00000 74 3.68421
5235000 23 5.73913 29 64 156 1.00000 72 3.04348
5240000 18 6.72222 29 73 145 1.00000 70 3.72222
5245000 20 6.40000 31 74 146 0.85000 71 3.40000
5250000 20 6.75000 32 68 159 0.95000 72 3.40000
5255000 22 6.31818 29 67 160 0.90909 68 3.04545
5260000 18 7.16667 31 79 150 0.94444 70 3.66667
5265000 20 6.70000 28 72 159 1.00000 72 3.35000
5270000 22 6.04545 28 72 162 0.86364 75 3.09091
5275000 18 7.05556 30 70 155 1.00000 72 3.77778
5280000 17 7.29412 29 72 151 1.00000 74 4.11765
5285000 18 6.61111 26 76 146 1.00000 73 3.88889
5290000 22 5.72727 25 71 150 0.90909 74 3.22727
5295000 17 6.82353 23 76 141 1.00000 71 3.82353
5300000 17 7.05882 25 75 144 1.00000 70 3.88235
5305000 17 7.00000 22 77 146 0.94118 72 3.82353
5310000 18 6.61111 22 78 142 0.83333 73 3.61111
5315000 16 7.37500 22 76 136 0.93750 72 4.12500
5320000 19 6.68421 26 65 144 0.89474 72 3.73684
5325000 17 6.70588 24 74 136 0.94118 72 4.05882
5330000 16 7.37500 26 80 143 1.00000 73 4.37500
5335000 18 6.50000 24 81 145 1.00000 72 3.77778
5340000 19 6.47368 24 76 144 0.89474 74 3.52632
5345000 21 6.00000 25 80 146 0.95238 73 3.23810
5350000 19 6.47368 26 86 142 1.00000 70 3.52632
5355000 22 6.04545 29 78 149 0.95455 72 3.18182
5360000 18 6.94444 31 80 148 0.94444 68 3.66667
5365000 19 6.42105 29 79 148 0.94737 69 3.42105
5370000 22 5.77273 30 73 140 0.86364 72 3.09091
5375000 21 6.28571 31 78 161 0.95238 71 3.28571
5380000 18 7.05556 31 80 147 0.88889 72 3.77778
5385000 17 7.64706 32 77 160 0.82353 70 3.70588
5390000 20 6.45000 29 74 154 0.95000 69 3.15000
5395000 18 6.88889 29 74 150 0.94444 72 3.50000
5400000 18 6.94444 29 77 148 1.00000 70 3.61111
5405000 17 6.94118 29 87 146 1.00000 70 3.64706
5410000 21 5.85714 25 74 149 1.00000 71 3.14286
5415000 19 6.10526 26 88 140 0.94737 71 3.47368
5420000 21 5.71429 26 79 145 0.90476 76 3.14286
5425000 21 6.09524 26 76 151 0.90476 75 3.28571
5430000 20 6.30000 26 73 150 1.00000 73 3.50000
5435000 21 6.19048 24 63 156 1.00000 74 3.28571
5440000 20 6.80000 25 62 159 0.95000 72 3.30000
5445000 20 6.45000 23 69 148 0.95000 71 3.40000
5450000 20 6.45000 22 67 157 0.90000 74 3.30000
5455000 18 6.50000 23 84 143 0.94444 75 3.66667
5460000 21 5.76190 23 81 137 1.00000 72 3.19048
5465000 22 5.59091 21 75 145 0.95455 70 3.13636
5470000 23 5.52174 20 69 139 0.86957 71 2.91304
5475000 20 5.90000 20 74 143 0.90000 73 3.40000
5480000 22 5.59091 21 74 148 0.81818 73 3.09091
5485000 17 6.70588 21 74 140 0.94118 73 3.94118
5490000 20 6.20000 19 70 144 0.85000 70 3.35000
5495000 19 6.26316 20 76 143 0.89474 74 3.52632
5500000 21 5.85714 21 68 141 0.85714 74 3.28571
5505000 18 6.61111 22 72 142 1.00000 72 3.77778
5510000 19 6.26316 24 64 138 1.00000 77 3.73684
5515000 17 7.05882 29 68 144 1.00000 74 4.11765
5520000 19 6.21053 28 70 136 1.00000 75 3.84211
5525000 17 6.35294 24 77 126 0.94118 73 4.05882
5530000 21 5.76190 25 62 134 0.85714 75 3.38095
5535000 19 6.15789 23 66 136 1.00000 71 3.63158
5540000 19 6.36842 22 66 140 0.89474 69 3.57895
5545000 17 7.00000 21 69 148 0.94118 68 3.94118
5550000 15 8.20000 24 71 141 1.00000 71 4.40000
5555000 17 7.47059 24 66 152 1.00000 75 4.00000
5560000 21 6.66667 27 59 153 1.00000 75 3.47619
5565000 17 7.29412 26 76 149 1.00000 74 4.11765
5570000 19 6.84211 29 73 154 0.84211 76 3.68421
5575000 16 7.50000 26 82 148 0.93750 75 4.37500
5580000 15 7.86667 23 75 151 0.93333 77 4.66667
5585000 19 6.52632 22 72 156 0.89474 73 3.47368
5590000 19 6.36842 21 74 148 1.00000 71 3.52632
5595000 22 5.72727 19 63 142 0.86364 71 3.00000
5600000 20 6.30000 16 75 155 0.95000 72 3.25000
5605000 21 5.95238 19 76 148 0.90476 72 3.19048
5610000 22 5.77273 20 73 144 0.95455 69 2.95455
5615000 23 5.78261 19 67 147 0.91304 69 2.86957
5620000 21 6.00000 18 72 155 0.95238 72 3.23810
5625000 20 6.00000 17 74 147 0.95000 71 3.35000
5630000 18 6.33333 20 77 148 1.00000 73 3.72222
5635000 18 6.16667 17 77 132 0.94444 69 3.66667
5640000 17 6.70588 16 76 135 0.94118 68 3.88235
5645000 19 6.05263 16 73 131 0.94737 68 3.47368
5650000 21 5.71429 14 71 139 0.85714 70 3.23810
5655000 18 6.38889 22 78 135 1.00000 71 3.88889
5660000 17 7.23529 25 76 147 0.94118 72 4.05882
5665000 19 6.47368 24 82 146 0.89474 74 3.57895
5670000 17 7.11765 23 80 148 0.94118 72 3.94118
5675000 15 7.80000 25 84 136 0.86667 67 4.13333
5680000 15 7.73333 25 80 144 0.93333 70 4.13333
5685000 18 6.55556 20 75 134 0.88889 68 3.55556
5690000 14 7.42857 18 90 134 1.00000 67 4.57143
5695000 16 6.93750 17 85 133 0.93750 69 3.93750
5700000 15 7.93333 19 85 138 0.80000 71 4.26667
5705000 16 7.37500 24 87 145 0.87500 71 4.18750
5710000 17 7.70588 21 79 156 0.88235 70 3.88235
5715000 14 9.21429 30 82 155 1.00000 69 4.57143
5720000 20 7.15000 30 71 154 0.85000 69 3.30000
5725000 18 7.66667 31 72 155 0.77778 64 3.55556
5730000 16 8.43750 33 88 159 0.93750 70 4.18750
5735000 16 8.81250 35 82 171 0.93750 73 4.37500
5740000 18 7.66667 32 73 154 1.00000 70 3.66667
5745000 17 7.58824 37 77 144 0.88235 67 3.82353
5750000 13 9.46154 37 83 146 0.92308 71 4.92308
5755000 13 9.38462 37 87 145 1.00000 70 5.07692
5760000 18 7.33333 38 75 150 0.83333 71 3.77778
5765000 16 8.31250 38 83 156 0.87500 74 4.37500
5770000 16 8.31250 34 77 159 1.00000 74 4.43750
5775000 16 8.43750 30 76 165 1.00000 74 4.31250
5780000 14 9.21429 27 87 156 1.00000 71 4.71429
5785000 16 8.12500 26 81 155 0.93750 74 4.31250
5790000 16 8.18750 27 73 151 0.93750 74 4.31250
5795000 16 8.43750 30 72 159 0.93750 76 4.50000
5800000 16 8.50000 24 81 157 0.87500 74 4.37500
5805000 16 8.00000 22 88 154 1.00000 75 4.43750
5810000 16 7.87500 26 92 153 0.93750 74 4.43750
5815000 19 7.00000 27 84 150 0.89474 72 3.68421
5820000 21 6.61905 27 76 155 0.85714 73 3.42857
5825000 18 6.77778 22 86 141 0.88889 72 3.88889
5830000 22 5.77273 18 78 143 0.90909 69 3.09091
5835000 18 6.00000 16 87 132 1.00000 69 3.61111
5840000 19 5.63158 17 86 130 0.89474 67 3.31579
5845000 13 7.69231 18 88 128 0.92308 66 4.76923
5850000 17 6.64706 20 73 122 0.76471 64 3.58824
5855000 20 6.05000 18 68 131 0.80000 67 3.15000
5860000 17 7.00000 17 72 138 0.88235 70 3.88235
5865000 17 7.64706 31 68 146 1.00000 72 4.11765
5870000 16 7.87500 31 73 151 0.93750 74 4.31250
5875000 14 8.92857 32 68 145 0.92857 74 4.71429
5880000 14 9.07143 32 77 153 1.00000 70 4.71429
5885000 13 10.30769 34 74 161 1.00000 72 5.00000
5890000 15 9.00000 33 77 152 0.86667 71 4.33333
5895000 18 7.83333 32 70 166 1.00000 73 3.77778
5900000 15 9.33333 47 75 166 1.00000 74 4.53333
5905000 17 8.35294 41 66 161 1.00000 75 4.23529
5910000 19 7.57895 41 66 166 1.00000 75 3.78947
5915000 17 7.82353 36 75 158 1.00000 74 4.05882
5920000 20 6.55000 35 78 163 1.00000 74 3.65000
5925000 19 6.68421 34 81 152 0.89474 74 3.52632
5930000 18 7.16667 32 73 156 1.00000 74 3.88889
5935000 18 6.83333 31 80 141 0.88889 74 3.72222
5940000 20 6.50000 31 82 157 0.90000 74 3.35000
5945000 20 6.55000 27 80 159 0.90000 72 3.35000
5950000 19 6.73684 31 77 157 0.94737 75 3.63158
5955000 17 7.52941 37 75 161 0.94118 75 4.05882
5960000 15 8.46667 41 74 156 1.00000 75 4.60000
5965000 17 7.76471 40 69 150 0.94118 72 4.00000
5970000 19 7.10526 36 65 159 1.00000 74 3.57895
5975000 19 6.84211 32 66 154 0.89474 73 3.52632
5980000 16 7.87500 35 69 156 1.00000 74 4.18750
5985000 19 6.84211 32 64 148 0.94737 72 3.57895
5990000 19 6.73684 30 65 138 0.89474 72 3.57895
5995000 18 7.16667 33 67 150 1.00000 72 3.83333
6000000 19 6.68421 34 71 150 1.00000 72 3.52632
6005000 20 6.25000 34 66 143 0.95000 76 3.40000
6010000 18 6.44444 25 72 137 1.00000 75 3.77778
6015000 18 6.61111 22 75 150 0.88889 74 3.77778
6020000 19 6.68421 22 71 150 1.00000 73 3.68421
6025000 16 7.06250 20 77 143 1.00000 70 4.18750
6030000 20 6.20000 19 80 145 0.85000 71 3.40000
6035000 21 6.28571 20 74 153 0.95238 73 3.23810
6040000 20 6.00000 17 76 141 0.95000 73 3.35000
6045000 20 5.90000 15 83 146 0.95000 72 3.40000
6050000 22 5.68182 16 73 154 1.00000 71 3.18182
6055000 21 6.00000 20 79 157 0.95238 72 3.19048
6060000 20 6.45000 19 68 146 1.00000 72 3.40000
6065000 18 6.61111 19 83 149 1.00000 70 3.66667
6070000 17 6.70588 17 93 141 1.00000 70 3.70588
6075000 21 6.19048 20 79 151 0.95238 72 3.14286
6080000 20 6.55000 20 78 152 0.95000 75 3.55000
6085000 22 6.40909 18 73 158 0.90909 75 3.27273
6090000 20 7.05000 18 72 157 0.95000 76 3.65000
6095000 17 7.88235 17 79 153 0.94118 76 4.17647
6100000 20 6.80000 17 77 153 0.95000 77 3.70000
6105000 21 6.71429 15 78 159 0.80952 75 3.42857
6110000 19 7.00000 15 76 153 0.94737 77 3.89474
6115000 22 6.22727 14 74 156 0.86364 78 3.36364
6120000 21 6.23810 13 74 154 0.95238 74 3.42857
6125000 20 6.35000 14 76 153 0.90000 75 3.55000
6130000 18 7.22222 18 87 155 0.94444 75 3.88889
6135000 18 7.22222 18 83 155 0.88889 75 3.66667
6140000 22 6.13636 16 76 148 0.81818 71 3.13636
6145000 20 6.65000 16 70 152 0.90000 71 3.50000
6150000 20 6.50000 16 74 148 0.95000 71 3.50000
6155000 19 6.84211 19 71 151 0.94737 68 3.47368
6160000 18 7.00000 20 79 155 0.94444 74 3.66667
6165000 20 6.55000 18 73 150 0.90000 73 3.35000
6170000 18 7.00000 17 76 145 0.94444 68 3.72222
6175000 18 6.66667 15 73 141 0.94444 70 3.72222
6180000 18 6.16667 16 79 145 1.00000 74 3.66667
6185000 19 6.10526 17 76 147 0.94737 75 3.63158
6190000 20 5.70000 17 78 136 1.00000 72 3.45000
6195000 20 5.90000 18 69 140 0.95000 73 3.35000
6200000 19 6.31579 18 67 140 0.89474 71 3.52632
6205000 13 8.92308 22 76 146 0.92308 70 5.00000
6210000 15 8.06667 20 81 144 0.93333 70 4.40000
6215000 14 8.57143 20 83 150 1.00000 69 4.64286
6220000 16 7.75000 21 78 152 0.93750 71 4.18750
6225000 18 7.44444 23 67 153 0.94444 74 3.72222
6230000 17 7.76471 22 63 151 0.94118 73 4.00000
6235000 15 8.20000 22 72 145 1.00000 75 4.46667
6240000 14 8.14286 23 77 141 0.92857 77 4.78571
6245000 17 7.17647 24 72 141 0.82353 71 3.88235
6250000 14 7.85714 23 81 136 0.92857 74 4.64286
6255000 15 7.33333 23 79 134 0.86667 73 4.33333
6260000 19 6.31579 23 77 144 0.89474 73 3.47368
6265000 20 6.15000 23 75 140 0.95000 75 3.40000
6270000 22 5.68182 24 72 149 0.90909 73 3.09091
6275000 20 5.65000 22 74 138 0.90000 70 3.25000
6280000 18 6.05556 21 90 139 1.00000 74 3.72222
6285000 22 5.36364 20 85 146 0.90909 73 3.04545
6290000 19 5.94737 19 89 138 1.00000 70 3.42105
6295000 23 5.26087 19 85 137 0.91304 71 2.91304
6300000 20 6.00000 20 88 149 1.00000 71 3.25000
6305000 23 5.56522 20 82 149 0.91304 75 3.00000
6310000 21 6.14286 19 73 148 0.90476 70 3.14286
6315000 20 6.60000 17 74 160 1.00000 71 3.40000
6320000 20 6.90000 17 70 157 0.95000 68 3.35000
6325000 21 6.76190 16 68 158 0.90476 70 3.23810
6330000 20 7.00000 16 72 162 0.90000 70 3.35000
6335000 19 7.05263 16 72 151 0.89474 71 3.42105
6340000 18 7.27778 18 69 149 1.00000 72 3.72222
6345000 22 6.77273 17 64 160 0.81818 74 3.09091
6350000 21 6.61905 13 72 158 0.85714 74 3.23810
6355000 20 6.50000 13 73 152 0.95000 71 3.30000
6360000 23 5.60870 12 68 145 0.95652 74 3.04348
6365000 19 6.26316 12 81 149 1.00000 71 3.52632
6370000 22 5.54545 12 73 142 0.90909 72 3.04545
6375000 19 5.73684 11 78 130 0.94737 69 3.42105
6380000 18 6.72222 18 73 146 0.88889 73 3.55556
6385000 20 6.55000 17 64 148 1.00000 76 3.35000
6390000 24 5.66667 18 56 153 1.00000 72 3.00000
6395000 23 5.86957 19 62 158 0.86957 72 3.00000
6400000 24 5.70833 18 70 159 0.91667 77 3.00000
6405000 20 6.70000 23 63 146 0.95000 72 3.40000
6410000 19 7.21053 26 71 156 0.94737 72 3.57895
6415000 21 6.38095 23 73 157 0.95238 74 3.33333
6420000 23 6.13043 23 68 153 0.86957 71 3.04348
6425000 21 6.28571 19 74 148 0.95238 72 3.28571
6430000 22 6.59091 18 61 158 0.90909 73 3.13636
6435000 23 6.43478 17 59 158 0.91304 71 2.91304
6440000 21 6.52381 18 68 156 0.95238 71 3.19048
6445000 24 5.87500 16 65 165 0.87500 73 2.87500
6450000 25 5.44000 17 71 156 0.92000 73 2.72000
6455000 22 6.04545 17 77 155 0.95455 73 3.09091
6460000 24 5.95833 19 65 163 0.91667 76 3.04167
6465000 21 6.47619 19 74 148 0.80952 75 3.33333
6470000 18 7.11111 20 77 151 1.00000 74 3.88889
6475000 21 6.23810 17 69 152 1.00000 77 3.38095
6480000 18 7.33333 17 63 153 0.94444 75 3.83333
6485000 19 6.63158 15 69 149 0.89474 74 3.68421
6490000 20 5.95000 13 73 147 1.00000 74 3.50000
6495000 18 6.44444 18 77 141 0.88889 73 3.77778
6500000 18 6.94444 22 71 143 0.94444 74 3.94444
6505000 19 6.42105 21 74 142 1.00000 71 3.68421
6510000 18 7.11111 21 67 141 1.00000 69 3.77778
6515000 18 7.61111 25 71 152 0.94444 71 3.77778
6520000 17 7.88235 20 66 146 1.00000 67 3.88235
6525000 18 7.33333 24 63 150 0.94444 69 3.66667
6530000 16 7.43750 23 74 138 0.87500 69 4.00000
6535000 17 7.00000 22 76 141 0.94118 67 3.82353
6540000 15 7.73333 23 79 146 1.00000 67 4.26667
6545000 18 6.77778 21 74 146 0.83333 71 3.44444
6550000 17 7.05882 23 71 140 1.00000 69 3.82353
6555000 17 7.00000 24 72 143 1.00000 70 3.76471
6560000 21 6.23810 22 71 148 0.85714 70 3.09524
6565000 21 6.23810 21 78 151 0.95238 69 3.14286
6570000 21 5.95238 21 79 154 0.90476 73 3.14286
6575000 17 6.82353 19 84 145 1.00000 69 3.70588
6580000 20 6.20000 18 78 152 1.00000 72 3.45000
6585000 22 6.22727 20 73 159 0.90909 75 3.13636
6590000 21 6.76190 22 70 158 0.90476 71 3.23810
6595000 22 6.50000 20 64 149 0.81818 70 3.09091
6600000 18 7.38889 21 73 148 0.94444 72 3.83333
6605000 17 7.94118 21 77 158 1.00000 72 4.05882
6610000 17 7.64706 24 76 147 0.88235 70 3.94118
6615000 14 8.78571 23 85 150 0.92857 70 4.57143
6620000 16 7.87500 24 84 147 1.00000 72 4.00000
6625000 20 6.80000 27 83 161 0.95000 73 3.50000
6630000 22 6.09091 25 71 150 0.86364 73 3.13636
6635000 22 5.81818 21 69 147 0.86364 71 3.04545
6640000 19 6.21053 18 85 141 0.84211 74 3.57895
6645000 17 6.52941 16 87 132 1.00000 73 3.94118
6650000 16 6.75000 17 81 130 1.00000 70 4.00000
6655000 16 6.81250 19 79 134 1.00000 72 3.81250
6660000 16 6.56250 18 80 127 0.93750 70 3.93750
6665000 18 5.72222 17 74 124 0.83333 67 3.38889
6670000 17 6.00000 18 74 119 0.82353 69 3.64706
6675000 17 6.29412 18 79 133 1.00000 70 3.76471
6680000 19 6.00000 19 80 142 0.84211 70 3.26316
6685000 19 5.84211 20 79 127 0.94737 67 3.21053
6690000 21 5.61905 20 72 129 0.85714 68 2.95238
6695000 24 4.91667 17 81 136 0.95833 71 2.75000
6700000 25 5.04000 19 73 146 0.92000 73 2.72000
6705000 26 4.92308 18 75 152 0.92308 75 2.69231
6710000 24 4.95833 20 74 139 0.87500 76 2.87500
6715000 23 5.17391 19 81 138 0.91304 71 2.95652
6720000 23 5.04348 17 82 136 1.00000 75 3.04348
6725000 23 5.56522 15 70 143 0.91304 75 3.00000
6730000 21 6.00000 18 74 154 0.95238 71 3.23810
6735000 19 6.68421 19 80 155 1.00000 71 3.42105
6740000 20 6.65000 18 72 158 0.85000 69 3.20000
6745000 19 6.84211 19 70 152 0.94737 69 3.36842
6750000 21 6.19048 17 71 158 0.95238 71 3.00000
6755000 21 5.90476 17 74 151 1.00000 70 3.09524
6760000 22 5.68182 19 62 143 1.00000 71 2.90909
6765000 26 4.92308 20 56 147 0.92308 73 2.61538
6770000 23 5.52174 21 63 154 0.95652 75 3.00000
6775000 24 5.33333 20 71 147 0.91667 75 2.91667
6780000 24 5.75000 20 73 164 0.95833 75 2.79167
6785000 26 5.53846 18 56 157 0.92308 75 2.73077
6790000 24 5.95833 19 58 153 0.91667 73 2.91667
6795000 21 6.57143 16 64 161 1.00000 73 3.23810
6800000 20 6.55000 18 67 155 1.00000 71 3.25000
6805000 19 6.63158 20 80 157 1.00000 69 3.42105
6810000 22 5.90909 21 76 151 1.00000 72 2.95455
6815000 20 6.40000 19 74 145 1.00000 70 3.25000
6820000 21 5.90476 20 80 138 1.00000 73 3.19048
6825000 21 6.19048 23 87 151 0.85714 70 3.14286
6830000 18 7.00000 28 84 156 1.00000 74 3.77778
6835000 23 6.08696 30 78 163 1.00000 76 3.17391
6840000 17 7.47059 31 80 151 0.94118 73 4.00000
6845000 20 6.35000 27 72 147 0.95000 72 3.40000
6850000 21 6.04762 24 77 148 0.95238 72 3.33333
6855000 21 5.66667 22 82 136 0.90476 70 3.23810
6860000 16 6.56250 19 81 136 1.00000 70 4.06250
6865000 19 6.42105 18 70 142 0.94737 72 3.42105
6870000 15 7.80000 20 67 143 1.00000 71 4.26667
6875000 18 6.88889 19 67 146 0.83333 72 3.66667
6880000 20 6.20000 20 64 135 1.00000 72 3.50000
6885000 23 5.52174 17 62 147 0.95652 75 3.08696
6890000 22 5.77273 16 66 147 0.95455 75 3.22727
6895000 23 5.73913 16 63 150 0.95652 73 2.95652
6900000 20 6.65000 17 69 155 1.00000 71 3.35000
6905000 18 6.77778 14 85 150 1.00000 72 3.55556
6910000 22 6.00000 13 72 149 0.95455 71 2.95455
6915000 22 6.27273 17 63 154 0.90909 69 2.95455
6920000 21 6.42857 18 62 152 0.95238 69 3.09524
6925000 19 6.89474 22 69 147 0.89474 71 3.21053
6930000 22 5.95455 21 63 147 0.90909 70 2.86364
6935000 21 6.47619 23 60 150 1.00000 72 3.19048
6940000 21 6.04762 24 55 148 0.95238 73 3.19048
6945000 16 7.43750 24 70 151 1.00000 72 4.12500
6950000 17 7.11765 25 69 147 1.00000 72 3.76471
6955000 16 7.18750 22 69 147 1.00000 69 3.93750
6960000 19 6.15789 20 60 132 0.94737 66 3.31579
6965000 17 6.52941 24 59 128 0.94118 68 3.70588
6970000 14 7.35714 23 69 132 1.00000 69 4.35714
6975000 18 6.16667 22 61 131 0.88889 68 3.50000
6980000 18 6.00000 22 83 136 1.00000 70 3.55556
6985000 18 5.77778 22 75 126 0.94444 66 3.44444
6990000 17 6.00000 19 84 136 1.00000 67 3.64706
6995000 15 6.73333 19 86 132 0.93333 71 4.20000
7000000 19 6.21053 20 76 137 0.94737 67 3.31579
7005000 18 6.66667 21 72 138 0.94444 69 3.55556
7010000 17 7.11765 21 72 142 1.00000 71 3.82353
7015000 16 7.56250 21 74 149 0.93750 71 4.00000
7020000 18 6.66667 19 76 145 1.00000 73 3.72222
7025000 20 6.20000 22 65 146 0.95000 73 3.40000
7030000 20 6.45000 23 57 146 1.00000 72 3.30000
7035000 17 7.00000 23 67 149 1.00000 72 3.70588
7040000 23 5.78261 20 64 150 0.91304 70 2.86957
7045000 21 6.23810 20 64 145 0.80952 69 3.04762
7050000 20 6.35000 20 68 138 0.85000 70 3.25000
7055000 17 7.17647 21 69 145 0.94118 69 3.70588
7060000 21 6.33333 22 66 154 0.95238 69 3.19048
7065000 17 7.11765 22 74 149 1.00000 72 3.70588
7070000 18 6.83333 22 75 144 0.88889 71 3.44444
7075000 19 6.15789 19 78 142 1.00000 71 3.42105
7080000 24 5.62500 21 67 142 0.83333 72 2.79167
7085000 23 5.86957 23 77 159 1.00000 75 3.04348
7090000 19 6.15789 22 88 145 1.00000 72 3.36842
7095000 20 6.05000 20 85 147 1.00000 73 3.30000
7100000 24 5.41667 25 70 149 0.87500 72 2.83333
7105000 18 6.94444 24 75 153 1.00000 71 3.77778
7110000 22 6.40909 24 66 157 0.95455 72 3.22727
7115000 22 5.90909 20 74 149 0.90909 73 3.18182
7120000 19 6.68421 19 72 153 0.94737 74 3.63158
7125000 20 6.40000 18 67 145 0.80000 72 3.20000
7130000 22 5.72727 16 60 140 0.95455 73 3.13636
7135000 20 6.00000 16 73 142 0.90000 68 3.20000
7140000 21 5.95238 15 67 145 0.95238 72 3.23810
7145000 23 5.78261 16 62 148 0.91304 73 3.00000
7150000 23 5.86957 17 63 150 0.95652 72 3.04348
7155000 20 6.55000 18 66 155 1.00000 72 3.15000
7160000 24 5.75000 16 58 155 0.87500 73 2.70833
7165000 21 6.90476 19 55 161 1.00000 75 3.28571
7170000 19 7.73684 21 60 172 1.00000 75 3.63158
7175000 18 7.94444 22 66 167 0.94444 72 3.66667
7180000 19 7.84211 19 55 163 0.94737 71 3.57895
7185000 15 8.46667 20 68 151 1.00000 70 4.33333
7190000 22 6.45455 20 57 158 0.90909 71 3.09091
7195000 20 6.85000 20 56 154 1.00000 73 3.45000
7200000 22 6.50000 18 53 159 1.00000 75 3.27273
7205000 21 6.95238 20 50 152 0.90476 73 3.33333
7210000 23 6.43478 18 51 157 0.95652 75 3.08696
7215000 22 6.68182 18 63 160 0.86364 74 3.22727
7220000 20 7.50000 19 58 172 1.00000 73 3.45000
7225000 22 6.81818 17 55 170 0.95455 72 3.13636
7230000 20 7.30000 19 67 170 0.95000 73 3.45000
7235000 21 6.61905 17 74 161 1.00000 73 3.28571
7240000 21 6.85714 18 66 172 0.95238 75 3.33333
7245000 21 6.66667 16 62 162 0.90476 73 3.28571
7250000 21 6.52381 15 64 153 0.90476 72 3.33333
7255000 21 6.00000 16 68 148 0.95238 72 3.23810
7260000 19 6.31579 18 77 142 1.00000 72 3.47368
7265000 20 5.85000 17 79 133 1.00000 68 3.35000
7270000 20 6.35000 18 74 149 0.95000 72 3.35000
7275000 22 6.13636 19 71 160 0.90909 74 3.13636
7280000 18 6.88889 16 76 154 1.00000 69 3.66667
7285000 19 6.52632 14 70 144 1.00000 71 3.63158
7290000 21 6.23810 16 73 144 0.90476 70 3.28571
7295000 20 6.55000 16 70 145 0.90000 69 3.30000
7300000 23 6.00000 15 73 157 0.95652 72 3.04348
7305000 15 7.40000 15 90 140 1.00000 71 4.26667
7310000 20 6.10000 16 80 148 1.00000 72 3.35000
7315000 20 6.40000 15 78 151 0.90000 72 3.40000
7320000 19 6.63158 18 77 142 0.94737 72 3.57895
7325000 25 5.44000 17 75 142 0.88000 72 2.84000
7330000 21 5.85714 13 81 146 0.90476 73 3.33333
7335000 18 6.50000 13 88 142 1.00000 71 3.72222
7340000 22 6.00000 15 73 147 0.90909 70 3.04545
7345000 21 5.85714 15 73 143 0.95238 71 3.09524
7350000 20 6.35000 15 64 146 1.00000 69 3.35000
7355000 21 5.95238 14 75 145 0.85714 70 3.09524
7360000 20 6.20000 15 79 150 0.95000 69 3.25000
7365000 21 6.00000 16 76 153 1.00000 73 3.19048
7370000 23 6.04348 17 78 163 0.95652 74 3.08696
7375000 22 6.45455 18 80 173 1.00000 72 3.18182
7380000 20 7.10000 17 77 171 1.00000 76 3.55000
7385000 22 6.59091 16 68 157 0.90909 77 3.27273
7390000 22 6.04545 15 78 157 0.95455 72 3.22727
7395000 18 6.72222 15 83 141 0.94444 71 3.66667
7400000 16 7.25000 16 78 137 1.00000 69 3.81250
7405000 20 6.15000 16 71 149 1.00000 69 3.35000
7410000 19 6.47368 16 64 144 0.94737 71 3.52632
7415000 21 5.95238 15 65 150 0.95238 71 3.19048
7420000 23 5.65217 15 64 146 1.00000 74 3.08696
7425000 22 6.04545 14 57 147 0.86364 71 3.04545
7430000 23 5.78261 15 58 143 0.95652 73 3.04348
7435000 20 6.25000 13 68 142 1.00000 70 3.30000
7440000 20 6.30000 15 71 147 0.90000 71 3.35000
7445000 22 6.09091 17 73 154 0.86364 74 3.13636
7450000 20 6.50000 18 79 159 1.00000 72 3.50000
7455000 18 7.05556 17 82 149 0.94444 73 3.94444
7460000 21 6.28571 19 80 153 0.90476 75 3.23810
7465000 19 6.78947 17 77 156 0.94737 76 3.47368
7470000 19 6.31579 18 75 145 1.00000 72 3.68421
7475000 19 6.31579 16 74 148 1.00000 77 3.68421
7480000 21 5.80952 17 71 155 1.00000 73 3.28571
7485000 20 6.10000 17 71 140 0.95000 74 3.45000
7490000 21 6.33333 19 65 153 0.95238 76 3.33333
7495000 20 6.50000 17 70 155 0.95000 74 3.40000
7500000 17 7.52941 19 64 151 1.00000 73 4.00000
7505000 17 7.52941 19 66 147 1.00000 71 3.94118
7510000 21 5.90476 20 67 148 1.00000 72 3.23810
7515000 20 6.15000 19 70 149 1.00000 74 3.45000
7520000 22 5.86364 21 75 151 1.00000 74 3.04545
7525000 22 6.00000 24 78 151 0.95455 73 3.09091
7530000 23 5.86957 26 76 163 0.95652 72 2.82609
7535000 22 6.40909 25 68 166 0.90909 68 2.90909
7540000 20 6.70000 23 72 165 1.00000 70 3.10000
7545000 26 5.46154 23 64 163 0.92308 77 2.69231
7550000 23 6.26087 23 64 164 0.95652 76 3.08696
7555000 22 6.31818 21 70 169 1.00000 76 3.04545
7560000 20 6.85000 20 64 161 1.00000 74 3.35000
7565000 24 5.75000 19 64 155 0.95833 71 2.87500
7570000 23 5.65217 17 70 150 0.95652 72 3.04348
7575000 21 6.09524 18 66 150 0.95238 76 3.28571
7580000 22 5.81818 19 77 147 0.90909 73 3.00000
7585000 24 5.91667 19 74 163 0.83333 74 2.83333
7590000 19 6.89474 18 82 165 0.94737 70 3.42105
7595000 21 6.71429 18 69 163 0.90476 72 3.14286
7600000 21 6.57143 17 78 163 0.95238 71 3.23810
7605000 21 6.47619 18 78 155 0.95238 71 3.23810
7610000 19 7.05263 23 72 155 0.89474 71 3.47368
7615000 18 7.33333 25 84 157 1.00000 72 3.83333
7620000 18 7.55556 25 87 159 1.00000 73 3.83333
7625000 18 7.72222 26 81 152 0.94444 72 3.83333
7630000 19 7.57895 25 69 163 1.00000 72 3.63158
7635000 18 7.94444 28 63 163 1.00000 71 3.77778
7640000 17 8.29412 28 71 166 1.00000 73 4.11765
7645000 18 7.83333 32 74 167 1.00000 73 3.88889
7650000 20 7.10000 31 69 155 0.90000 73 3.45000
7655000 18 7.61111 27 67 155 0.94444 73 3.83333
7660000 16 8.18750 23 71 151 0.93750 69 4.06250
7665000 16 8.12500 23 81 157 1.00000 71 4.06250
7670000 15 9.13333 26 74 169 1.00000 73 4.46667
7675000 18 7.83333 23 72 164 1.00000 74 3.83333
7680000 18 8.00000 22 75 174 1.00000 77 3.83333
7685000 19 7.15789 21 68 155 1.00000 74 3.63158
7690000 18 7.50000 25 67 156 0.94444 73 3.72222
7695000 15 8.66667 23 73 152 1.00000 72 4.40000
7700000 18 7.83333 22 69 158 0.94444 71 3.72222
7705000 18 7.66667 24 69 161 0.94444 72 3.77778
7710000 19 7.15789 19 60 146 0.89474 72 3.57895
7715000 18 7.11111 18 69 148 1.00000 73 3.77778
7720000 23 6.34783 18 51 159 0.82609 75 3.08696
7725000 22 6.40909 15 54 158 1.00000 76 3.27273
7730000 22 6.63636 15 56 163 0.95455 73 3.18182
7735000 21 6.66667 15 69 166 0.90476 76 3.38095
7740000 19 7.00000 16 66 159 1.00000 73 3.73684
7745000 19 6.84211 16 72 147 0.94737 72 3.63158
7750000 20 6.40000 16 71 145 0.85000 74 3.45000
7755000 20 6.70000 17 73 159 0.95000 72 3.45000
7760000 22 6.54545 17 67 163 0.90909 73 3.13636
7765000 19 6.89474 17 77 153 1.00000 70 3.57895
7770000 22 5.86364 18 71 149 0.90909 70 3.04545
7775000 25 6.04000 20 54 157 0.92000 73 2.88000
7780000 21 6.52381 20 60 154 0.90476 72 3.28571
7785000 17 8.17647 21 71 165 1.00000 70 3.70588
7790000 21 6.76190 19 57 162 1.00000 71 3.23810
7795000 18 8.16667 21 57 164 0.94444 72 3.61111
7800000 20 7.20000 19 55 165 1.00000 70 3.30000
7805000 22 6.45455 19 57 163 1.00000 72 3.18182
7810000 20 6.50000 16 73 151 0.95000 73 3.40000
7815000 19 6.57895 16 74 148 0.94737 69 3.47368
7820000 18 6.66667 15 81 149 0.94444 71 3.66667
7825000 17 6.76471 13 75 137 1.00000 68 3.76471
7830000 19 6.42105 14 67 137 0.94737 71 3.42105
7835000 20 6.10000 14 65 144 0.90000 75 3.30000
7840000 18 6.44444 16 79 148 1.00000 71 3.77778
7845000 19 6.21053 15 72 134 0.89474 71 3.47368
7850000 22 5.95455 28 62 141 0.86364 76 3.13636
7855000 20 5.70000 22 71 135 1.00000 74 3.55000
7860000 19 5.89474 13 82 137 1.00000 72 3.63158
7865000 21 5.71429 15 72 141 0.90476 73 3.33333
7870000 20 6.35000 17 81 152 0.95000 76 3.55000
7875000 18 7.27778 18 70 156 1.00000 72 3.66667
7880000 19 7.05263 19 72 156 0.94737 71 3.31579
7885000 18 7.38889 19 71 152 0.94444 69 3.50000
7890000 18 7.16667 17 67 156 1.00000 71 3.55556
7895000 18 7.05556 17 74 152 1.00000 67 3.50000
7900000 17 7.52941 15 80 151 1.00000 66 3.64706
7905000 18 7.05556 16 77 153 0.94444 68 3.50000
7910000 19 6.42105 14 73 144 1.00000 69 3.42105
7915000 21 6.23810 14 71 152 0.95238 70 3.09524
7920000 21 6.28571 16 71 154 0.95238 71 3.09524
7925000 20 6.70000 16 70 155 1.00000 69 3.40000
7930000 22 6.18182 15 74 158 0.95455 70 3.00000
7935000 23 5.95652 16 73 164 0.95652 72 3.00000
7940000 24 5.91667 17 68 155 0.87500 75 2.87500
7945000 21 6.47619 17 72 158 0.85714 77 3.19048
7950000 19 7.31579 18 71 159 0.94737 76 3.57895
7955000 21 6.95238 18 69 171 0.90476 74 3.28571
7960000 18 7.88889 19 71 165 0.94444 75 3.83333
7965000 19 7.21053 19 73 157 0.94737 74 3.68421
7970000 18 7.44444 18 71 155 0.94444 74 3.88889
7975000 17 7.94118 18 67 155 1.00000 75 4.17647
7980000 16 8.18750 18 73 151 1.00000 73 4.31250
7985000 19 7.26316 19 76 154 0.89474 73 3.73684
7990000 19 6.89474 19 75 155 0.94737 71 3.68421
7995000 18 7.11111 18 84 152 1.00000 73 3.83333
8000000 21 6.52381 17 75 153 0.95238 75 3.42857
8005000 21 6.61905 19 84 173 0.95238 74 3.38095
8010000 20 7.35000 19 78 167 1.00000 74 3.50000
8015000 24 6.04167 16 72 159 0.87500 73 2.95833
8020000 21 6.66667 18 80 165 0.90476 75 3.28571
8025000 23 6.34783 16 73 165 0.95652 73 3.04348
8030000 26 5.96154 16 65 173 0.92308 75 2.76923
8035000 21 6.33333 14 76 161 0.95238 76 3.33333
8040000 19 6.15789 13 79 145 1.00000 72 3.52632
8045000 17 7.00000 18 76 145 1.00000 72 3.94118
8050000 21 5.85714 20 80 139 0.85714 72 3.23810
8055000 20 6.10000 19 84 144 0.95000 72 3.50000
8060000 21 5.85714 17 83 140 0.85714 73 3.23810
8065000 22 5.90909 14 75 153 0.90909 75 3.27273
8070000 18 6.72222 14 82 146 1.00000 72 3.83333
8075000 18 6.50000 14 93 143 0.94444 76 3.88889
8080000 20 6.30000 15 73 146 0.90000 72 3.55000
8085000 19 6.78947 16 76 144 0.89474 73 3.73684
8090000 21 6.19048 17 76 144 0.85714 71 3.33333
8095000 20 6.40000 18 70 152 1.00000 76 3.60000
8100000 24 5.83333 17 57 149 0.91667 76 3.08333
8105000 21 6.28571 16 69 152 0.90476 73 3.38095
8110000 20 6.85000 16 73 157 1.00000 75 3.55000
8115000 19 6.94737 17 76 159 0.94737 76 3.73684
8120000 21 6.66667 17 69 163 0.95238 75 3.47619
8125000 21 6.95238 17 75 158 0.85714 77 3.38095
8130000 19 7.36842 17 83 165 1.00000 78 3.94737
8135000 19 7.36842 18 75 165 0.94737 77 3.89474
8140000 20 7.20000 21 69 164 1.00000 76 3.65000
8145000 22 6.68182 23 75 165 0.90909 77 3.36364
8150000 20 7.10000 22 72 168 0.90000 74 3.55000
8155000 20 7.05000 21 70 155 0.90000 75 3.55000
8160000 21 6.04762 18 84 158 0.95238 74 3.33333
8165000 23 5.91304 19 74 160 0.95652 75 3.08696
8170000 22 6.00000 18 77 153 0.95455 75 3.27273
8175000 20 6.25000 17 82 149 0.90000 75 3.45000
8180000 19 6.84211 19 72 151 1.00000 73 3.73684
8185000 20 6.70000 16 71 154 1.00000 72 3.45000
8190000 17 7.41176 17 79 154 0.94118 70 3.88235
8195000 17 7.52941 19 75 153 1.00000 70 3.88235
8200000 17 7.64706 19 74 156 0.88235 70 3.88235
8205000 17 7.70588 19 68 155 1.00000 72 4.05882
8210000 20 6.85000 19 68 155 0.95000 70 3.40000
8215000 17 7.47059 18 78 142 0.94118 70 4.05882
8220000 16 7.87500 17 83 153 1.00000 72 4.25000
8225000 16 8.18750 20 80 151 1.00000 71 4.18750
8230000 17 7.76471 18 74 152 0.88235 72 3.82353
8235000 20 6.50000 14 78 153 0.95000 72 3.20000
8240000 19 6.68421 14 75 152 0.94737 70 3.47368
8245000 18 7.05556 15 82 163 1.00000 72 3.72222
8250000 21 6.47619 15 73 150 0.85714 72 3.28571
8255000 24 5.95833 14 67 154 0.87500 72 2.91667
8260000 19 6.31579 14 79 143 0.94737 71 3.57895
8265000 21 5.76190 17 73 144 0.95238 73 3.38095
8270000 16 6.81250 17 79 138 1.00000 72 4.25000
8275000 18 6.83333 19 75 135 0.94444 73 3.83333
8280000 18 7.22222 24 69 145 0.88889 74 3.83333
8285000 17 7.29412 21 67 142 0.94118 73 3.94118
8290000 18 6.88889 17 74 156 0.88889 72 3.66667
8295000 18 7.38889 20 60 154 0.94444 70 3.72222
8300000 18 7.55556 19 61 159 0.94444 70 3.61111
8305000 18 7.22222 19 65 159 1.00000 73 3.72222
8310000 18 6.83333 20 72 147 1.00000 71 3.66667
8315000 21 6.14286 19 59 140 0.95238 69 3.23810
8320000 17 6.94118 17 71 144 1.00000 73 3.88235
8325000 21 5.66667 15 65 131 0.90476 72 3.19048
8330000 21 5.71429 13 64 133 0.90476 70 3.09524
8335000 24 5.16667 14 68 134 0.87500 72 2.83333
8340000 22 5.31818 14 70 137 0.95455 71 3.04545
8345000 19 6.10526 16 68 140 1.00000 73 3.57895
8350000 19 6.15789 16 71 145 1.00000 73 3.52632
8355000 20 6.05000 18 72 149 0.90000 71 3.10000
8360000 16 6.75000 16 69 131 1.00000 67 3.87500
8365000 23 5.17391 13 68 136 0.91304 69 2.86957
8370000 24 5.08333 13 64 139 0.87500 69 2.79167
8375000 22 5.81818 14 68 152 0.90909 67 3.04545
8380000 19 6.52632 14 70 140 0.94737 69 3.47368
8385000 21 6.28571 14 63 153 0.95238 73 3.23810
8390000 20 6.60000 14 68 155 1.00000 73 3.35000
8395000 20 6.95000 18 64 162 1.00000 75 3.50000
8400000 20 6.40000 15 64 150 0.95000 72 3.30000
8405000 19 7.05263 16 66 156 0.94737 71 3.52632
8410000 17 7.29412 17 68 150 1.00000 70 3.76471
8415000 22 6.04545 18 64 146 0.81818 70 2.95455
8420000 19 6.31579 18 75 144 0.89474 71 3.42105
8425000 21 6.23810 19 71 143 0.95238 71 3.28571
8430000 25 5.52000 20 66 155 0.84000 73 2.76000
8435000 20 6.20000 21 86 145 0.95000 72 3.40000
8440000 22 5.95455 18 79 153 0.90909 71 3.04545
8445000 22 5.72727 17 84 150 0.95455 74 3.18182
8450000 22 5.40909 16 80 135 0.81818 74 3.04545
8455000 22 5.40909 15 74 133 0.86364 74 3.00000
8460000 24 5.16667 15 79 143 0.87500 74 2.79167
8465000 19 6.00000 15 95 145 0.94737 72 3.47368
8470000 20 5.80000 14 88 145 0.90000 70 3.25000
8475000 22 5.81818 14 74 146 1.00000 72 3.13636
8480000 22 5.68182 16 72 146 1.00000 70 3.00000
8485000 21 5.71429 16 69 140 1.00000 70 3.19048
8490000 24 5.29167 18 74 142 0.91667 73 2.91667
8495000 22 6.04545 16 76 161 0.90909 75 3.13636
8500000 22 5.86364 15 75 150 0.95455 75 3.31818
8505000 20 6.35000 15 88 150 1.00000 75 3.60000
8510000 22 6.09091 16 78 151 0.81818 73 3.04545
8515000 18 7.44444 15 81 156 0.94444 68 3.66667
8520000 20 6.75000 14 76 163 0.95000 73 3.30000
8525000 23 5.82609 14 77 153 0.91304 71 2.91304
8530000 21 5.95238 12 73 149 0.95238 75 3.38095
8535000 21 6.33333 27 71 161 1.00000 74 3.38095
8540000 22 6.04545 23 71 156 0.95455 71 2.90909
8545000 18 7.11111 20 81 148 0.94444 70 3.61111
8550000 22 6.27273 17 73 159 0.90909 70 3.13636
8555000 22 6.22727 18 69 156 0.90909 72 3.09091
8560000 24 5.83333 18 59 153 0.95833 70 2.83333
8565000 20 6.15000 17 61 142 1.00000 72 3.45000
8570000 22 5.27273 14 64 136 0.95455 71 3.09091
8575000 25 4.96000 11 61 136 0.88000 72 2.76000
8580000 21 6.47619 16 57 154 0.90476 74 3.23810
8585000 21 6.38095 16 63 154 0.90476 75 3.14286
8590000 22 6.04545 13 63 155 0.90909 77 3.04545
8595000 22 5.95455 11 58 146 0.95455 74 3.04545
8600000 25 5.84000 12 53 163 0.96000 72 2.72000
8605000 20 6.85000 13 66 153 0.95000 73 3.40000
8610000 22 6.22727 13 64 157 0.90909 72 2.95455
8615000 22 6.31818 14 62 153 1.00000 70 3.09091
8620000 20 6.85000 14 72 158 1.00000 71 3.50000
8625000 20 6.70000 17 75 158 0.95000 75 3.50000
8630000 20 6.45000 16 77 150 1.00000 72 3.40000
8635000 20 6.55000 13 75 149 0.95000 71 3.50000
8640000 22 6.00000 12 71 146 0.86364 71 3.00000
8645000 22 5.63636 12 65 141 0.90909 71 3.04545
8650000 23 5.34783 12 72 138 0.91304 73 2.91304
8655000 24 5.33333 13 70 147 0.87500 72 2.83333
8660000 21 5.71429 14 77 146 0.95238 71 3.09524
8665000 27 4.81481 14 66 139 0.88889 69 2.37037
8670000 23 5.30435 16 75 144 0.91304 70 2.91304
8675000 21 6.38095 18 70 155 1.00000 72 3.23810
8680000 26 5.57692 18 56 159 0.88462 72 2.69231
8685000 20 6.70000 21 72 155 1.00000 70 3.30000
8690000 20 6.80000 21 60 155 1.00000 72 3.35000
8695000 21 6.61905 21 65 154 1.00000 69 3.19048
8700000 23 6.39130 23 64 162 0.95652 70 2.86957
8705000 23 6.73913 23 65 171 0.95652 73 3.00000
8710000 25 6.04000 20 74 180 0.96000 73 2.76000
8715000 22 6.81818 25 77 171 1.00000 71 3.13636
8720000 24 6.20833 23 66 160 0.91667 74 2.95833
8725000 22 6.40909 19 73 156 1.00000 72 3.22727
8730000 23 6.17391 17 62 155 0.91304 75 3.04348
8735000 22 5.81818 14 74 152 0.90909 71 2.95455
8740000 23 5.69565 13 68 150 0.91304 72 3.00000
8745000 20 6.45000 14 73 146 1.00000 70 3.40000
8750000 21 6.47619 13 75 159 0.90476 70 3.14286
8755000 21 6.19048 12 71 158 1.00000 70 3.19048
8760000 25 5.36000 13 61 148 1.00000 70 2.72000
8765000 23 5.73913 12 58 148 0.91304 75 3.04348
8770000 22 6.18182 12 60 151 0.95455 74 3.27273
8775000 22 5.90909 12 55 151 0.95455 73 3.22727
8780000 21 6.09524 11 63 143 0.95238 75 3.42857
8785000 24 5.37500 12 71 152 0.91667 76 3.08333
8790000 21 6.04762 12 73 139 1.00000 74 3.42857
8795000 21 6.28571 13 74 152 0.95238 73 3.38095
8800000 24 5.45833 13 65 147 0.91667 75 3.04167
8805000 22 5.40909 12 77 134 0.95455 76 3.31818
8810000 22 5.31818 13 81 132 0.90909 75 3.18182
8815000 25 4.68000 12 77 137 0.84000 75 2.92000
8820000 23 5.30435 14 80 146 0.95652 76 3.21739
8825000 26 5.00000 15 75 146 0.80769 77 2.80769
8830000 23 5.65217 14 78 157 1.00000 76 3.17391
8835000 23 5.91304 16 78 165 0.95652 78 3.21739
8840000 22 5.50000 15 82 146 0.95455 73 3.18182
8845000 22 5.77273 18 83 149 0.90909 76 3.18182
8850000 25 5.56000 16 78 154 0.92000 76 2.84000
8855000 22 6.18182 19 77 154 1.00000 74 3.31818
8860000 21 6.28571 18 82 153 1.00000 75 3.42857
8865000 18 7.38889 20 84 155 1.00000 75 4.00000
8870000 21 6.71429 21 73 162 0.95238 75 3.52381
8875000 20 6.65000 21 69 151 0.90000 75 3.55000
8880000 20 6.75000 22 70 157 0.95000 73 3.50000
8885000 17 7.70588 21 78 156 1.00000 73 4.05882
8890000 18 6.94444 21 75 140 0.94444 73 3.83333
8895000 19 7.21053 21 78 153 0.89474 72 3.63158
8900000 18 7.33333 19 86 155 0.94444 71 3.88889
8905000 20 6.65000 18 72 160 1.00000 71 3.45000
8910000 20 6.80000 20 68 151 0.85000 72 3.45000
8915000 17 7.52941 19 74 145 0.88235 71 4.00000
8920000 18 7.05556 17 74 142 0.94444 74 4.00000
8925000 19 7.05263 19 76 152 0.89474 74 3.84211
8930000 16 8.25000 17 78 153 0.93750 74 4.50000
8935000 21 6.52381 16 67 152 0.90476 75 3.52381
8940000 21 6.28571 15 78 154 0.85714 77 3.52381
8945000 20 6.35000 19 81 153 0.85000 73 3.60000
8950000 20 6.30000 18 80 148 0.90000 72 3.55000
8955000 19 6.73684 18 80 149 0.94737 74 3.73684
8960000 18 6.72222 20 83 143 0.94444 74 3.88889
8965000 18 7.00000 19 79 146 0.94444 74 3.83333
8970000 18 6.72222 18 73 142 0.88889 73 3.88889
8975000 17 7.00000 18 80 140 1.00000 73 4.05882
8980000 19 6.63158 19 73 147 0.89474 72 3.63158
8985000 20 6.30000 18 84 138 0.85000 70 3.40000
8990000 18 7.27778 20 79 153 0.94444 71 3.77778
8995000 20 6.15000 19 80 152 0.85000 72 3.40000
9000000 17 7.58824 21 84 154 0.94118 74 4.11765
9005000 21 6.23810 20 79 150 0.90476 77 3.52381
9010000 19 6.78947 21 76 147 0.89474 77 3.84211
9015000 18 7.27778 23 76 156 0.94444 76 4.00000
9020000 19 7.05263 23 72 156 0.84211 76 3.63158
9025000 16 8.06250 24 74 147 1.00000 74 4.37500
9030000 18 7.55556 23 68 154 0.88889 73 3.88889
9035000 20 6.85000 22 71 155 0.95000 73 3.45000
9040000 20 6.30000 21 80 146 0.95000 74 3.40000
9045000 20 6.30000 20 81 145 0.85000 74 3.45000
9050000 20 5.80000 20 80 141 1.00000 71 3.35000
9055000 19 6.47368 18 76 148 0.89474 70 3.52632
9060000 16 7.56250 18 86 155 0.93750 70 3.87500
9065000 16 8.00000 24 82 157 1.00000 72 4.06250
9070000 19 7.00000 25 74 153 0.89474 73 3.52632
9075000 18 7.38889 24 75 154 0.94444 69 3.66667
9080000 15 8.86667 25 79 159 1.00000 72 4.33333
9085000 18 7.61111 26 75 151 0.88889 71 3.55556
9090000 19 7.68421 26 73 171 0.94737 74 3.57895
9095000 21 7.14286 25 68 168 0.95238 73 3.33333
9100000 17 8.23529 27 75 169 1.00000 75 4.05882
9105000 20 7.05000 25 66 160 0.95000 74 3.55000
9110000 16 7.87500 27 70 142 0.93750 73 4.31250
9115000 20 6.45000 23 70 147 0.90000 71 3.55000
9120000 16 7.68750 23 83 149 0.93750 73 4.18750
9125000 22 6.00000 21 78 148 0.81818 72 3.13636
9130000 20 6.55000 17 88 152 0.85000 71 3.40000
9135000 19 6.68421 18 86 161 1.00000 71 3.57895
9140000 21 6.28571 19 70 153 0.95238 73 3.33333
9145000 21 6.04762 19 65 152 0.95238 75 3.38095
9150000 19 6.42105 19 74 141 0.94737 73 3.63158
9155000 20 6.25000 18 63 149 1.00000 74 3.55000
9160000 16 7.37500 19 68 143 0.93750 74 4.12500
9165000 21 6.09524 17 68 147 0.95238 75 3.28571
9170000 20 6.35000 17 72 151 0.95000 73 3.45000
9175000 20 6.20000 16 74 149 0.90000 73 3.50000
9180000 19 6.26316 16 75 149 0.89474 71 3.52632
9185000 17 7.05882 18 71 141 1.00000 72 3.94118
9190000 19 6.73684 22 69 142 0.89474 71 3.68421
9195000 19 6.52632 18 65 147 1.00000 74 3.68421
9200000 18 6.94444 20 74 152 1.00000 72 3.77778
9205000 21 6.19048 17 69 145 0.95238 73 3.28571
9210000 19 6.78947 16 75 154 1.00000 74 3.63158
9215000 18 7.22222 17 74 153 1.00000 71 3.77778
9220000 21 6.42857 15 83 159 1.00000 70 3.23810
9225000 22 6.59091 15 79 168 1.00000 74 3.22727
9230000 23 6.17391 14 75 154 0.82609 75 3.08696
9235000 20 6.95000 14 69 154 0.95000 74 3.55000
9240000 19 7.57895 16 74 170 0.94737 74 3.78947
9245000 20 7.15000 14 62 165 0.95000 76 3.65000
9250000 21 6.57143 16 60 155 0.95238 75 3.47619
9255000 21 6.52381 14 66 162 1.00000 77 3.47619
9260000 23 6.00000 16 71 159 0.95652 76 3.21739
9265000 21 6.42857 17 75 154 0.90476 74 3.42857
9270000 18 7.72222 17 73 160 1.00000 74 4.00000
9275000 20 7.15000 17 62 157 0.95000 75 3.70000
9280000 20 6.85000 15 57 157 1.00000 75 3.70000
9285000 20 6.45000 14 61 143 0.95000 73 3.55000
9290000 20 6.30000 13 60 148 1.00000 73 3.50000
9295000 20 6.85000 14 53 156 1.00000 73 3.60000
9300000 21 6.61905 15 53 159 1.00000 77 3.47619
9305000 20 6.80000 15 53 150 1.00000 74 3.65000
9310000 18 7.33333 15 58 147 1.00000 74 4.00000
9315000 20 6.75000 17 60 154 0.95000 76 3.70000
9320000 22 6.31818 19 47 149 0.86364 75 3.36364
9325000 22 6.40909 17 58 152 0.86364 74 3.31818
9330000 21 6.57143 19 61 157 0.95238 75 3.47619
9335000 19 6.94737 18 67 151 0.94737 76 3.84211
9340000 20 6.80000 18 61 151 0.90000 74 3.60000
9345000 21 6.57143 17 47 145 0.90476 76 3.52381
9350000 19 6.89474 21 59 155 1.00000 75 3.89474
9355000 18 7.50000 23 60 144 0.94444 74 3.94444
9360000 17 7.52941 23 61 144 1.00000 73 4.17647
9365000 17 7.23529 23 63 147 1.00000 74 4.11765
9370000 19 6.57895 23 67 143 0.94737 74 3.63158
9375000 18 7.55556 31 62 157 1.00000 74 3.94444
9380000 20 6.95000 32 62 151 0.90000 71 3.45000
9385000 18 6.94444 27 61 145 0.94444 70 3.77778
9390000 19 7.10526 29 66 143 0.94737 70 3.57895
9395000 18 6.94444 26 68 149 1.00000 70 3.83333
9400000 16 7.37500 22 74 144 1.00000 69 4.06250
9405000 18 7.00000 20 71 142 1.00000 70 3.77778
9410000 18 6.55556 20 61 139 1.00000 71 3.72222
9415000 20 5.55000 19 61 134 1.00000 71 3.45000
9420000 20 5.60000 17 69 134 1.00000 72 3.45000
9425000 20 6.00000 16 72 144 1.00000 73 3.40000
9430000 20 6.00000 17 76 143 0.95000 71 3.40000
9435000 19 6.26316 20 84 145 0.89474 73 3.57895
9440000 20 6.30000 19 70 138 0.85000 70 3.35000
9445000 15 8.00000 19 84 142 0.93333 67 4.20000
9450000 14 8.07143 19 77 133 0.92857 66 4.35714
9455000 14 7.64286 18 85 130 1.00000 65 4.35714
9460000 14 7.92857 19 81 133 1.00000 67 4.50000
9465000 19 6.36842 18 68 142 0.84211 68 3.31579
9470000 15 7.60000 17 79 141 1.00000 67 4.13333
9475000 18 6.50000 18 72 142 0.94444 71 3.61111
9480000 22 5.63636 18 67 140 0.81818 69 3.00000
9485000 19 6.31579 14 68 143 0.94737 68 3.36842
9490000 17 6.82353 16 73 137 0.94118 69 3.70588
9495000 20 6.35000 20 71 148 0.95000 69 3.25000
9500000 22 5.81818 21 60 151 0.95455 72 3.04545
9505000 22 5.77273 21 64 150 0.95455 74 3.09091
9510000 18 6.83333 19 76 148 1.00000 73 3.77778
9515000 20 6.55000 21 70 153 0.95000 73 3.40000
9520000 20 6.25000 20 73 136 0.85000 72 3.25000
9525000 18 6.61111 19 77 145 1.00000 75 3.72222
9530000 19 6.21053 19 66 142 1.00000 72 3.47368
9535000 18 5.88889 19 70 131 1.00000 70 3.66667
9540000 19 5.89474 25 68 132 0.94737 73 3.52632
9545000 17 6.11765 27 83 140 1.00000 73 3.88235
9550000 21 5.66667 27 78 148 1.00000 72 3.19048
9555000 21 5.66667 27 68 138 0.95238 68 3.00000
9560000 18 6.16667 23 81 134 1.00000 66 3.38889
9565000 17 6.41176 26 80 144 0.94118 69 3.52941
9570000 17 6.58824 27 78 136 0.88235 70 3.64706
9575000 17 6.64706 27 83 139 0.94118 69 3.70588
9580000 20 6.20000 31 84 150 0.85000 72 3.25000
9585000 20 6.35000 30 80 152 0.90000 69 3.25000
9590000 23 5.65217 31 76 147 0.86957 69 2.86957
9595000 20 6.60000 28 76 160 0.95000 70 3.30000
9600000 19 6.84211 27 77 153 1.00000 71 3.42105
9605000 21 6.23810 26 68 148 0.90476 70 3.23810
9610000 23 6.21739 28 68 163 0.86957 72 3.04348
9615000 21 6.61905 28 72 161 0.95238 72 3.38095
9620000 20 6.55000 25 75 153 0.90000 74 3.40000
9625000 24 6.08333 24 60 155 0.91667 74 3.00000
9630000 22 6.27273 21 67 158 0.90909 73 3.27273
9635000 19 6.84211 20 64 145 0.94737 71 3.68421
9640000 20 5.40000 18 68 132 0.95000 71 3.25000
9645000 20 5.65000 16 68 141 0.95000 72 3.40000
9650000 16 6.93750 22 64 133 1.00000 73 4.12500
9655000 17 7.00000 24 68 137 0.88235 70 3.88235
9660000 18 6.72222 20 68 141 0.94444 71 3.72222
9665000 20 6.35000 19 73 147 0.85000 70 3.25000
9670000 16 7.93750 20 82 159 0.93750 74 4.12500
9675000 21 6.61905 22 77 158 0.90476 73 3.33333
9680000 22 6.18182 19 82 157 0.95455 77 3.18182
9685000 20 6.95000 23 89 173 1.00000 76 3.50000
9690000 23 6.00000 20 80 156 0.91304 73 3.00000
9695000 20 6.85000 22 80 165 0.95000 75 3.35000
9700000 17 7.76471 23 80 159 0.94118 76 4.11765
9705000 19 6.78947 20 78 156 0.94737 72 3.63158
9710000 20 6.30000 16 79 152 0.90000 73 3.40000
9715000 20 6.60000 17 74 157 0.90000 70 3.40000
9720000 18 6.88889 18 77 139 0.83333 68 3.50000
9725000 20 6.15000 19 75 141 0.85000 71 3.30000
9730000 15 7.93333 22 76 149 1.00000 70 4.40000
9735000 20 6.25000 21 82 146 0.85000 70 3.20000
9740000 21 6.38095 26 78 157 0.90476 67 2.95238
9745000 21 6.57143 24 69 153 0.95238 68 3.04762
9750000 19 6.84211 24 83 149 0.89474 70 3.36842
9755000 20 6.90000 23 83 166 0.90000 75 3.35000
9760000 19 7.10526 20 76 159 1.00000 74 3.63158
9765000 23 6.39130 22 72 162 0.91304 75 3.13043
9770000 21 6.66667 21 71 164 1.00000 73 3.23810
9775000 19 6.94737 18 70 160 1.00000 73 3.52632
9780000 22 5.81818 16 72 157 1.00000 73 3.09091
9785000 24 5.45833 17 67 148 0.95833 71 2.87500
9790000 21 5.90476 16 66 144 0.95238 71 3.28571
9795000 17 7.35294 13 71 150 1.00000 71 3.82353
9800000 19 6.68421 13 62 144 1.00000 73 3.57895
9805000 21 6.14286 13 63 146 1.00000 72 3.33333
9810000 22 6.27273 13 60 155 0.95455 72 3.18182
9815000 23 5.86957 13 63 150 0.91304 76 3.08696
9820000 22 5.95455 12 63 146 1.00000 73 3.27273
9825000 19 6.73684 16 72 148 0.94737 74 3.63158
9830000 20 6.10000 16 81 155 0.95000 71 3.50000
9835000 25 5.32000 15 80 150 0.92000 75 2.92000
9840000 21 6.04762 14 84 156 1.00000 73 3.33333
9845000 20 6.30000 14 79 149 0.95000 71 3.40000
9850000 18 6.77778 15 75 139 1.00000 70 3.72222
9855000 21 6.04762 18 78 136 0.85714 72 3.23810
9860000 20 6.40000 15 77 141 0.85000 71 3.45000
9865000 21 6.23810 16 73 154 0.95238 71 3.28571
9870000 22 5.77273 15 75 149 0.90909 71 3.09091
9875000 24 5.41667 18 63 133 0.75000 73 2.91667
9880000 18 6.50000 20 72 139 1.00000 72 3.88889
9885000 19 6.15789 18 79 139 1.00000 69 3.52632
9890000 19 5.57895 14 82 127 0.94737 69 3.42105
9895000 20 6.00000 16 81 148 0.95000 74 3.30000
9900000 23 5.43478 17 74 139 0.86957 74 2.95652
9905000 26 5.23077 20 69 152 0.84615 75 2.61538
9910000 19 6.47368 26 78 139 0.94737 74 3.68421
9915000 18 7.38889 38 76 156 0.94444 74 3.83333
9920000 17 8.00000 40 75 163 1.00000 75 4.17647
9925000 18 7.55556 43 66 150 0.94444 74 4.05556
9930000 17 7.82353 44 69 153 0.94118 76 4.35294
9935000 17 7.70588 41 64 150 0.94118 74 4.29412
9940000 15 8.06667 37 66 140 0.93333 71 4.66667
9945000 17 7.17647 36 71 145 0.94118 73 4.05882
9950000 17 7.17647 38 69 145 0.94118 73 4.11765
9955000 15 8.26667 37 75 141 1.00000 71 4.46667
9960000 19 6.84211 34 68 150 0.89474 73 3.68421
9965000 18 7.38889 36 67 155 0.94444 76 3.88889
9970000 19 7.05263 36 71 149 0.89474 73 3.68421
9975000 16 8.18750 36 76 157 0.87500 76 4.43750
9980000 17 7.82353 31 81 156 0.94118 75 4.11765
9985000 19 7.21053 30 66 152 1.00000 74 3.68421
9990000 15 8.60000 37 82 146 0.93333 75 4.60000
9995000 18 7.61111 40 67 153 0.88889 74 3.88889
10000000 14 9.42857 39 69 154 0.92857 74 4.78571
