# V2 - Timesteps, No of clusters, Mean cluster size, Size largest cluster, No clusters size 1, No prot bound to poly, Fraction clusters bound to poly, No type 2 poly bound to prot, Mean no type 2 in prot cluster
0 4 2.00000 2 141 61 0.50000 2 0.00000
5000 13 2.38462 4 118 73 1.00000 44 1.15385
10000 25 2.72000 6 83 94 0.88000 54 1.36000
15000 27 3.07407 7 75 111 0.96296 59 1.70370
20000 26 3.03846 8 80 111 0.96154 61 1.96154
25000 26 3.07692 8 85 110 1.00000 60 1.96154
30000 28 3.21429 8 72 109 0.92857 59 1.82143
35000 26 3.69231 8 67 126 0.96154 58 1.76923
40000 24 3.87500 9 64 126 1.00000 62 2.12500
45000 26 3.65385 10 66 125 1.00000 68 2.15385
50000 24 4.12500 11 57 123 0.95833 64 2.20833
55000 23 4.26087 9 58 121 0.95652 64 2.43478
60000 24 3.91667 9 58 116 1.00000 63 2.37500
65000 25 3.84000 8 61 115 0.92000 65 2.12000
70000 21 4.57143 10 65 125 0.95238 63 2.47619
75000 23 4.39130 10 54 118 0.95652 66 2.30435
80000 21 4.66667 11 57 121 1.00000 65 2.71429
85000 21 4.52381 11 57 118 0.95238 65 2.61905
90000 22 4.22727 9 56 119 1.00000 67 2.63636
95000 19 5.31579 11 51 126 1.00000 65 2.84211
100000 19 4.89474 11 54 112 1.00000 64 2.89474
105000 20 4.70000 11 53 119 0.95000 60 2.55000
110000 19 4.89474 19 59 113 1.00000 61 2.73684
115000 20 4.90000 18 51 116 1.00000 60 2.80000
120000 22 4.59091 17 59 120 0.90909 65 2.50000
125000 22 4.63636 17 55 121 0.90909 63 2.54545
130000 20 5.10000 15 51 125 0.95000 67 2.80000
135000 18 5.50000 15 44 119 1.00000 66 3.27778
140000 18 5.33333 16 51 126 1.00000 71 3.33333
145000 17 5.17647 15 56 111 0.94118 70 3.41176
150000 19 4.84211 15 57 119 0.89474 72 3.15789
155000 20 4.70000 16 55 114 0.85000 74 2.80000
160000 20 4.55000 17 59 116 0.95000 71 2.90000
165000 24 4.04167 17 57 123 1.00000 73 2.58333
170000 24 4.33333 19 49 127 1.00000 66 2.58333
175000 22 4.45455 15 52 120 0.95455 69 2.68182
180000 20 4.50000 15 56 112 0.90000 70 2.55000
185000 19 4.78947 15 49 116 0.94737 67 2.78947
190000 17 5.41176 18 49 117 1.00000 64 3.29412
195000 19 4.89474 18 44 108 1.00000 68 3.05263
200000 20 4.75000 18 51 112 1.00000 63 3.00000
205000 20 4.90000 19 44 114 0.90000 62 2.80000
210000 16 5.43750 17 54 114 1.00000 66 3.37500
215000 19 5.00000 16 48 113 1.00000 67 3.00000
220000 20 4.90000 16 49 120 1.00000 68 2.95000
225000 19 4.52632 14 45 104 1.00000 65 3.05263
230000 17 4.58824 12 52 91 0.94118 63 3.00000
235000 14 5.57143 13 60 106 1.00000 65 3.42857
240000 19 4.42105 11 56 107 1.00000 65 2.94737
245000 16 4.93750 11 57 102 1.00000 68 3.56250
250000 16 4.62500 10 59 97 0.93750 65 3.37500
255000 15 4.66667 10 65 104 1.00000 64 3.46667
260000 16 4.68750 12 62 109 0.93750 63 3.25000
265000 19 4.10526 11 57 99 0.94737 61 2.63158
270000 20 3.80000 11 61 99 0.90000 66 2.75000
275000 16 4.31250 11 71 96 1.00000 68 3.12500
280000 18 4.16667 13 71 104 1.00000 60 2.88889
285000 19 4.36842 14 63 104 1.00000 67 2.89474
290000 17 4.76471 14 64 109 1.00000 62 3.11765
295000 18 4.61111 13 67 107 0.94444 62 3.05556
300000 16 5.18750 13 64 110 1.00000 67 3.37500
305000 17 5.23529 14 65 117 1.00000 63 3.11765
310000 15 5.06667 12 76 107 1.00000 65 3.20000
315000 16 5.31250 11 66 112 1.00000 61 3.06250
320000 15 5.46667 11 66 104 1.00000 58 3.33333
325000 19 5.05263 11 61 123 0.94737 63 2.73684
330000 19 5.15789 11 54 116 1.00000 65 3.00000
335000 20 4.70000 11 52 112 0.95000 69 3.00000
340000 21 4.85714 13 53 124 1.00000 70 2.95238
345000 21 5.14286 13 42 130 1.00000 71 3.04762
350000 19 5.21053 14 44 118 0.89474 70 3.10526
355000 18 5.11111 15 57 118 0.94444 63 3.11111
360000 19 4.94737 13 52 114 1.00000 66 3.15789
365000 19 4.47368 11 48 97 0.94737 62 3.10526
370000 19 4.36842 11 58 106 1.00000 63 3.10526
375000 20 4.35000 13 51 112 1.00000 67 3.05000
380000 22 3.86364 11 55 105 1.00000 71 2.81818
385000 20 4.25000 12 64 111 1.00000 73 3.05000
390000 20 4.25000 10 58 110 1.00000 72 3.25000
395000 21 4.61905 10 58 122 0.95238 75 3.14286
400000 24 4.12500 10 58 117 1.00000 73 2.87500
405000 20 4.55000 9 62 114 1.00000 74 3.20000
410000 22 4.18182 9 61 117 1.00000 68 2.90909
415000 18 5.22222 13 56 113 1.00000 67 3.16667
420000 19 5.31579 13 54 124 1.00000 69 3.15789
425000 21 5.09524 14 51 129 1.00000 67 2.95238
430000 21 4.76190 10 55 120 1.00000 70 3.04762
435000 21 4.85714 11 60 126 0.95238 71 3.00000
440000 21 5.00000 11 58 125 1.00000 73 3.00000
445000 19 5.15789 11 51 120 1.00000 69 3.31579
450000 18 5.11111 12 58 114 1.00000 65 3.33333
455000 17 5.41176 13 61 117 1.00000 66 3.52941
460000 20 4.90000 15 55 120 0.95000 68 3.10000
465000 17 5.82353 17 61 121 1.00000 65 3.58824
470000 20 4.85000 16 59 119 0.90000 66 3.00000
475000 19 4.68421 15 65 115 1.00000 63 3.10526
480000 19 4.78947 15 60 115 1.00000 64 3.10526
485000 19 4.57895 13 56 108 1.00000 64 3.10526
490000 19 4.36842 12 66 104 1.00000 67 3.15789
495000 16 5.06250 13 68 111 1.00000 63 3.37500
500000 16 4.93750 11 70 103 1.00000 62 3.43750
505000 19 4.47368 10 61 101 1.00000 66 3.05263
510000 18 4.66667 11 68 110 1.00000 64 3.16667
515000 19 4.73684 12 67 115 0.94737 65 2.94737
520000 23 4.34783 13 53 115 0.95652 65 2.56522
525000 20 4.80000 12 66 123 1.00000 65 2.85000
530000 18 5.22222 14 73 126 1.00000 65 3.16667
535000 17 5.29412 12 73 128 1.00000 68 3.17647
540000 18 5.55556 10 63 128 1.00000 70 3.16667
545000 18 5.38889 10 63 126 0.94444 74 3.38889
550000 17 5.94118 11 61 131 1.00000 69 3.58824
555000 17 5.94118 11 59 127 1.00000 65 3.29412
560000 16 6.18750 10 77 125 1.00000 67 3.56250
565000 18 5.44444 10 76 124 0.94444 67 3.22222
570000 22 4.86364 11 66 132 1.00000 69 2.72727
575000 20 4.75000 11 64 119 1.00000 70 3.15000
580000 21 4.47619 11 68 125 0.95238 75 3.00000
585000 13 5.84615 15 73 105 1.00000 65 4.46154
590000 18 4.88889 14 63 111 0.94444 67 3.27778
595000 16 5.12500 14 64 104 1.00000 69 3.62500
600000 16 5.25000 11 68 108 1.00000 64 3.43750
605000 13 5.84615 14 71 112 1.00000 64 4.00000
610000 18 4.88889 13 59 105 0.83333 58 2.94444
615000 18 5.11111 13 52 114 1.00000 62 3.11111
620000 17 5.29412 13 54 108 0.94118 63 3.17647
625000 14 5.64286 14 56 108 1.00000 66 3.92857
630000 17 5.47059 17 53 118 0.94118 70 3.41176
635000 12 6.83333 17 60 109 1.00000 68 4.58333
640000 13 6.46154 17 53 110 0.92308 66 4.23077
645000 13 6.61538 17 53 113 1.00000 65 4.15385
650000 17 5.47059 17 49 110 1.00000 66 3.52941
655000 15 5.93333 15 53 111 1.00000 61 3.66667
660000 12 6.83333 14 66 109 1.00000 64 4.08333
665000 15 5.86667 14 60 108 0.93333 62 3.53333
670000 16 5.62500 14 57 111 0.87500 63 3.18750
675000 15 5.46667 12 51 99 0.93333 66 3.60000
680000 18 4.94444 12 48 109 1.00000 64 3.16667
685000 14 5.42857 13 56 98 1.00000 63 3.71429
690000 18 4.55556 13 52 109 1.00000 64 3.05556
695000 18 4.72222 12 47 104 1.00000 65 3.11111
700000 20 4.50000 11 47 115 1.00000 65 2.75000
705000 18 4.33333 10 51 97 1.00000 63 3.16667
710000 19 3.94737 10 58 102 1.00000 66 2.89474
715000 18 4.11111 9 60 101 1.00000 65 3.16667
720000 16 4.56250 10 57 99 1.00000 69 3.43750
725000 16 4.43750 11 58 99 1.00000 67 3.06250
730000 17 4.52941 11 58 105 1.00000 63 3.17647
735000 16 4.56250 10 63 104 1.00000 60 3.18750
740000 18 4.27778 11 62 99 0.88889 59 2.83333
745000 17 5.05882 15 55 109 0.88235 60 2.94118
750000 15 5.53333 17 59 108 1.00000 57 3.33333
755000 15 5.93333 17 56 109 0.93333 61 3.26667
760000 16 5.06250 15 63 113 1.00000 60 3.06250
765000 17 5.05882 14 63 113 0.94118 60 2.88235
770000 20 4.45000 13 63 114 0.95000 60 2.50000
775000 21 4.47619 12 60 111 0.95238 59 2.57143
780000 19 4.63158 12 58 106 0.89474 65 2.78947
785000 20 4.65000 13 60 115 1.00000 66 2.90000
790000 21 4.33333 12 57 113 1.00000 69 2.80952
795000 17 5.35294 13 65 124 1.00000 71 3.29412
800000 19 4.84211 14 61 122 1.00000 69 3.00000
805000 19 4.78947 13 57 108 1.00000 65 3.05263
810000 17 5.29412 12 55 120 1.00000 67 3.29412
815000 16 5.87500 13 64 125 1.00000 69 3.50000
820000 20 5.05000 14 53 124 1.00000 69 3.00000
825000 17 5.70588 13 60 120 1.00000 66 3.41176
830000 19 5.42105 13 68 120 0.94737 65 3.00000
835000 22 5.27273 14 56 137 1.00000 67 2.86364
840000 20 5.25000 12 55 127 1.00000 70 3.10000
845000 18 5.11111 11 61 116 1.00000 68 3.44444
850000 19 5.42105 12 52 122 0.94737 65 3.26316
855000 17 5.23529 10 63 112 1.00000 64 3.35294
860000 20 4.95000 11 56 127 1.00000 70 3.05000
865000 18 5.38889 10 59 123 1.00000 73 3.33333
870000 19 5.31579 10 49 119 1.00000 68 3.15789
875000 18 5.00000 11 54 117 1.00000 68 3.22222
880000 19 5.05263 11 43 110 1.00000 61 3.10526
885000 17 5.35294 11 47 109 1.00000 66 3.23529
890000 16 5.25000 11 52 105 1.00000 66 3.43750
895000 16 5.31250 10 63 115 1.00000 68 3.43750
900000 16 5.43750 13 56 109 0.93750 61 3.31250
905000 18 5.16667 15 57 116 0.94444 64 3.16667
910000 19 4.94737 16 52 111 1.00000 66 3.05263
915000 17 5.64706 15 57 118 1.00000 67 3.41176
920000 17 5.64706 15 58 117 0.94118 65 3.23529
925000 15 6.46667 15 59 118 0.93333 64 3.80000
930000 17 5.88235 15 56 121 0.94118 68 3.47059
935000 15 6.46667 15 61 123 1.00000 64 3.53333
940000 14 6.50000 16 66 112 1.00000 61 3.92857
945000 16 5.75000 17 61 108 1.00000 61 3.56250
950000 15 5.66667 14 65 112 1.00000 66 3.73333
955000 15 5.53333 14 72 108 1.00000 65 3.73333
960000 13 6.23077 14 69 99 0.92308 63 4.00000
965000 11 7.18182 14 73 101 1.00000 59 4.54545
970000 12 7.08333 14 71 114 1.00000 58 4.08333
975000 12 7.00000 14 82 117 1.00000 61 4.08333
980000 20 4.95000 14 62 126 1.00000 66 2.85000
985000 17 5.23529 14 76 123 1.00000 68 3.35294
990000 20 4.95000 14 58 122 1.00000 66 2.95000
995000 17 5.35294 11 61 116 1.00000 67 3.35294
1000000 18 4.88889 10 71 116 0.83333 66 3.00000
1005000 17 5.11765 10 75 115 0.88235 58 3.17647
1010000 18 5.00000 11 71 114 1.00000 65 3.22222
1015000 15 6.40000 13 69 121 1.00000 65 3.80000
1020000 16 6.12500 14 63 120 1.00000 65 3.62500
1025000 15 6.33333 12 67 121 1.00000 66 3.80000
1030000 16 5.68750 12 62 117 0.93750 63 3.50000
1035000 19 5.15789 14 53 113 0.89474 67 3.15789
1040000 15 5.73333 12 58 106 0.93333 68 3.86667
1045000 14 5.85714 11 60 108 1.00000 66 4.21429
1050000 15 5.80000 11 58 111 1.00000 68 4.06667
1055000 17 5.17647 11 57 110 1.00000 68 3.58824
1060000 18 5.16667 12 63 124 1.00000 67 3.33333
1065000 18 5.22222 13 63 127 1.00000 71 3.50000
1070000 21 4.33333 11 60 111 0.95238 69 2.95238
1075000 15 5.26667 13 67 107 1.00000 70 4.00000
1080000 14 5.21429 12 69 100 1.00000 68 4.21429
1085000 16 5.06250 11 60 103 0.87500 67 3.50000
1090000 15 5.33333 10 63 113 1.00000 65 3.80000
1095000 15 5.20000 11 62 90 1.00000 61 3.80000
1100000 18 4.66667 11 60 100 1.00000 61 3.27778
1105000 14 5.64286 12 61 104 1.00000 61 4.00000
1110000 18 4.94444 19 59 108 0.88889 67 3.27778
1115000 15 5.26667 20 64 100 1.00000 68 4.00000
1120000 13 5.61538 18 68 100 1.00000 70 4.69231
1125000 14 6.00000 21 66 110 0.92857 66 4.14286
1130000 12 6.50000 20 67 110 1.00000 70 5.00000
1135000 16 5.25000 20 66 109 0.87500 68 3.56250
1140000 16 5.18750 19 72 113 1.00000 70 3.87500
1145000 16 5.18750 17 69 105 0.93750 69 3.75000
1150000 15 5.33333 17 71 112 0.93333 70 4.00000
1155000 17 5.05882 16 71 120 1.00000 69 3.58824
1160000 16 4.93750 14 72 103 1.00000 67 3.75000
1165000 15 4.93333 15 70 105 1.00000 69 3.53333
1170000 19 4.15789 14 66 102 1.00000 67 2.78947
1175000 19 4.36842 15 62 111 1.00000 69 3.05263
1180000 14 5.14286 15 82 110 1.00000 69 3.92857
1185000 20 4.20000 15 71 104 0.85000 67 2.90000
1190000 18 4.50000 13 74 104 1.00000 66 3.22222
1195000 19 4.84211 14 74 121 0.94737 65 3.10526
1200000 22 4.31818 14 70 119 0.90909 66 2.77273
1205000 19 4.63158 13 76 111 0.94737 69 3.05263
1210000 21 4.38095 12 62 114 1.00000 67 2.95238
1215000 19 4.78947 13 60 112 0.89474 64 3.00000
1220000 17 5.35294 13 54 108 1.00000 67 3.47059
1225000 19 4.73684 12 53 109 1.00000 66 3.26316
1230000 18 5.11111 12 62 117 1.00000 65 3.33333
1235000 18 5.22222 14 60 118 0.94444 67 3.27778
1240000 15 5.86667 14 69 115 1.00000 69 3.80000
1245000 18 4.94444 15 61 111 1.00000 68 3.50000
1250000 19 5.00000 13 56 107 1.00000 66 3.36842
1255000 15 6.33333 15 67 119 1.00000 66 4.00000
1260000 18 5.50000 14 61 126 1.00000 67 3.33333
1265000 15 5.66667 14 69 113 1.00000 67 3.46667
1270000 18 5.16667 14 62 115 0.94444 67 3.11111
1275000 18 5.11111 14 67 112 0.88889 66 3.22222
1280000 14 5.85714 13 77 119 1.00000 67 3.92857
1285000 17 5.29412 13 71 121 1.00000 69 3.29412
1290000 17 5.23529 14 62 116 1.00000 71 3.29412
1295000 16 5.56250 13 64 114 1.00000 69 3.43750
1300000 19 4.94737 15 60 120 1.00000 67 3.00000
1305000 18 5.38889 16 59 121 0.94444 68 3.05556
1310000 21 4.38095 13 49 110 0.90476 67 2.61905
1315000 16 4.87500 11 61 112 1.00000 63 3.18750
1320000 18 4.55556 10 52 102 0.94444 60 2.94444
1325000 18 4.66667 12 54 105 1.00000 62 3.11111
1330000 17 4.94118 14 53 101 1.00000 62 3.35294
1335000 18 5.11111 12 41 105 1.00000 58 3.00000
1340000 19 4.57895 11 40 101 1.00000 61 2.94737
1345000 16 5.43750 11 46 111 1.00000 62 3.37500
1350000 15 5.80000 11 53 110 1.00000 64 3.60000
1355000 15 5.86667 16 57 107 1.00000 61 3.66667
1360000 16 5.56250 14 55 116 1.00000 64 3.50000
1365000 17 5.23529 11 51 109 1.00000 66 3.35294
1370000 14 5.50000 11 62 110 1.00000 64 3.92857
1375000 15 5.13333 10 70 100 1.00000 62 3.66667
1380000 17 4.82353 10 66 106 0.94118 64 3.29412
1385000 17 4.47059 9 67 107 1.00000 63 3.23529
1390000 18 4.44444 10 67 107 1.00000 68 3.16667
1395000 17 4.88235 10 68 109 1.00000 68 3.41176
1400000 18 4.66667 11 65 109 0.94444 66 3.11111
1405000 20 4.05000 9 61 99 0.95000 64 2.70000
1410000 17 4.35294 7 72 104 0.94118 66 3.00000
1415000 18 3.83333 7 69 95 1.00000 62 2.94444
1420000 17 4.05882 12 63 105 0.94118 66 3.05882
1425000 18 3.94444 9 71 99 0.94444 67 2.94444
1430000 16 4.25000 8 77 105 1.00000 63 3.25000
1435000 16 4.37500 9 69 102 1.00000 58 2.93750
1440000 18 4.16667 11 58 111 1.00000 61 2.88889
1445000 17 4.41176 9 54 94 1.00000 61 3.05882
1450000 19 4.26316 11 60 108 0.94737 69 2.84211
1455000 18 4.27778 11 58 102 1.00000 67 3.00000
1460000 17 4.41176 11 59 100 0.94118 68 3.05882
1465000 20 4.20000 12 63 104 1.00000 61 2.70000
1470000 17 4.94118 12 72 118 1.00000 65 3.05882
1475000 16 5.12500 12 71 109 1.00000 67 3.18750
1480000 18 4.83333 12 68 116 0.94444 67 2.83333
1485000 20 4.75000 16 61 117 0.95000 64 2.75000
1490000 16 5.25000 13 72 113 1.00000 61 3.31250
1495000 17 5.23529 11 61 116 1.00000 60 3.05882
1500000 17 5.17647 15 58 106 1.00000 60 3.23529
1505000 16 5.62500 13 57 116 1.00000 61 3.43750
1510000 18 5.05556 18 57 104 0.88889 61 2.88889
1515000 15 5.80000 15 61 115 1.00000 67 3.53333
1520000 15 5.73333 14 68 112 1.00000 67 3.53333
1525000 13 6.30769 14 72 118 1.00000 63 3.84615
1530000 16 6.00000 19 64 130 0.93750 66 3.43750
1535000 16 5.87500 18 67 121 1.00000 65 3.31250
1540000 14 6.35714 17 72 116 1.00000 62 3.71429
1545000 17 5.52941 23 69 122 0.94118 66 3.23529
1550000 11 6.81818 20 80 113 1.00000 66 4.18182
1555000 14 6.14286 21 72 122 1.00000 62 3.57143
1560000 18 5.11111 22 70 118 1.00000 66 3.16667
1565000 14 6.35714 22 71 124 1.00000 65 3.85714
1570000 14 6.07143 20 71 118 0.92857 66 3.85714
1575000 16 5.43750 20 66 116 1.00000 63 3.43750
1580000 19 4.78947 16 61 111 0.94737 66 3.10526
1585000 21 4.14286 10 63 113 1.00000 65 2.90476
1590000 20 4.45000 10 65 117 1.00000 68 2.95000
1595000 21 4.71429 11 56 121 1.00000 68 2.76190
1600000 18 5.22222 12 55 112 0.94444 66 3.11111
1605000 16 5.62500 20 55 115 1.00000 63 3.62500
1610000 17 5.41176 20 58 113 0.94118 65 3.47059
1615000 16 5.75000 20 57 115 1.00000 66 3.50000
1620000 13 6.00000 18 64 109 1.00000 67 4.30769
1625000 11 6.54545 20 66 102 1.00000 64 4.90909
1630000 13 5.30769 20 58 95 0.92308 63 3.92308
1635000 13 5.15385 19 62 93 1.00000 63 4.00000
1640000 14 4.85714 21 66 99 1.00000 64 3.78571
1645000 16 4.62500 22 56 91 0.93750 65 3.31250
1650000 15 4.86667 24 58 95 1.00000 58 3.26667
1655000 12 5.66667 23 66 92 0.83333 58 3.75000
1660000 10 6.60000 22 70 91 1.00000 58 4.50000
1665000 13 5.69231 20 69 107 1.00000 65 3.92308
1670000 15 4.73333 17 66 95 0.93333 62 3.40000
1675000 16 4.87500 18 62 105 1.00000 68 3.37500
1680000 16 4.62500 17 71 104 1.00000 64 3.18750
1685000 19 4.21053 16 62 105 1.00000 62 2.73684
1690000 18 4.61111 17 69 108 1.00000 66 3.11111
1695000 18 4.83333 19 71 113 1.00000 68 3.33333
1700000 16 5.43750 18 62 113 1.00000 67 3.68750
1705000 16 4.93750 16 63 106 1.00000 67 3.68750
1710000 19 4.26316 14 59 99 0.94737 66 3.10526
1715000 16 4.68750 15 68 104 0.93750 68 3.50000
1720000 17 4.70588 14 63 105 1.00000 65 3.52941
1725000 24 3.95833 16 55 112 0.87500 68 2.58333
1730000 19 4.21053 15 64 108 0.89474 67 2.94737
1735000 21 4.14286 14 63 110 0.95238 67 2.71429
1740000 17 4.70588 17 64 103 0.94118 63 3.11765
1745000 17 4.47059 18 67 102 0.82353 61 2.94118
1750000 17 4.94118 21 62 101 0.94118 64 3.23529
1755000 15 4.86667 19 75 104 0.86667 66 3.40000
1760000 15 5.26667 19 65 101 0.93333 63 3.80000
1765000 13 6.38462 21 70 106 1.00000 64 4.46154
1770000 15 5.53333 17 75 116 0.93333 66 3.86667
1775000 14 5.92857 17 71 115 1.00000 64 3.85714
1780000 16 5.37500 16 71 112 1.00000 69 3.37500
1785000 20 4.65000 16 59 113 0.90000 68 2.90000
1790000 14 6.00000 23 70 113 1.00000 71 4.00000
1795000 15 5.40000 23 68 105 1.00000 64 3.66667
1800000 15 5.73333 21 60 107 1.00000 63 3.53333
1805000 13 5.92308 18 66 110 1.00000 67 4.23077
1810000 15 5.00000 15 68 99 1.00000 66 3.66667
1815000 14 5.21429 15 64 102 1.00000 63 3.78571
1820000 14 5.28571 18 64 97 0.92857 67 3.78571
1825000 13 5.46154 17 73 97 0.92308 61 3.69231
1830000 9 7.22222 16 77 97 0.88889 59 4.55556
1835000 13 5.92308 16 66 95 0.92308 59 3.69231
1840000 12 6.58333 17 66 108 1.00000 60 4.00000
1845000 13 6.61538 18 60 114 1.00000 61 3.84615
1850000 14 6.07143 17 61 107 1.00000 60 3.71429
1855000 14 5.92857 16 66 101 0.92857 61 3.85714
1860000 14 5.85714 15 61 106 1.00000 63 4.07143
1865000 15 5.86667 19 60 108 1.00000 65 3.93333
1870000 16 6.31250 20 65 122 0.93750 63 3.68750
1875000 15 6.46667 19 63 121 0.93333 64 3.80000
1880000 14 6.92857 19 66 129 1.00000 68 4.14286
1885000 16 6.06250 21 62 122 0.93750 69 3.56250
1890000 16 5.68750 19 66 118 1.00000 68 3.43750
1895000 15 6.26667 19 68 128 1.00000 72 3.80000
1900000 15 6.33333 18 65 119 0.93333 69 3.73333
1905000 14 6.92857 19 71 134 1.00000 66 4.00000
1910000 14 6.78571 19 70 116 0.92857 70 4.14286
1915000 14 6.50000 21 69 119 0.92857 67 4.00000
1920000 18 5.55556 21 70 121 0.94444 66 3.33333
1925000 15 6.06667 21 73 116 1.00000 66 3.80000
1930000 18 5.27778 19 65 119 0.94444 66 3.27778
1935000 15 5.93333 19 74 118 1.00000 67 3.86667
1940000 17 5.41176 21 69 114 0.94118 69 3.52941
1945000 16 5.56250 22 71 110 0.87500 66 3.50000
1950000 14 5.71429 22 75 113 1.00000 70 4.14286
1955000 17 4.88235 20 75 108 0.82353 70 3.29412
1960000 16 4.93750 19 65 103 1.00000 70 3.87500
1965000 16 5.00000 21 67 108 1.00000 66 3.68750
1970000 15 5.60000 22 64 106 1.00000 61 3.60000
1975000 14 5.57143 21 60 97 1.00000 59 3.64286
1980000 14 5.50000 20 61 98 0.92857 60 3.64286
1985000 12 6.25000 20 59 97 1.00000 61 4.00000
1990000 13 5.84615 20 66 106 1.00000 64 3.84615
1995000 15 5.33333 18 66 104 1.00000 63 3.60000
2000000 16 5.12500 17 63 107 0.93750 68 3.62500
2005000 14 5.92857 18 68 114 1.00000 66 4.00000
2010000 17 5.23529 15 59 107 1.00000 65 3.29412
2015000 17 4.94118 15 65 107 1.00000 66 3.29412
2020000 20 4.85000 15 63 119 1.00000 69 2.95000
2025000 18 5.05556 14 70 118 1.00000 71 3.33333
2030000 19 4.89474 16 61 115 0.94737 69 3.21053
2035000 19 4.52632 16 63 111 1.00000 70 3.21053
2040000 19 4.63158 15 62 112 1.00000 70 3.21053
2045000 17 5.17647 15 63 112 1.00000 67 3.35294
2050000 15 5.66667 18 68 112 0.93333 68 3.86667
2055000 15 5.93333 21 61 114 0.93333 65 3.86667
2060000 12 6.83333 21 73 119 1.00000 70 4.58333
2065000 15 5.86667 20 73 116 1.00000 67 4.00000
2070000 15 5.93333 21 65 115 1.00000 70 4.06667
2075000 17 5.76471 22 55 119 0.94118 67 3.64706
2080000 13 7.07692 19 56 114 1.00000 68 4.46154
2085000 15 6.46667 17 52 116 1.00000 67 4.00000
2090000 15 6.06667 17 61 109 0.93333 67 4.00000
2095000 13 6.84615 19 61 116 1.00000 69 4.69231
2100000 16 5.93750 16 60 116 1.00000 66 3.75000
2105000 12 7.16667 15 62 106 1.00000 68 5.00000
2110000 15 5.80000 14 62 120 1.00000 67 4.06667
2115000 17 5.82353 17 58 120 1.00000 71 3.64706
2120000 14 6.07143 17 59 109 0.92857 69 4.07143
2125000 15 5.73333 17 55 99 0.93333 65 3.86667
2130000 11 6.54545 18 69 100 1.00000 65 4.81818
2135000 11 6.45455 21 74 107 1.00000 64 4.72727
2140000 13 6.07692 21 62 102 0.92308 66 4.23077
2145000 12 6.83333 22 67 108 0.91667 64 4.41667
2150000 13 6.53846 20 59 111 1.00000 65 4.15385
2155000 14 6.71429 22 52 114 1.00000 65 4.00000
2160000 14 6.57143 20 56 122 1.00000 69 4.07143
2165000 14 6.35714 18 52 112 1.00000 66 4.07143
2170000 18 5.16667 18 56 113 1.00000 68 3.44444
2175000 16 5.50000 18 47 104 0.81250 67 3.68750
2180000 16 5.06250 18 49 96 1.00000 63 3.62500
2185000 15 5.60000 18 54 105 1.00000 64 3.93333
2190000 14 5.78571 18 65 102 1.00000 68 4.28571
2195000 18 4.72222 17 62 104 1.00000 66 3.38889
2200000 17 5.11765 16 55 107 1.00000 64 3.52941
2205000 18 4.61111 12 69 112 1.00000 64 3.16667
2210000 15 5.40000 13 62 107 1.00000 66 3.73333
2215000 17 4.94118 13 61 107 1.00000 69 3.41176
2220000 16 5.12500 12 60 108 1.00000 68 3.62500
2225000 18 4.77778 12 61 107 0.83333 71 3.33333
2230000 20 4.85000 13 55 115 1.00000 72 3.15000
2235000 20 4.85000 14 53 123 1.00000 71 3.15000
2240000 17 5.00000 12 65 111 1.00000 68 3.58824
2245000 17 5.05882 13 66 109 0.94118 67 3.52941
2250000 14 5.92857 17 75 109 1.00000 66 4.07143
2255000 16 5.50000 18 70 122 1.00000 66 3.56250
2260000 17 5.29412 16 67 117 0.94118 67 3.35294
2265000 15 6.13333 17 63 121 1.00000 66 3.86667
2270000 16 6.06250 19 58 117 1.00000 65 3.68750
2275000 16 6.12500 18 57 123 1.00000 66 3.75000
2280000 20 5.35000 17 47 126 0.95000 69 3.05000
2285000 19 5.68421 16 47 125 1.00000 68 3.36842
2290000 18 6.00000 15 51 130 1.00000 67 3.38889
2295000 16 6.18750 12 63 127 1.00000 71 3.81250
2300000 16 5.93750 12 62 126 1.00000 69 3.81250
2305000 20 4.75000 11 62 116 1.00000 70 3.05000
2310000 19 5.21053 16 63 124 1.00000 71 3.31579
2315000 19 5.10526 17 61 120 0.94737 73 3.21053
2320000 21 5.09524 17 55 131 1.00000 71 3.04762
2325000 18 5.66667 14 54 120 1.00000 68 3.38889
2330000 16 5.87500 14 63 118 0.93750 66 3.50000
2335000 15 5.80000 14 65 109 1.00000 65 3.66667
2340000 15 6.06667 15 65 117 0.93333 67 3.66667
2345000 18 5.55556 23 63 119 1.00000 71 3.50000
2350000 15 5.86667 24 66 109 1.00000 70 3.93333
2355000 18 5.50000 23 53 117 1.00000 67 3.55556
2360000 18 5.55556 24 49 126 1.00000 73 3.44444
2365000 14 6.21429 24 57 115 1.00000 69 4.14286
2370000 13 6.15385 22 63 109 1.00000 62 4.23077
2375000 14 5.57143 20 61 99 1.00000 62 3.85714
2380000 13 5.69231 20 64 106 1.00000 63 3.92308
2385000 16 4.81250 19 59 93 1.00000 61 3.50000
2390000 13 5.30769 18 66 102 1.00000 65 3.92308
2395000 15 4.86667 16 59 100 1.00000 65 3.46667
2400000 16 4.93750 19 55 98 1.00000 64 3.31250
2405000 19 4.36842 20 51 103 1.00000 64 2.89474
2410000 17 4.64706 20 54 106 1.00000 64 2.94118
2415000 16 4.93750 19 57 109 1.00000 63 3.25000
2420000 17 4.70588 18 65 109 1.00000 61 3.29412
2425000 17 4.64706 18 66 101 1.00000 67 3.29412
2430000 18 4.22222 17 65 102 0.94444 63 2.88889
2435000 17 4.76471 18 67 106 1.00000 67 3.23529
2440000 16 5.06250 19 66 107 1.00000 64 3.18750
2445000 16 5.00000 16 69 112 1.00000 65 3.43750
2450000 16 5.31250 19 62 112 0.93750 61 3.31250
2455000 19 5.31579 22 52 120 1.00000 64 3.05263
2460000 19 5.00000 16 51 117 0.94737 62 2.94737
2465000 18 5.27778 16 59 117 0.88889 61 3.00000
2470000 16 5.37500 16 55 110 1.00000 63 3.50000
2475000 19 4.52632 13 50 101 0.89474 66 3.00000
2480000 19 4.31579 15 53 103 1.00000 66 3.10526
2485000 16 4.62500 14 66 101 0.93750 65 3.50000
2490000 18 4.44444 15 63 105 1.00000 66 3.22222
2495000 22 4.27273 14 57 115 1.00000 65 2.68182
2500000 21 4.61905 14 58 116 0.90476 66 2.76190
2505000 17 5.52941 18 64 123 1.00000 70 3.52941
2510000 15 5.93333 17 64 115 1.00000 64 3.73333
2515000 14 6.28571 23 60 105 1.00000 61 4.14286
2520000 13 6.92308 25 64 119 1.00000 63 4.38462
2525000 15 6.40000 25 60 122 1.00000 65 3.86667
2530000 15 6.53333 23 70 138 1.00000 68 3.93333
2535000 21 5.42857 21 64 133 0.90476 71 2.95238
2540000 16 6.25000 19 73 129 1.00000 73 3.68750
2545000 17 6.05882 23 67 126 0.88235 70 3.52941
2550000 13 7.38462 26 64 122 1.00000 66 4.46154
2555000 19 5.36842 18 52 117 0.89474 64 3.15789
2560000 13 6.38462 18 67 112 0.92308 66 4.23077
2565000 16 6.00000 22 60 120 0.93750 66 3.43750
2570000 17 5.52941 20 65 114 1.00000 67 3.41176
2575000 16 5.93750 22 61 121 0.93750 68 3.68750
2580000 16 5.93750 24 56 117 0.93750 67 3.68750
2585000 13 6.61538 22 66 109 1.00000 68 4.53846
2590000 15 5.73333 21 64 113 0.86667 66 3.93333
2595000 15 5.40000 21 69 110 1.00000 65 3.86667
2600000 15 5.80000 24 63 111 0.93333 72 4.00000
2605000 16 5.93750 21 58 110 0.87500 67 3.62500
2610000 14 6.35714 24 63 112 1.00000 66 4.28571
2615000 11 7.18182 23 59 105 1.00000 66 4.81818
2620000 12 6.83333 23 52 104 1.00000 67 4.41667
2625000 11 6.72727 23 63 100 1.00000 62 4.72727
2630000 14 5.50000 22 62 105 1.00000 64 3.78571
2635000 15 5.80000 20 69 106 1.00000 65 3.73333
2640000 16 5.62500 19 71 117 1.00000 65 3.68750
2645000 13 6.61538 21 77 116 1.00000 64 4.00000
2650000 13 6.76923 19 75 117 1.00000 64 4.23077
2655000 13 6.61538 20 70 118 1.00000 66 4.15385
2660000 14 6.42857 19 67 116 1.00000 61 4.07143
2665000 13 6.92308 19 62 109 1.00000 60 4.38462
2670000 13 6.61538 18 64 108 1.00000 60 4.23077
2675000 16 5.56250 18 54 111 1.00000 58 3.31250
2680000 12 6.83333 19 65 107 1.00000 61 4.58333
2685000 14 6.21429 21 60 111 1.00000 65 4.21429
2690000 14 5.92857 17 62 108 1.00000 65 4.14286
2695000 16 5.56250 19 59 108 0.93750 67 3.75000
2700000 14 6.14286 19 69 117 1.00000 72 4.07143
2705000 14 6.35714 20 72 109 1.00000 68 4.35714
2710000 16 5.43750 20 68 117 0.87500 70 3.62500
2715000 14 6.21429 21 67 113 1.00000 66 4.00000
2720000 16 5.50000 20 67 112 1.00000 64 3.56250
2725000 16 5.68750 21 62 110 1.00000 62 3.68750
2730000 16 5.37500 19 62 108 1.00000 63 3.75000
2735000 16 5.50000 18 62 104 1.00000 61 3.68750
2740000 16 5.31250 20 64 109 1.00000 65 3.75000
2745000 16 5.43750 19 59 110 1.00000 64 3.68750
2750000 15 5.86667 21 58 102 1.00000 64 3.93333
2755000 17 5.58824 21 55 111 0.94118 66 3.58824
2760000 17 5.35294 20 52 111 0.88235 66 3.58824
2765000 14 6.14286 23 64 110 0.92857 67 4.42857
2770000 12 6.75000 26 60 103 1.00000 64 4.91667
2775000 15 5.80000 24 59 110 1.00000 67 4.20000
2780000 14 5.71429 20 69 105 0.92857 64 4.00000
2785000 11 6.54545 18 76 102 1.00000 64 4.90909
2790000 13 5.84615 18 68 105 0.92308 64 4.15385
2795000 15 6.13333 19 70 118 1.00000 65 4.00000
2800000 17 5.76471 22 58 117 0.94118 66 3.64706
2805000 16 6.37500 23 53 120 0.93750 68 3.87500
2810000 15 7.20000 23 49 125 1.00000 69 4.20000
2815000 16 6.56250 21 58 124 1.00000 68 3.87500
2820000 14 7.42857 21 56 125 1.00000 69 4.42857
2825000 15 6.46667 17 60 118 1.00000 65 4.00000
2830000 16 5.75000 17 61 108 1.00000 59 3.50000
2835000 15 5.60000 15 66 104 1.00000 67 3.80000
2840000 14 6.35714 19 66 113 1.00000 68 4.07143
2845000 13 6.84615 21 60 113 1.00000 61 4.23077
2850000 9 8.55556 22 64 108 1.00000 62 5.44444
2855000 13 6.53846 22 50 106 0.92308 65 4.15385
2860000 13 6.46154 24 58 107 0.92308 63 4.07692
2865000 12 7.16667 24 59 110 0.91667 61 4.16667
2870000 11 7.54545 22 63 114 1.00000 62 4.63636
2875000 14 6.28571 24 65 112 1.00000 62 3.71429
2880000 13 6.30769 19 70 114 1.00000 64 3.92308
2885000 18 4.94444 19 60 112 1.00000 63 3.11111
2890000 15 5.93333 19 56 106 1.00000 60 3.53333
2895000 13 7.00000 18 56 110 1.00000 63 4.00000
2900000 13 6.69231 16 62 114 0.92308 63 3.92308
2905000 11 7.72727 18 57 103 0.90909 57 4.36364
2910000 10 7.90000 18 63 106 1.00000 56 4.60000
2915000 14 6.00000 19 57 105 1.00000 58 3.71429
2920000 12 7.08333 18 55 109 1.00000 58 4.00000
2925000 14 6.50000 21 60 113 1.00000 60 3.78571
2930000 14 6.64286 19 59 117 1.00000 61 3.85714
2935000 14 6.71429 20 60 119 0.92857 63 3.92857
2940000 13 6.53846 19 71 115 0.92308 65 4.15385
2945000 16 5.43750 18 69 108 0.93750 65 3.62500
2950000 16 5.43750 15 61 110 1.00000 63 3.68750
2955000 14 6.00000 15 65 105 1.00000 60 3.85714
2960000 15 5.40000 13 62 104 1.00000 64 3.60000
2965000 17 4.88235 14 60 103 1.00000 64 3.29412
2970000 17 4.94118 13 65 103 1.00000 61 3.23529
2975000 17 4.94118 12 67 107 0.94118 64 3.17647
2980000 17 5.00000 10 74 113 1.00000 67 3.47059
2985000 19 4.89474 12 67 117 1.00000 70 3.10526
2990000 16 5.62500 16 67 121 1.00000 66 3.43750
2995000 20 4.80000 15 60 115 0.95000 68 3.00000
3000000 19 5.31579 16 60 121 1.00000 68 3.31579
3005000 14 6.78571 15 66 115 1.00000 69 4.21429
3010000 13 7.61538 25 62 127 1.00000 67 4.46154
3015000 16 6.75000 24 53 127 1.00000 67 3.87500
3020000 14 7.07143 25 55 111 0.92857 64 4.28571
3025000 12 7.75000 23 60 118 1.00000 65 4.75000
3030000 12 7.25000 22 64 114 1.00000 61 4.66667
3035000 12 7.25000 24 60 109 0.91667 62 4.75000
3040000 12 7.16667 23 62 104 0.91667 62 4.75000
3045000 12 7.08333 22 65 110 1.00000 61 4.58333
3050000 13 7.07692 24 51 114 1.00000 61 4.38462
3055000 13 7.07692 25 56 109 0.92308 63 4.38462
3060000 14 6.92857 28 49 116 1.00000 64 4.21429
3065000 15 6.40000 27 52 114 0.93333 62 3.73333
3070000 15 6.13333 25 60 114 0.86667 64 3.86667
3075000 14 6.28571 21 56 109 1.00000 63 4.00000
3080000 14 5.92857 17 55 111 1.00000 69 4.07143
3085000 12 6.50000 18 56 105 1.00000 69 4.50000
3090000 12 6.66667 19 55 107 1.00000 69 4.66667
3095000 14 6.42857 18 53 107 1.00000 64 4.14286
3100000 14 6.35714 17 65 114 1.00000 66 4.14286
3105000 16 5.62500 17 62 115 1.00000 65 3.62500
3110000 18 5.27778 17 56 108 0.94444 67 3.38889
3115000 14 5.92857 17 67 107 1.00000 63 3.92857
3120000 12 6.91667 18 69 111 1.00000 65 4.58333
3125000 12 6.83333 18 75 106 1.00000 62 4.41667
3130000 15 5.93333 18 74 114 0.93333 61 3.53333
3135000 17 5.35294 17 64 110 0.94118 59 3.05882
3140000 15 5.73333 16 64 107 0.93333 63 3.46667
3145000 18 4.94444 14 54 109 1.00000 65 3.16667
3150000 16 5.43750 15 54 109 1.00000 66 3.56250
3155000 15 5.73333 13 57 100 0.93333 64 3.66667
3160000 16 5.00000 12 60 110 1.00000 63 3.43750
3165000 16 5.31250 13 56 110 0.93750 61 3.37500
3170000 13 6.15385 14 67 103 1.00000 60 4.00000
3175000 14 5.64286 14 73 107 1.00000 58 3.71429
3180000 15 5.86667 15 60 109 0.93333 59 3.60000
3185000 13 6.00000 13 67 107 1.00000 62 4.00000
3190000 19 4.89474 14 53 113 1.00000 62 2.84211
3195000 18 5.00000 16 53 111 0.94444 62 2.88889
3200000 16 5.12500 15 53 105 0.93750 63 3.31250
3205000 13 5.76923 20 57 109 1.00000 66 3.84615
3210000 12 6.58333 22 54 102 1.00000 66 4.33333
3215000 13 6.38462 22 49 99 0.92308 61 4.07692
3220000 15 5.66667 21 53 104 1.00000 62 3.60000
3225000 14 5.71429 19 63 101 1.00000 60 3.85714
3230000 16 5.06250 22 73 110 1.00000 63 3.43750
3235000 15 5.53333 24 67 108 1.00000 65 3.46667
3240000 11 7.45455 27 70 109 1.00000 63 4.54545
3245000 14 5.92857 23 75 113 1.00000 62 3.78571
3250000 13 6.69231 24 74 111 0.92308 61 4.00000
3255000 12 7.33333 22 76 123 0.91667 60 4.25000
3260000 15 5.86667 18 63 111 1.00000 62 3.53333
3265000 17 5.58824 18 60 113 1.00000 61 3.29412
3270000 12 7.16667 16 62 112 1.00000 63 4.33333
3275000 12 6.91667 16 62 108 1.00000 64 4.33333
3280000 15 5.46667 11 64 102 0.93333 63 3.40000
3285000 17 5.35294 16 61 118 1.00000 66 3.35294
3290000 14 6.42857 18 64 119 0.92857 67 3.92857
3295000 15 5.93333 16 56 116 1.00000 66 3.73333
3300000 14 6.50000 18 56 114 1.00000 64 3.78571
3305000 14 6.71429 22 53 113 0.92857 65 4.00000
3310000 12 6.75000 18 69 110 1.00000 65 4.58333
3315000 14 5.85714 19 65 112 1.00000 64 4.07143
3320000 14 6.07143 22 66 112 1.00000 65 4.14286
3325000 14 6.42857 22 64 113 0.92857 67 4.21429
3330000 14 6.14286 18 67 109 1.00000 65 4.21429
3335000 14 6.07143 20 63 104 0.85714 65 4.14286
3340000 13 6.53846 20 72 114 1.00000 69 4.30769
3345000 14 6.35714 20 71 113 1.00000 69 4.07143
3350000 14 6.07143 19 72 109 0.85714 68 4.00000
3355000 14 6.00000 19 66 108 0.92857 69 4.00000
3360000 13 6.69231 19 57 104 0.84615 63 4.07692
3365000 15 6.40000 23 53 116 1.00000 64 3.73333
3370000 13 7.30769 24 61 121 1.00000 65 4.15385
3375000 12 8.00000 24 62 120 1.00000 67 4.50000
3380000 16 5.81250 21 51 114 0.93750 67 3.62500
3385000 16 6.06250 22 57 122 1.00000 66 3.62500
3390000 15 5.80000 17 60 113 1.00000 65 3.73333
3395000 17 5.52941 17 59 118 1.00000 63 3.23529
3400000 16 5.81250 16 64 115 1.00000 64 3.37500
3405000 16 5.75000 13 61 118 1.00000 63 3.18750
3410000 16 5.75000 13 59 118 0.93750 63 3.25000
3415000 16 5.75000 14 58 117 0.93750 66 3.31250
3420000 17 5.52941 19 56 113 1.00000 62 3.23529
3425000 16 5.56250 20 66 114 0.93750 60 3.25000
3430000 16 6.00000 19 63 124 0.93750 59 3.12500
3435000 17 6.00000 17 55 123 0.94118 62 3.05882
3440000 16 6.18750 20 55 120 1.00000 61 3.31250
3445000 19 5.42105 18 53 127 1.00000 63 2.89474
3450000 16 5.43750 19 64 116 1.00000 64 3.25000
3455000 16 5.37500 21 65 112 1.00000 65 3.43750
3460000 14 6.14286 20 64 114 1.00000 64 3.78571
3465000 14 6.28571 18 78 124 1.00000 68 3.71429
3470000 18 5.27778 14 61 119 0.88889 64 3.05556
3475000 17 5.58824 15 60 122 1.00000 58 3.00000
3480000 16 5.81250 17 61 116 1.00000 65 3.43750
3485000 19 5.10526 16 56 115 1.00000 64 2.94737
3490000 22 4.54545 13 52 113 0.95455 61 2.54545
3495000 16 6.43750 15 49 127 1.00000 59 3.31250
3500000 15 6.20000 15 54 111 1.00000 60 3.46667
3505000 14 6.42857 14 58 114 1.00000 62 3.64286
3510000 14 6.00000 15 56 112 1.00000 62 3.57143
3515000 15 6.06667 16 56 113 1.00000 65 3.53333
3520000 17 5.64706 16 53 119 1.00000 63 3.11765
3525000 18 5.33333 16 44 117 1.00000 62 3.05556
3530000 17 5.23529 14 49 109 1.00000 58 3.17647
3535000 17 5.05882 13 52 107 1.00000 60 3.05882
3540000 16 5.12500 12 60 105 1.00000 64 3.37500
3545000 21 4.23810 13 54 108 1.00000 61 2.61905
3550000 17 4.64706 13 70 107 1.00000 69 3.35294
3555000 19 4.52632 14 66 113 1.00000 70 3.05263
3560000 18 4.88889 16 67 119 0.94444 67 3.05556
3565000 13 6.53846 15 74 124 1.00000 69 4.07692
3570000 14 6.14286 15 68 118 1.00000 66 3.92857
3575000 16 5.31250 16 64 114 1.00000 67 3.56250
3580000 16 5.31250 15 54 105 1.00000 65 3.50000
3585000 18 5.11111 18 53 111 0.88889 66 3.22222
3590000 14 5.78571 17 64 105 1.00000 65 4.00000
3595000 15 5.66667 18 66 113 1.00000 62 3.80000
3600000 17 5.64706 18 66 124 1.00000 68 3.47059
3605000 18 5.33333 19 62 125 0.94444 66 3.27778
3610000 17 5.64706 19 56 119 1.00000 66 3.52941
3615000 18 5.00000 14 54 113 1.00000 65 3.33333
3620000 16 5.37500 14 58 111 1.00000 65 3.50000
3625000 18 4.72222 12 52 108 0.94444 66 3.11111
3630000 17 4.94118 12 55 102 1.00000 62 3.17647
3635000 15 5.46667 13 51 104 1.00000 63 3.60000
3640000 17 4.88235 12 53 101 0.94118 65 3.23529
3645000 19 4.31579 10 58 105 1.00000 65 3.00000
3650000 19 4.31579 9 60 101 1.00000 62 3.05263
3655000 17 4.76471 10 60 96 1.00000 58 3.05882
3660000 16 5.12500 10 62 109 1.00000 61 3.18750
3665000 15 5.60000 10 61 111 1.00000 64 3.73333
3670000 15 5.46667 10 64 105 1.00000 63 3.53333
3675000 16 4.75000 10 67 105 0.93750 65 3.18750
3680000 14 5.42857 11 62 104 0.92857 60 3.28571
3685000 14 5.28571 10 70 100 1.00000 59 3.35714
3690000 19 4.73684 13 52 113 0.94737 59 2.73684
3695000 16 5.62500 13 53 117 1.00000 58 3.31250
3700000 19 5.10526 11 51 112 1.00000 58 2.94737
3705000 15 5.86667 12 57 106 1.00000 58 3.53333
3710000 16 5.06250 10 55 103 1.00000 59 3.37500
3715000 17 4.35294 8 61 98 1.00000 62 3.11765
3720000 16 4.75000 13 57 97 0.93750 59 3.25000
3725000 16 4.87500 12 52 103 1.00000 63 3.37500
3730000 15 4.86667 14 56 99 1.00000 60 3.20000
3735000 15 5.46667 19 60 107 0.93333 58 3.06667
3740000 17 4.76471 19 53 107 0.94118 59 2.94118
3745000 15 5.53333 20 59 111 1.00000 58 3.40000
3750000 13 5.69231 19 70 104 1.00000 56 3.53846
3755000 12 6.25000 19 73 104 1.00000 62 3.75000
3760000 19 5.05263 19 61 119 1.00000 65 2.84211
3765000 19 5.26316 23 65 126 1.00000 62 2.89474
3770000 18 5.61111 19 62 131 1.00000 67 3.05556
3775000 19 5.10526 17 63 128 1.00000 64 2.78947
3780000 19 5.42105 16 56 130 0.89474 58 2.78947
3785000 17 5.41176 14 67 116 1.00000 62 3.41176
3790000 18 5.27778 13 60 116 1.00000 70 3.27778
3795000 18 5.38889 17 52 115 1.00000 61 2.83333
3800000 15 6.40000 17 63 117 1.00000 64 3.73333
3805000 15 6.26667 19 59 116 1.00000 61 3.46667
3810000 16 5.68750 18 50 112 1.00000 59 3.43750
3815000 17 5.64706 18 49 114 1.00000 62 3.35294
3820000 16 5.87500 18 46 105 0.93750 63 3.56250
3825000 17 5.58824 18 52 113 1.00000 64 3.41176
3830000 17 5.64706 18 53 114 0.94118 66 3.58824
3835000 15 5.66667 16 58 101 1.00000 69 4.06667
3840000 16 5.18750 15 60 104 1.00000 69 3.87500
3845000 18 5.05556 16 51 111 1.00000 68 3.50000
3850000 18 5.11111 17 47 112 0.94444 66 3.38889
3855000 16 5.37500 14 54 110 1.00000 64 3.75000
3860000 14 6.07143 14 60 120 1.00000 67 4.21429
3865000 20 4.95000 14 48 113 0.95000 67 3.10000
3870000 17 5.41176 14 59 115 1.00000 67 3.58824
3875000 15 5.80000 16 57 116 0.93333 70 3.93333
3880000 19 4.57895 14 53 113 1.00000 70 3.31579
3885000 23 4.43478 17 46 117 0.95652 70 2.86957
3890000 18 5.27778 15 56 118 1.00000 66 3.33333
3895000 13 6.23077 13 62 103 1.00000 66 4.30769
3900000 13 6.69231 14 65 109 1.00000 67 4.30769
3905000 15 5.80000 15 64 109 1.00000 67 3.66667
3910000 17 5.47059 14 58 115 1.00000 65 3.29412
3915000 21 4.90476 15 53 121 0.95238 62 2.66667
3920000 15 5.73333 14 72 123 1.00000 65 3.46667
3925000 15 6.06667 14 72 124 0.86667 66 3.06667
3930000 15 5.80000 14 73 123 1.00000 66 3.46667
3935000 18 5.55556 16 59 120 0.94444 67 3.27778
3940000 17 5.58824 14 64 122 0.94118 64 3.29412
3945000 20 4.95000 14 61 119 0.95000 63 2.80000
3950000 20 4.80000 12 57 120 0.95000 64 2.90000
3955000 16 5.56250 13 62 116 1.00000 61 3.31250
3960000 18 5.16667 14 68 114 0.94444 66 3.11111
3965000 20 4.55000 12 73 118 1.00000 65 3.00000
3970000 17 5.29412 14 70 117 1.00000 65 3.47059
3975000 16 5.68750 16 66 115 1.00000 66 3.62500
3980000 17 5.41176 19 65 119 1.00000 66 3.52941
3985000 18 5.27778 17 56 104 0.94444 62 3.38889
3990000 14 6.85714 19 60 115 1.00000 59 4.07143
3995000 15 6.73333 19 59 122 1.00000 58 3.73333
4000000 16 6.25000 18 53 121 0.93750 61 3.50000
4005000 17 6.11765 16 48 125 0.94118 62 3.35294
4010000 16 6.43750 14 41 118 1.00000 59 3.50000
4015000 15 6.26667 15 47 115 1.00000 59 3.73333
4020000 14 6.14286 13 55 107 1.00000 61 3.92857
4025000 13 6.07692 13 63 108 1.00000 62 4.07692
4030000 15 5.26667 12 59 100 1.00000 60 3.66667
4035000 18 4.94444 12 57 105 0.88889 61 3.00000
4040000 16 5.43750 15 70 112 1.00000 63 3.43750
4045000 18 5.00000 17 69 118 1.00000 64 3.16667
4050000 16 6.00000 21 55 114 1.00000 65 3.62500
4055000 15 6.26667 21 67 127 1.00000 64 3.53333
4060000 17 5.88235 24 59 127 1.00000 67 3.41176
4065000 18 5.44444 19 58 121 1.00000 65 3.05556
4070000 15 6.33333 21 67 123 1.00000 63 3.46667
4075000 15 6.80000 25 65 133 1.00000 65 3.46667
4080000 14 6.78571 22 71 125 1.00000 64 3.78571
4085000 14 7.00000 20 57 120 1.00000 69 3.85714
4090000 15 6.60000 19 55 125 0.93333 63 3.46667
4095000 13 7.15385 18 62 115 1.00000 61 3.92308
4100000 17 6.35294 18 59 125 0.94118 64 3.23529
4105000 14 7.21429 18 55 127 1.00000 65 4.00000
4110000 17 6.23529 19 53 126 1.00000 67 3.52941
4115000 18 5.94444 21 55 132 1.00000 68 3.38889
4120000 19 5.68421 22 58 132 1.00000 68 3.36842
4125000 19 5.42105 21 60 125 1.00000 72 3.36842
4130000 19 5.21053 20 61 123 1.00000 71 3.26316
4135000 19 5.21053 18 65 121 0.94737 70 3.21053
4140000 19 5.57895 17 60 134 0.94737 69 3.21053
4145000 18 5.61111 18 65 124 1.00000 68 3.38889
4150000 18 5.61111 19 55 124 1.00000 69 3.38889
4155000 17 5.35294 18 64 118 1.00000 70 3.47059
4160000 19 4.89474 17 62 119 1.00000 68 3.00000
4165000 19 4.94737 16 51 111 0.94737 66 3.21053
4170000 16 5.31250 15 64 112 1.00000 64 3.50000
4175000 15 5.53333 16 64 109 1.00000 64 3.66667
4180000 14 5.71429 16 57 102 1.00000 67 3.85714
4185000 16 5.50000 20 58 114 1.00000 63 3.25000
4190000 20 4.80000 21 47 118 0.95000 65 2.75000
4195000 15 5.86667 20 60 113 0.93333 67 3.53333
4200000 20 4.85000 20 57 119 1.00000 66 2.95000
4205000 19 4.84211 20 59 116 0.94737 67 2.94737
4210000 17 5.23529 19 62 112 0.94118 60 3.05882
4215000 17 5.05882 19 66 112 1.00000 62 3.17647
4220000 17 5.35294 18 65 121 1.00000 66 3.35294
4225000 16 5.87500 20 58 117 1.00000 59 3.25000
4230000 16 6.06250 23 59 126 0.93750 62 3.18750
4235000 14 6.78571 21 64 113 1.00000 61 4.00000
4240000 13 7.00000 19 65 119 1.00000 66 4.15385
4245000 17 6.00000 19 54 120 0.94118 66 3.41176
4250000 16 6.18750 19 55 125 1.00000 66 3.62500
4255000 16 6.18750 19 58 120 1.00000 62 3.50000
4260000 17 5.70588 17 50 112 0.88235 61 3.23529
4265000 17 5.47059 18 58 118 1.00000 66 3.35294
4270000 15 6.00000 19 63 118 1.00000 62 3.60000
4275000 16 5.81250 18 68 115 1.00000 65 3.68750
4280000 16 5.56250 17 67 109 1.00000 63 3.43750
4285000 16 5.56250 19 67 114 0.93750 61 3.56250
4290000 13 6.53846 19 72 112 1.00000 64 4.23077
4295000 16 5.75000 18 60 109 0.93750 64 3.62500
4300000 14 6.35714 18 57 110 0.92857 63 3.92857
4305000 14 6.14286 19 66 110 0.92857 60 3.92857
4310000 15 5.40000 20 68 110 1.00000 62 3.66667
4315000 16 5.31250 21 67 104 0.87500 61 3.31250
4320000 16 5.43750 20 67 115 1.00000 63 3.43750
4325000 15 5.40000 18 76 108 1.00000 61 3.53333
4330000 19 4.68421 16 69 105 1.00000 64 3.00000
4335000 15 5.73333 19 74 105 0.93333 63 3.26667
4340000 17 5.11765 18 65 118 1.00000 63 2.94118
4345000 13 6.23077 18 73 112 1.00000 65 3.84615
4350000 16 5.43750 18 59 114 0.93750 65 3.50000
4355000 18 5.05556 17 50 107 0.94444 66 3.00000
4360000 15 5.60000 17 55 110 1.00000 64 3.60000
4365000 16 5.06250 15 55 103 0.93750 64 3.50000
4370000 12 6.41667 15 54 103 1.00000 69 4.75000
4375000 14 5.50000 14 58 94 0.92857 66 4.07143
4380000 12 6.00000 15 61 94 0.91667 60 4.25000
4385000 15 5.00000 15 57 95 0.93333 61 3.40000
4390000 12 5.75000 13 65 87 0.91667 60 4.08333
4395000 14 5.57143 16 59 101 0.92857 60 3.50000
4400000 11 6.81818 17 66 102 1.00000 59 4.45455
4405000 14 6.00000 18 56 103 1.00000 64 3.85714
4410000 16 5.25000 16 54 106 0.93750 61 3.25000
4415000 15 5.60000 16 52 108 1.00000 64 3.60000
4420000 16 5.43750 17 58 112 0.93750 61 3.37500
4425000 16 4.93750 15 63 106 0.93750 66 3.37500
4430000 16 5.50000 17 64 115 0.93750 68 3.43750
4435000 16 5.56250 18 61 118 0.93750 67 3.43750
4440000 17 5.11765 16 57 112 0.94118 64 3.35294
4445000 16 5.43750 16 63 110 1.00000 65 3.56250
4450000 17 5.05882 15 60 111 0.94118 68 3.23529
4455000 17 5.17647 17 61 120 1.00000 68 3.23529
4460000 16 5.62500 17 49 105 0.87500 66 3.56250
4465000 15 6.20000 17 58 119 1.00000 66 3.80000
4470000 15 6.13333 21 54 119 1.00000 66 3.73333
4475000 17 5.47059 15 56 111 0.82353 70 3.29412
4480000 16 5.12500 14 65 107 1.00000 67 3.56250
4485000 16 5.50000 18 66 109 0.93750 64 3.50000
4490000 16 5.00000 15 65 99 1.00000 67 3.68750
4495000 15 5.33333 15 66 108 1.00000 65 3.53333
4500000 18 4.88889 16 56 108 0.94444 62 3.11111
4505000 17 5.41176 19 57 117 1.00000 62 3.35294
4510000 17 5.58824 19 53 110 0.94118 65 3.29412
4515000 14 6.50000 20 68 119 0.92857 61 3.71429
4520000 12 7.25000 22 71 116 1.00000 62 4.41667
4525000 13 6.15385 18 70 103 0.92308 61 4.00000
4530000 13 6.30769 22 72 106 0.92308 64 4.23077
4535000 13 6.30769 21 71 108 1.00000 65 4.15385
4540000 13 6.23077 20 71 109 1.00000 65 4.23077
4545000 17 5.29412 18 61 108 0.94118 68 3.64706
4550000 15 6.13333 22 64 112 0.93333 69 4.00000
4555000 16 5.75000 21 58 111 1.00000 64 3.87500
4560000 15 6.00000 21 59 107 1.00000 62 4.00000
4565000 13 6.30769 20 62 111 1.00000 63 4.38462
4570000 16 5.50000 19 58 113 1.00000 65 3.62500
4575000 13 6.84615 19 57 112 1.00000 68 4.53846
4580000 17 5.64706 17 53 117 1.00000 68 3.76471
4585000 16 5.81250 20 57 110 0.87500 69 3.93750
4590000 16 5.37500 18 57 113 0.93750 69 4.00000
4595000 15 5.53333 20 63 104 0.93333 66 3.86667
4600000 15 5.73333 20 64 111 1.00000 64 4.00000
4605000 14 6.00000 20 68 108 1.00000 64 4.07143
4610000 16 5.43750 20 72 113 0.93750 63 3.62500
4615000 13 6.15385 18 73 110 1.00000 60 4.23077
4620000 16 5.68750 20 63 118 1.00000 59 3.37500
4625000 19 5.05263 20 67 123 0.94737 58 2.78947
4630000 17 5.41176 20 75 122 0.94118 65 3.29412
4635000 16 6.37500 22 68 127 0.93750 70 3.75000
4640000 14 6.78571 25 73 127 1.00000 68 4.21429
4645000 16 6.06250 27 64 118 1.00000 69 3.75000
4650000 15 6.00000 23 60 116 1.00000 70 4.00000
4655000 17 5.17647 23 63 108 0.94118 67 3.52941
4660000 17 5.47059 23 66 116 0.88235 68 3.52941
4665000 18 5.50000 24 52 117 0.94444 66 3.33333
4670000 15 6.13333 23 56 115 1.00000 61 3.73333
4675000 14 6.35714 23 57 110 1.00000 62 3.92857
4680000 16 6.37500 24 56 126 1.00000 64 3.50000
4685000 17 5.88235 21 61 125 0.94118 68 3.41176
4690000 14 6.50000 22 72 121 1.00000 68 3.78571
4695000 13 6.92308 21 69 115 1.00000 66 4.00000
4700000 15 6.06667 22 73 121 0.93333 68 3.66667
4705000 13 7.07692 22 65 118 0.92308 68 4.07692
4710000 13 7.07692 22 62 116 0.92308 65 4.15385
4715000 15 6.33333 22 67 116 0.93333 65 3.80000
4720000 14 6.85714 22 66 116 0.92857 67 4.00000
4725000 13 6.61538 24 77 116 1.00000 70 4.38462
4730000 17 5.41176 20 65 113 0.82353 68 3.35294
4735000 15 6.20000 20 65 118 1.00000 67 3.86667
4740000 11 7.72727 21 70 109 1.00000 67 4.72727
4745000 14 6.57143 20 61 118 1.00000 65 3.85714
4750000 13 6.61538 21 74 115 1.00000 64 4.15385
4755000 14 6.42857 22 76 116 1.00000 66 4.14286
4760000 18 5.77778 23 69 130 0.94444 67 3.38889
4765000 17 6.11765 22 64 136 1.00000 66 3.58824
4770000 16 6.00000 19 68 125 1.00000 63 3.50000
4775000 19 5.42105 21 55 116 0.89474 63 3.10526
4780000 19 5.73684 22 60 128 0.94737 64 3.21053
4785000 15 5.93333 21 71 122 1.00000 62 3.66667
4790000 14 5.71429 22 73 109 1.00000 63 3.85714
4795000 15 5.53333 21 53 108 1.00000 62 3.20000
4800000 15 5.33333 19 62 104 1.00000 62 3.33333
4805000 13 6.46154 20 70 116 1.00000 62 4.00000
4810000 16 5.68750 20 63 117 1.00000 62 3.25000
4815000 21 4.76190 24 61 126 0.95238 68 2.66667
4820000 13 6.76923 23 69 120 1.00000 66 4.07692
4825000 16 5.75000 23 63 117 0.93750 65 3.37500
4830000 16 6.31250 22 56 131 0.93750 64 3.31250
4835000 18 5.33333 18 54 118 0.94444 64 3.00000
4840000 16 6.18750 22 56 125 0.93750 66 3.56250
4845000 13 7.15385 23 63 116 0.92308 68 4.23077
4850000 15 6.60000 24 64 121 0.93333 69 3.73333
4855000 16 5.87500 24 66 117 0.87500 67 3.56250
4860000 15 6.33333 25 69 123 1.00000 71 3.93333
4865000 15 6.00000 24 59 119 0.93333 69 3.66667
4870000 14 5.64286 20 64 110 1.00000 66 4.07143
4875000 15 5.66667 18 62 104 0.93333 62 3.66667
4880000 14 5.71429 15 68 106 1.00000 64 4.07143
4885000 17 5.11765 16 61 108 1.00000 66 3.35294
4890000 16 5.56250 16 65 108 0.93750 63 3.43750
4895000 16 5.81250 18 61 117 1.00000 65 3.56250
4900000 18 5.22222 15 59 120 1.00000 66 3.27778
4905000 18 5.16667 20 55 111 1.00000 67 3.38889
4910000 16 5.81250 18 59 111 0.87500 66 3.68750
4915000 16 5.75000 18 61 115 0.93750 70 3.68750
4920000 15 6.06667 19 63 118 1.00000 69 3.80000
4925000 15 5.60000 17 71 111 0.93333 69 3.86667
4930000 16 5.56250 16 74 112 1.00000 69 3.68750
4935000 12 6.58333 18 79 102 1.00000 63 4.66667
4940000 14 6.00000 17 72 110 1.00000 62 3.85714
4945000 11 6.81818 17 84 105 0.90909 63 4.63636
4950000 14 6.14286 20 78 113 1.00000 59 3.85714
4955000 14 6.00000 20 68 107 1.00000 63 4.21429
4960000 11 6.54545 16 75 101 1.00000 66 4.90909
4965000 15 5.33333 16 65 106 0.93333 67 3.86667
4970000 13 5.84615 17 73 106 1.00000 66 4.53846
4975000 13 6.00000 16 75 104 1.00000 67 4.38462
4980000 13 6.07692 18 66 107 1.00000 65 4.23077
4985000 15 5.20000 16 70 99 0.93333 63 3.66667
4990000 18 4.88889 18 59 104 1.00000 61 3.16667
4995000 12 6.58333 18 70 107 1.00000 66 4.58333
5000000 15 5.46667 14 63 105 1.00000 62 3.80000
5005000 16 5.56250 16 57 103 0.93750 68 3.75000
5010000 13 6.00000 14 66 99 1.00000 61 4.15385
5015000 13 6.00000 15 63 105 1.00000 65 4.46154
5020000 16 4.68750 14 66 102 0.93750 66 3.43750
5025000 16 5.06250 15 64 106 1.00000 65 3.62500
5030000 15 5.46667 13 64 110 1.00000 66 3.93333
5035000 16 5.50000 20 59 112 1.00000 64 3.56250
5040000 16 5.18750 20 66 108 1.00000 69 3.50000
5045000 14 5.78571 17 65 102 1.00000 68 4.00000
5050000 15 5.66667 19 60 112 0.93333 66 3.73333
5055000 16 5.81250 21 60 121 1.00000 68 3.56250
5060000 13 6.00000 20 70 106 1.00000 64 4.07692
5065000 19 4.63158 16 56 113 1.00000 65 3.10526
5070000 16 5.12500 15 61 108 1.00000 63 3.50000
5075000 18 4.77778 14 57 107 0.94444 62 3.05556
5080000 22 4.13636 12 52 105 0.95455 66 2.59091
5085000 17 4.58824 12 66 102 1.00000 62 3.29412
5090000 13 5.76923 12 67 104 1.00000 65 4.07692
5095000 15 5.40000 13 54 108 1.00000 60 3.60000
5100000 15 5.40000 12 47 97 1.00000 62 3.60000
5105000 16 4.62500 12 59 102 1.00000 65 3.37500
5110000 16 4.93750 14 51 100 0.87500 63 3.18750
5115000 18 4.66667 13 58 108 1.00000 66 3.05556
5120000 17 4.88235 11 63 105 1.00000 63 3.11765
5125000 13 5.61538 12 72 102 0.92308 64 3.92308
5130000 16 4.87500 11 72 107 1.00000 66 3.37500
5135000 18 4.72222 11 71 113 0.94444 70 3.11111
5140000 18 5.16667 17 70 120 1.00000 66 3.27778
5145000 15 6.40000 17 65 120 1.00000 66 3.66667
5150000 14 6.28571 17 69 119 1.00000 65 3.78571
5155000 15 6.20000 16 72 123 1.00000 66 3.80000
5160000 18 5.27778 16 70 118 1.00000 67 3.38889
5165000 18 5.11111 17 70 115 0.94444 68 3.33333
5170000 19 5.10526 14 72 124 1.00000 66 3.10526
5175000 18 5.22222 16 68 115 0.94444 67 3.22222
5180000 13 6.23077 16 68 113 1.00000 70 4.30769
5185000 14 5.50000 16 60 101 1.00000 70 4.14286
5190000 16 5.00000 15 59 106 0.93750 67 3.56250
5195000 15 5.33333 16 68 101 1.00000 67 4.06667
5200000 19 4.68421 15 63 115 1.00000 67 3.21053
5205000 18 4.38889 13 70 105 0.88889 67 3.38889
5210000 17 4.70588 15 67 116 0.94118 72 3.58824
5215000 13 5.92308 17 67 107 1.00000 67 4.15385
5220000 16 5.18750 19 68 108 0.93750 63 3.43750
5225000 14 6.42857 21 69 115 1.00000 64 3.78571
5230000 15 6.40000 20 63 120 1.00000 63 3.93333
5235000 17 6.17647 21 60 126 0.94118 64 3.47059
5240000 17 6.00000 20 61 123 1.00000 65 3.58824
5245000 16 6.56250 23 60 134 1.00000 65 3.68750
5250000 15 6.26667 23 62 115 1.00000 64 3.93333
5255000 17 5.76471 23 60 113 0.88235 65 3.52941
5260000 15 6.06667 21 62 111 1.00000 64 4.00000
5265000 15 5.80000 17 69 113 0.93333 65 3.73333
5270000 16 5.50000 17 68 120 0.93750 67 3.43750
5275000 16 4.93750 18 74 105 1.00000 62 3.50000
5280000 12 6.41667 20 73 104 1.00000 65 4.50000
5285000 14 6.00000 21 66 112 1.00000 66 3.92857
5290000 16 5.12500 20 77 105 0.93750 65 3.50000
5295000 13 6.00000 19 73 102 1.00000 66 4.07692
5300000 15 5.73333 20 67 115 0.93333 65 3.73333
5305000 13 7.00000 20 77 124 1.00000 64 4.23077
5310000 15 6.53333 22 68 132 1.00000 64 3.86667
5315000 16 6.25000 22 69 124 0.93750 63 3.43750
5320000 14 6.78571 22 69 121 1.00000 65 4.07143
5325000 15 6.26667 20 74 119 0.93333 63 3.73333
5330000 16 5.87500 22 71 121 0.93750 70 3.56250
5335000 16 5.68750 17 68 114 1.00000 69 3.75000
5340000 15 6.26667 17 55 114 1.00000 70 3.93333
5345000 21 5.00000 16 60 126 1.00000 73 3.04762
5350000 19 5.42105 18 64 131 0.94737 70 3.10526
5355000 15 5.86667 17 76 117 1.00000 62 3.60000
5360000 18 5.33333 19 62 118 0.94444 68 3.33333
5365000 19 5.10526 19 58 125 1.00000 67 3.15789
5370000 17 5.70588 20 53 112 1.00000 66 3.47059
5375000 18 5.27778 16 54 116 0.94444 66 3.33333
5380000 16 5.62500 16 61 116 1.00000 69 3.50000
5385000 15 5.60000 15 62 107 1.00000 66 3.66667
5390000 18 5.05556 19 58 112 0.88889 65 3.16667
5395000 15 5.66667 19 62 111 1.00000 64 3.60000
5400000 15 5.46667 18 63 111 1.00000 65 3.73333
5405000 14 5.50000 16 68 109 1.00000 65 3.78571
5410000 19 4.57895 18 64 112 0.94737 67 3.05263
5415000 18 4.55556 16 65 115 0.94444 65 3.22222
5420000 15 5.06667 16 72 105 1.00000 66 3.66667
5425000 15 5.13333 15 74 108 1.00000 66 3.73333
5430000 18 4.94444 15 67 114 1.00000 68 3.22222
5435000 23 4.17391 12 51 116 0.91304 68 2.56522
5440000 17 4.64706 13 62 109 1.00000 67 3.23529
5445000 19 4.36842 11 58 105 0.94737 61 3.05263
5450000 21 4.28571 11 53 102 0.95238 63 2.85714
5455000 18 4.66667 15 65 110 0.94444 66 3.11111
5460000 16 5.31250 14 67 106 0.93750 63 3.43750
5465000 17 4.88235 13 66 112 1.00000 67 3.35294
5470000 18 4.72222 16 69 111 1.00000 66 3.22222
5475000 17 5.11765 17 70 114 0.94118 65 3.23529
5480000 14 5.35714 15 73 112 1.00000 66 3.71429
5485000 17 4.47059 15 69 107 0.94118 60 3.05882
5490000 16 5.43750 18 66 114 1.00000 61 3.43750
5495000 14 6.14286 17 73 114 1.00000 61 3.85714
5500000 13 7.00000 17 65 114 1.00000 60 4.00000
5505000 14 6.21429 17 65 112 1.00000 59 3.78571
5510000 15 6.33333 20 57 120 1.00000 64 3.66667
5515000 14 7.07143 22 53 119 1.00000 69 3.92857
5520000 17 6.05882 19 45 114 0.94118 64 3.23529
5525000 17 5.41176 18 58 117 1.00000 66 3.47059
5530000 17 5.47059 20 50 110 0.94118 61 3.35294
5535000 15 6.06667 19 51 109 1.00000 58 3.53333
5540000 15 5.86667 18 53 110 1.00000 66 3.53333
5545000 14 6.28571 20 57 112 1.00000 61 3.57143
5550000 16 5.81250 19 60 113 1.00000 64 3.25000
5555000 16 5.56250 20 62 122 0.93750 66 3.25000
5560000 18 5.11111 20 53 116 1.00000 66 3.00000
5565000 18 5.05556 20 61 120 1.00000 66 2.94444
5570000 17 5.17647 20 67 113 0.94118 66 3.23529
5575000 18 5.11111 19 59 113 1.00000 67 3.33333
5580000 17 5.29412 18 67 114 1.00000 70 3.41176
5585000 15 5.73333 19 69 117 1.00000 68 3.60000
5590000 16 6.06250 19 65 123 1.00000 64 3.25000
5595000 16 5.43750 20 72 112 0.93750 62 3.37500
5600000 16 5.81250 19 69 121 0.93750 66 3.50000
5605000 17 5.64706 18 63 118 1.00000 70 3.29412
5610000 16 6.12500 19 60 128 1.00000 67 3.43750
5615000 18 5.66667 25 52 122 1.00000 68 3.38889
5620000 17 5.64706 23 53 118 0.94118 67 3.58824
5625000 14 6.64286 23 55 118 1.00000 68 4.21429
5630000 13 6.76923 24 59 112 1.00000 64 4.15385
5635000 14 6.57143 20 50 115 1.00000 65 3.85714
5640000 12 7.08333 18 50 105 1.00000 64 4.58333
5645000 12 6.75000 14 51 100 1.00000 71 4.66667
5650000 13 6.30769 15 51 108 1.00000 70 4.30769
5655000 17 5.23529 15 49 110 1.00000 69 3.70588
5660000 16 5.56250 15 47 109 0.87500 67 3.81250
5665000 15 5.46667 15 44 97 0.93333 67 4.20000
5670000 13 5.84615 15 52 97 1.00000 68 4.46154
5675000 14 5.50000 14 55 98 1.00000 66 4.14286
5680000 15 5.06667 12 53 91 1.00000 66 4.13333
5685000 14 5.14286 12 60 96 1.00000 61 4.00000
5690000 15 5.40000 15 54 99 0.93333 60 3.80000
5695000 13 5.92308 17 55 97 1.00000 61 4.07692
5700000 15 5.26667 17 50 100 0.93333 66 3.66667
5705000 12 6.16667 18 64 99 1.00000 61 4.33333
5710000 12 6.33333 16 62 102 1.00000 60 4.25000
5715000 15 5.60000 18 63 105 0.93333 62 3.66667
5720000 16 5.31250 20 59 107 0.93750 65 3.68750
5725000 14 5.85714 21 68 105 1.00000 63 4.00000
5730000 13 6.30769 19 66 104 1.00000 64 4.38462
5735000 12 6.08333 20 75 102 1.00000 64 4.66667
5740000 14 5.92857 21 69 114 1.00000 65 4.00000
5745000 15 5.26667 17 67 95 0.86667 64 3.53333
5750000 13 5.61538 16 68 101 1.00000 63 3.84615
5755000 13 5.61538 15 73 102 1.00000 61 4.07692
5760000 17 4.82353 16 71 103 0.88235 63 3.35294
5765000 19 4.73684 20 67 113 0.94737 64 3.05263
5770000 17 5.23529 24 70 113 1.00000 61 3.17647
5775000 17 4.94118 20 70 115 1.00000 64 3.23529
5780000 14 5.78571 19 67 110 1.00000 64 3.71429
5785000 14 5.85714 18 65 112 1.00000 67 3.78571
5790000 15 5.86667 20 66 115 1.00000 67 3.66667
5795000 17 5.64706 22 62 122 0.88235 66 3.11765
5800000 20 4.95000 20 59 123 1.00000 69 2.95000
5805000 21 5.09524 22 60 131 1.00000 73 3.00000
5810000 19 4.84211 21 70 119 0.94737 72 3.21053
5815000 19 5.15789 22 63 118 0.94737 68 3.21053
5820000 15 5.93333 19 64 110 1.00000 67 3.93333
5825000 15 6.06667 20 55 113 1.00000 64 3.80000
5830000 14 5.92857 18 63 104 1.00000 65 4.07143
5835000 12 6.33333 16 70 102 1.00000 66 4.50000
5840000 15 5.60000 17 58 99 0.93333 66 3.86667
5845000 12 6.83333 18 63 103 1.00000 68 4.91667
5850000 12 6.75000 18 62 106 1.00000 70 4.91667
5855000 14 6.14286 19 51 108 1.00000 68 4.28571
5860000 12 6.66667 18 60 98 1.00000 65 4.66667
5865000 13 6.76923 25 66 109 1.00000 67 4.69231
5870000 14 6.92857 27 64 115 0.85714 67 4.14286
5875000 16 5.93750 25 58 121 1.00000 66 3.68750
5880000 15 6.33333 25 63 122 1.00000 67 4.13333
5885000 14 6.78571 27 58 111 0.92857 65 4.21429
5890000 18 5.11111 27 66 112 0.94444 63 3.44444
5895000 17 5.35294 25 72 114 1.00000 67 3.58824
5900000 16 5.93750 26 67 120 1.00000 69 3.87500
5905000 15 6.40000 24 68 121 1.00000 68 4.13333
5910000 14 6.42857 25 75 117 1.00000 70 4.50000
5915000 12 7.08333 24 68 107 1.00000 65 4.83333
5920000 16 5.62500 20 65 117 1.00000 66 3.56250
5925000 15 5.53333 19 66 111 1.00000 67 3.80000
5930000 16 5.62500 20 67 116 1.00000 61 3.50000
5935000 13 6.23077 18 76 117 1.00000 65 4.00000
5940000 18 4.77778 16 65 113 1.00000 67 3.27778
5945000 16 5.56250 18 66 117 1.00000 66 3.50000
5950000 19 4.78947 16 60 114 1.00000 68 3.31579
5955000 19 4.84211 16 59 114 1.00000 70 3.36842
5960000 18 5.22222 19 54 109 1.00000 70 3.61111
5965000 16 5.87500 18 51 116 1.00000 70 3.87500
5970000 16 5.93750 18 53 112 1.00000 72 3.87500
5975000 14 6.21429 17 52 115 1.00000 71 4.42857
5980000 15 5.66667 16 47 105 1.00000 68 3.80000
5985000 16 5.18750 16 53 112 1.00000 65 3.56250
5990000 14 5.78571 16 50 98 1.00000 62 3.92857
5995000 13 6.30769 16 55 101 1.00000 60 4.15385
6000000 17 5.35294 15 49 105 0.94118 64 3.47059
6005000 13 6.30769 15 58 101 0.92308 63 4.23077
6010000 15 5.93333 17 58 107 0.93333 64 3.66667
6015000 14 5.78571 16 61 110 1.00000 62 4.07143
6020000 15 5.93333 19 56 106 0.93333 60 3.66667
6025000 14 6.42857 19 60 109 1.00000 62 4.00000
6030000 13 6.69231 16 61 106 1.00000 68 4.61538
6035000 13 6.61538 17 65 102 1.00000 64 4.38462
6040000 13 6.23077 16 69 103 0.92308 67 4.38462
6045000 13 6.30769 15 74 113 0.92308 71 4.46154
6050000 18 5.33333 16 69 121 0.88889 66 3.27778
6055000 17 5.52941 17 70 115 0.88235 67 3.35294
6060000 15 5.60000 16 74 117 1.00000 67 3.46667
6065000 15 5.13333 12 75 105 1.00000 64 3.46667
6070000 21 4.38095 13 66 116 0.95238 62 2.61905
6075000 18 4.72222 16 80 114 1.00000 61 2.94444
6080000 18 4.88889 15 69 113 0.88889 60 2.72222
6085000 16 5.06250 17 64 108 1.00000 60 3.18750
6090000 17 4.82353 19 68 110 0.94118 64 3.11765
6095000 16 5.37500 20 62 111 1.00000 62 3.43750
6100000 19 4.94737 19 63 120 0.94737 63 3.10526
6105000 17 5.23529 21 63 107 0.94118 63 3.29412
6110000 14 6.14286 22 60 106 1.00000 65 4.00000
6115000 13 6.61538 23 63 108 1.00000 66 4.00000
6120000 15 5.86667 22 60 109 1.00000 65 3.80000
6125000 15 5.53333 20 63 105 1.00000 65 3.73333
6130000 15 6.06667 22 52 114 1.00000 65 3.66667
6135000 19 5.26316 20 42 116 0.94737 64 3.00000
6140000 17 5.58824 21 47 115 1.00000 63 3.47059
6145000 17 5.17647 20 58 111 1.00000 64 3.47059
6150000 18 4.44444 21 57 106 0.88889 58 2.72222
6155000 15 5.33333 21 69 103 1.00000 63 3.13333
6160000 14 5.64286 22 68 104 1.00000 58 3.50000
6165000 16 5.12500 20 61 106 1.00000 58 3.25000
6170000 12 6.08333 17 63 100 1.00000 62 3.91667
6175000 17 4.88235 19 57 111 0.94118 67 3.05882
6180000 14 4.92857 16 68 106 1.00000 67 3.57143
6185000 17 4.64706 17 72 110 0.94118 64 2.94118
6190000 16 5.18750 17 72 115 1.00000 63 3.06250
6195000 19 4.63158 14 62 103 0.89474 63 2.94737
6200000 17 5.64706 21 62 122 0.94118 65 3.23529
6205000 17 5.88235 22 67 133 1.00000 72 3.41176
6210000 19 5.78947 20 63 132 0.94737 72 3.10526
6215000 14 7.35714 23 66 129 1.00000 65 3.85714
6220000 15 7.00000 24 57 123 1.00000 65 3.93333
6225000 16 6.87500 27 61 131 0.93750 65 3.62500
6230000 16 6.56250 24 62 124 0.93750 65 3.68750
6235000 17 6.29412 23 69 136 0.94118 65 3.47059
6240000 15 6.33333 20 69 121 1.00000 63 3.80000
6245000 18 5.50000 18 68 122 1.00000 69 3.50000
6250000 18 5.27778 19 63 117 1.00000 68 3.44444
6255000 18 5.72222 22 56 121 1.00000 67 3.50000
6260000 16 6.00000 22 57 113 0.93750 70 3.62500
6265000 16 5.56250 21 57 111 1.00000 64 3.62500
6270000 17 5.17647 18 51 106 0.94118 63 3.41176
6275000 18 4.94444 18 51 106 1.00000 66 3.44444
6280000 17 5.29412 19 58 114 1.00000 66 3.47059
6285000 18 4.88889 20 61 108 0.94444 66 3.33333
6290000 18 4.77778 20 58 107 0.94444 66 3.38889
6295000 16 5.43750 19 66 112 1.00000 65 3.62500
6300000 15 5.80000 20 61 112 1.00000 64 3.53333
6305000 15 5.73333 24 61 112 1.00000 62 3.60000
6310000 15 5.86667 24 68 119 1.00000 63 3.53333
6315000 16 5.68750 21 63 111 0.93750 61 3.31250
6320000 17 5.52941 21 62 118 0.94118 65 3.29412
6325000 17 4.94118 19 65 107 0.88235 68 3.29412
6330000 17 5.00000 19 68 111 1.00000 68 3.41176
6335000 16 5.68750 17 62 116 1.00000 67 3.68750
6340000 16 6.00000 20 59 116 1.00000 69 3.81250
6345000 14 6.57143 22 61 115 0.92857 69 4.07143
6350000 15 6.33333 19 56 114 1.00000 67 4.00000
6355000 16 5.68750 17 52 113 1.00000 69 3.62500
6360000 19 5.31579 17 48 115 0.94737 67 3.15789
6365000 19 5.00000 14 47 118 1.00000 66 3.26316
6370000 16 5.56250 14 53 110 1.00000 65 3.75000
6375000 14 5.85714 15 62 107 1.00000 63 3.92857
6380000 15 5.73333 15 60 114 1.00000 67 3.86667
6385000 19 4.78947 16 54 113 0.94737 67 3.05263
6390000 17 5.11765 13 57 112 1.00000 65 3.35294
6395000 18 4.55556 13 48 104 0.94444 64 3.16667
6400000 19 4.36842 14 57 99 1.00000 65 3.15789
6405000 18 4.88889 14 59 110 1.00000 69 3.33333
6410000 16 5.25000 16 59 108 1.00000 67 3.75000
6415000 16 5.37500 14 63 108 0.93750 68 3.62500
6420000 16 5.18750 14 55 105 1.00000 69 3.62500
6425000 19 4.89474 16 43 113 0.94737 68 3.15789
6430000 15 5.46667 15 52 105 1.00000 65 3.60000
6435000 15 5.60000 17 57 103 0.93333 66 3.66667
6440000 14 6.28571 16 61 107 1.00000 66 4.14286
6445000 14 6.14286 15 63 109 1.00000 68 4.07143
6450000 17 5.29412 16 57 118 0.94118 68 3.52941
6455000 19 5.42105 17 53 121 0.94737 68 3.21053
6460000 19 5.47368 19 48 122 0.94737 64 3.15789
6465000 17 5.52941 18 55 115 1.00000 65 3.52941
6470000 18 5.44444 17 47 109 0.94444 65 3.33333
6475000 16 6.00000 20 58 120 1.00000 66 3.75000
6480000 21 4.85714 20 57 124 0.90476 65 3.00000
6485000 21 4.85714 20 54 121 0.95238 68 3.14286
6490000 20 5.15000 20 64 130 1.00000 71 3.15000
6495000 15 6.00000 18 73 121 1.00000 70 4.00000
6500000 16 5.50000 17 63 113 1.00000 70 3.75000
6505000 14 5.57143 15 64 103 0.92857 69 4.28571
6510000 15 5.46667 15 61 110 1.00000 69 4.06667
6515000 18 4.77778 14 58 109 1.00000 65 3.38889
6520000 19 4.73684 14 56 106 0.94737 65 3.21053
6525000 16 5.06250 14 62 107 1.00000 67 3.75000
6530000 16 5.12500 16 65 103 0.93750 66 3.75000
6535000 16 5.31250 16 60 106 0.93750 61 3.37500
6540000 14 5.42857 12 64 99 1.00000 65 3.85714
6545000 16 5.18750 14 62 113 1.00000 66 3.56250
6550000 15 5.60000 15 62 114 1.00000 64 3.60000
6555000 17 5.05882 11 59 110 1.00000 64 3.17647
6560000 16 5.50000 13 63 117 1.00000 62 3.62500
6565000 13 5.92308 13 73 108 0.92308 66 3.92308
6570000 12 6.08333 13 81 108 1.00000 65 4.00000
6575000 13 6.38462 16 82 109 0.84615 65 3.92308
6580000 16 5.75000 16 66 118 1.00000 66 3.31250
6585000 13 6.53846 16 70 111 1.00000 65 4.07692
6590000 13 6.30769 16 76 110 1.00000 64 4.07692
6595000 17 5.23529 16 66 112 0.94118 66 3.23529
6600000 16 5.56250 16 70 112 0.81250 66 3.43750
6605000 13 6.69231 19 66 114 1.00000 63 4.15385
6610000 12 7.33333 18 72 115 1.00000 63 4.25000
6615000 13 6.76923 18 68 109 1.00000 62 3.92308
6620000 13 6.23077 18 71 113 1.00000 66 4.07692
6625000 13 6.30769 18 70 109 1.00000 64 4.00000
6630000 17 5.35294 19 57 109 0.94118 59 3.17647
6635000 15 5.86667 19 61 110 0.80000 62 3.46667
6640000 14 6.00000 17 59 108 0.92857 64 3.85714
6645000 13 6.61538 18 63 112 1.00000 65 4.07692
6650000 13 6.23077 18 73 108 1.00000 60 3.92308
6655000 17 5.35294 17 65 113 1.00000 65 3.29412
6660000 17 5.58824 21 65 124 1.00000 67 3.29412
6665000 16 5.56250 20 69 119 1.00000 69 3.50000
6670000 18 5.11111 21 58 109 0.88889 64 3.11111
6675000 15 5.80000 22 63 106 1.00000 66 3.73333
6680000 16 5.75000 22 60 113 0.93750 62 3.50000
6685000 16 5.81250 24 61 111 0.81250 61 3.25000
6690000 15 5.60000 21 65 107 1.00000 63 3.60000
6695000 17 5.58824 21 67 122 1.00000 66 3.23529
6700000 17 6.00000 24 56 124 1.00000 65 3.41176
6705000 16 6.00000 22 53 117 0.93750 63 3.43750
6710000 14 6.57143 24 52 116 1.00000 57 3.71429
6715000 13 7.07692 25 53 113 0.92308 63 3.84615
6720000 13 7.15385 23 57 109 1.00000 61 4.07692
6725000 13 7.30769 25 51 114 1.00000 55 3.92308
6730000 15 6.46667 25 44 117 0.93333 58 3.46667
6735000 17 5.29412 23 48 108 1.00000 62 3.35294
6740000 18 5.22222 22 49 110 0.94444 62 3.00000
6745000 15 5.93333 19 50 114 1.00000 63 3.53333
6750000 14 5.85714 20 51 102 0.92857 60 3.57143
6755000 13 5.61538 21 60 97 0.84615 61 3.69231
6760000 13 6.07692 22 60 103 1.00000 60 3.84615
6765000 12 6.41667 21 66 107 0.91667 64 4.25000
6770000 12 6.58333 21 69 110 1.00000 60 4.00000
6775000 15 5.80000 23 67 112 1.00000 58 3.53333
6780000 13 5.92308 21 73 110 0.92308 64 4.00000
6785000 16 5.37500 21 67 109 0.93750 62 3.31250
6790000 16 5.37500 19 61 103 1.00000 60 3.25000
6795000 15 5.80000 21 60 118 1.00000 64 3.40000
6800000 13 6.53846 20 55 107 1.00000 63 4.00000
6805000 15 6.33333 23 49 113 0.93333 64 3.66667
6810000 14 6.35714 21 61 111 1.00000 63 3.85714
6815000 17 5.94118 22 55 116 1.00000 65 3.29412
6820000 13 7.30769 22 58 118 1.00000 61 4.15385
6825000 13 7.46154 22 62 120 1.00000 64 4.15385
6830000 13 7.00000 20 66 115 0.92308 62 4.07692
6835000 11 7.54545 17 68 108 1.00000 56 4.63636
6840000 12 7.00000 18 61 111 1.00000 58 4.33333
6845000 12 6.66667 19 60 105 1.00000 62 4.33333
6850000 14 5.50000 18 63 103 1.00000 65 4.00000
6855000 16 4.56250 15 67 102 0.93750 64 3.37500
6860000 13 5.00000 14 78 98 1.00000 66 4.00000
6865000 17 4.52941 16 62 97 1.00000 63 3.23529
6870000 17 4.52941 15 66 106 1.00000 69 3.35294
6875000 18 4.77778 13 63 111 0.94444 68 3.11111
6880000 19 4.47368 10 62 116 1.00000 66 3.00000
6885000 19 4.36842 13 62 108 1.00000 66 2.94737
6890000 16 5.18750 17 63 108 1.00000 65 3.56250
6895000 14 5.92857 18 55 113 1.00000 63 3.64286
6900000 14 5.92857 19 55 108 1.00000 63 3.64286
6905000 12 6.33333 16 61 105 1.00000 66 4.25000
6910000 14 5.71429 17 65 108 1.00000 60 3.78571
6915000 18 4.88889 20 63 116 0.94444 62 3.00000
6920000 15 5.46667 20 67 108 1.00000 63 3.46667
6925000 18 5.00000 21 57 116 0.94444 67 3.11111
6930000 18 5.05556 24 53 111 1.00000 66 2.94444
6935000 14 5.85714 25 58 105 1.00000 63 3.71429
6940000 16 5.25000 23 57 104 1.00000 60 3.25000
6945000 16 5.31250 21 59 107 1.00000 66 3.50000
6950000 17 5.23529 21 60 109 0.94118 63 3.29412
6955000 14 6.07143 19 68 109 1.00000 60 3.85714
6960000 14 5.57143 17 66 103 1.00000 57 3.71429
6965000 15 5.80000 19 63 107 1.00000 63 3.73333
6970000 14 6.00000 21 70 111 1.00000 64 3.78571
6975000 17 5.11765 21 56 108 1.00000 67 3.35294
6980000 15 5.73333 20 64 112 1.00000 66 3.80000
6985000 15 6.06667 21 63 121 0.93333 62 3.60000
6990000 16 5.62500 21 66 121 1.00000 68 3.50000
6995000 15 5.33333 14 68 105 0.93333 63 3.53333
7000000 16 5.18750 12 66 109 0.93750 65 3.50000
7005000 16 5.43750 14 63 110 1.00000 63 3.50000
7010000 16 4.56250 13 77 108 1.00000 62 3.62500
7015000 19 4.21053 13 67 105 0.89474 62 3.00000
7020000 17 4.76471 12 71 105 1.00000 65 3.23529
7025000 19 4.73684 14 66 111 0.94737 62 2.89474
7030000 21 4.57143 16 61 115 0.95238 66 2.80952
7035000 18 4.88889 16 71 113 0.94444 66 3.27778
7040000 18 5.27778 19 70 122 1.00000 67 3.22222
7045000 19 4.89474 17 73 117 1.00000 69 3.10526
7050000 18 5.16667 17 79 126 1.00000 68 3.16667
7055000 17 5.35294 16 78 126 1.00000 71 3.41176
7060000 21 4.66667 15 73 128 0.90476 69 2.80952
7065000 21 4.95238 19 65 132 1.00000 65 2.76190
7070000 21 4.61905 17 62 126 1.00000 68 2.66667
7075000 17 5.52941 19 65 122 1.00000 68 3.52941
7080000 16 5.37500 16 65 111 1.00000 64 3.50000
7085000 20 4.80000 16 60 117 0.95000 61 2.85000
7090000 24 4.66667 18 51 128 0.95833 66 2.50000
7095000 23 4.60870 16 51 122 1.00000 66 2.60870
7100000 19 4.84211 14 54 116 1.00000 64 3.10526
7105000 17 5.05882 15 63 110 1.00000 62 3.47059
7110000 17 4.76471 15 69 103 1.00000 62 3.41176
7115000 17 5.05882 16 62 107 0.94118 63 3.35294
7120000 16 5.43750 17 61 113 1.00000 62 3.43750
7125000 14 5.64286 17 63 104 1.00000 64 3.92857
7130000 15 5.60000 21 53 107 1.00000 63 3.66667
7135000 15 5.80000 22 49 100 1.00000 66 3.80000
7140000 14 5.78571 20 51 107 1.00000 62 3.71429
7145000 17 5.11765 21 57 108 0.94118 66 3.47059
7150000 15 5.73333 22 55 109 1.00000 65 3.86667
7155000 16 5.43750 24 56 111 0.93750 68 3.62500
7160000 15 5.60000 24 62 114 1.00000 65 3.93333
7165000 17 4.88235 23 62 103 1.00000 67 3.52941
7170000 19 4.73684 20 54 105 0.94737 69 3.26316
7175000 20 4.85000 20 48 113 0.95000 68 2.95000
7180000 19 4.73684 17 51 109 1.00000 67 3.05263
7185000 15 5.33333 15 55 101 1.00000 63 3.66667
7190000 16 4.68750 15 57 105 1.00000 66 3.56250
7195000 13 5.76923 17 61 104 1.00000 61 3.92308
7200000 16 5.18750 18 60 104 0.93750 60 3.43750
7205000 15 5.13333 17 70 111 1.00000 62 3.60000
7210000 16 5.06250 16 73 110 1.00000 65 3.56250
7215000 17 5.23529 20 72 120 1.00000 66 3.47059
7220000 16 5.56250 17 71 118 1.00000 67 3.43750
7225000 16 5.43750 26 59 110 0.93750 69 3.68750
7230000 11 6.90909 28 75 115 1.00000 69 4.72727
7235000 13 5.61538 24 75 104 1.00000 65 4.07692
7240000 13 5.69231 23 75 110 1.00000 66 4.00000
7245000 18 4.88889 26 61 106 1.00000 67 3.22222
7250000 15 5.80000 24 61 105 1.00000 65 4.00000
7255000 14 5.85714 22 69 110 1.00000 67 4.07143
7260000 17 5.29412 23 69 118 1.00000 69 3.41176
7265000 19 4.89474 21 64 122 1.00000 68 3.15789
7270000 18 5.33333 21 59 119 1.00000 68 3.44444
7275000 19 5.00000 20 62 113 1.00000 66 3.10526
7280000 14 5.85714 18 69 108 1.00000 68 3.92857
7285000 17 5.58824 19 58 119 0.88235 67 3.35294
7290000 13 6.61538 19 71 111 1.00000 66 4.23077
7295000 17 5.52941 17 61 117 0.94118 69 3.52941
7300000 16 5.93750 18 66 119 1.00000 68 3.81250
7305000 14 5.71429 18 72 113 1.00000 68 3.78571
7310000 12 7.00000 21 68 121 1.00000 70 4.41667
7315000 13 6.76923 22 66 119 1.00000 73 4.30769
7320000 15 5.73333 22 64 114 0.93333 65 3.73333
7325000 13 6.23077 20 66 118 1.00000 68 4.00000
7330000 15 5.93333 22 63 121 1.00000 63 3.53333
7335000 15 5.93333 22 60 115 1.00000 65 3.53333
7340000 14 6.50000 24 60 117 1.00000 62 3.71429
7345000 18 6.00000 23 51 131 1.00000 63 2.94444
7350000 17 6.23529 24 54 127 0.94118 64 3.23529
7355000 16 6.43750 25 62 129 1.00000 65 3.50000
7360000 19 5.57895 24 48 128 1.00000 70 3.21053
7365000 17 5.70588 22 54 126 1.00000 70 3.58824
7370000 15 6.20000 21 63 119 1.00000 68 3.73333
7375000 17 5.76471 25 59 119 0.94118 68 3.58824
7380000 17 5.94118 26 56 121 0.94118 67 3.41176
7385000 14 6.64286 26 54 118 1.00000 65 4.07143
7390000 17 5.52941 25 54 116 1.00000 67 3.41176
7395000 20 5.25000 23 51 118 0.90000 69 3.00000
7400000 19 4.84211 21 53 118 1.00000 68 3.05263
7405000 18 5.11111 22 51 107 0.88889 68 3.11111
7410000 16 5.50000 18 55 109 1.00000 62 3.18750
7415000 15 5.73333 17 51 105 1.00000 61 3.60000
7420000 15 5.73333 16 41 102 0.93333 62 3.60000
7425000 14 5.71429 14 45 104 1.00000 64 3.92857
7430000 14 5.85714 15 45 96 1.00000 61 4.00000
7435000 14 5.85714 16 57 108 1.00000 60 3.78571
7440000 15 5.26667 17 63 104 1.00000 62 3.40000
7445000 18 5.00000 18 59 110 0.94444 63 3.16667
7450000 16 5.81250 18 63 116 0.93750 63 3.31250
7455000 17 5.76471 23 60 114 1.00000 62 3.35294
7460000 13 7.15385 22 65 120 1.00000 62 4.23077
7465000 14 6.85714 27 64 118 1.00000 62 3.92857
7470000 15 6.66667 29 68 127 1.00000 64 3.60000
7475000 14 6.78571 29 72 131 0.92857 68 3.85714
7480000 15 7.20000 29 58 134 1.00000 67 3.66667
7485000 16 6.81250 31 52 132 1.00000 68 3.75000
7490000 15 7.00000 31 53 124 1.00000 66 4.00000
7495000 17 6.00000 27 49 119 1.00000 66 3.41176
7500000 16 6.06250 26 54 113 1.00000 66 3.62500
7505000 12 6.91667 25 63 107 1.00000 65 4.33333
7510000 12 7.50000 29 59 114 1.00000 68 4.75000
7515000 16 5.87500 27 57 120 1.00000 64 3.56250
7520000 16 5.56250 25 57 108 0.93750 66 3.62500
7525000 16 5.68750 25 63 123 1.00000 68 3.68750
7530000 18 5.22222 24 57 122 0.94444 66 3.38889
7535000 18 5.27778 22 54 113 1.00000 65 3.38889
7540000 18 5.44444 20 48 111 1.00000 65 3.33333
7545000 18 5.33333 16 55 112 0.94444 64 3.27778
7550000 17 5.70588 18 51 113 0.94118 62 3.35294
7555000 16 5.68750 17 59 110 1.00000 66 3.68750
7560000 15 5.93333 17 59 111 1.00000 67 3.86667
7565000 14 6.50000 19 59 113 1.00000 67 4.00000
7570000 18 5.05556 17 54 110 1.00000 69 3.33333
7575000 16 5.43750 17 61 110 1.00000 67 3.68750
7580000 17 5.35294 13 65 109 0.88235 64 3.35294
7585000 15 6.13333 14 63 112 0.93333 61 3.66667
7590000 16 5.81250 14 59 114 1.00000 66 3.62500
7595000 16 5.75000 14 64 118 0.93750 69 3.50000
7600000 16 5.75000 13 71 117 1.00000 61 3.31250
7605000 18 5.05556 14 72 116 1.00000 62 2.88889
7610000 14 5.78571 13 78 113 1.00000 65 3.64286
7615000 15 5.33333 12 80 114 0.93333 66 3.33333
7620000 19 4.57895 11 71 115 0.89474 67 3.05263
7625000 19 4.47368 13 67 112 1.00000 70 3.00000
7630000 18 4.55556 14 65 108 0.94444 62 2.94444
7635000 15 4.93333 14 60 96 1.00000 65 3.40000
7640000 18 4.27778 14 57 103 1.00000 68 3.05556
7645000 18 4.33333 14 57 102 1.00000 69 3.11111
7650000 19 4.52632 18 55 107 1.00000 70 3.26316
7655000 21 4.19048 16 56 108 0.95238 68 2.95238
7660000 20 4.05000 14 59 97 0.95000 66 2.95000
7665000 19 4.15789 12 59 100 0.94737 60 2.84211
7670000 17 4.64706 13 61 107 1.00000 61 3.05882
7675000 14 5.64286 20 59 101 1.00000 65 3.57143
7680000 16 5.31250 22 60 107 1.00000 62 3.25000
7685000 16 5.06250 24 71 105 1.00000 66 3.31250
7690000 18 4.66667 21 58 108 0.94444 62 3.05556
7695000 19 4.31579 18 61 108 0.94737 62 2.94737
7700000 15 5.33333 22 56 103 1.00000 61 3.40000
7705000 16 5.25000 20 47 101 0.93750 63 3.31250
7710000 15 5.26667 16 58 102 1.00000 63 3.60000
7715000 15 5.46667 13 48 104 1.00000 62 3.46667
7720000 13 5.69231 13 66 93 1.00000 62 3.92308
7725000 14 5.64286 15 70 104 1.00000 65 4.00000
7730000 16 5.12500 15 61 101 1.00000 66 3.75000
7735000 18 5.33333 14 52 113 0.94444 63 3.27778
7740000 15 5.86667 14 56 101 0.86667 56 3.53333
7745000 12 6.50000 17 62 103 1.00000 60 4.41667
7750000 14 6.00000 15 59 112 1.00000 65 4.00000
7755000 14 5.92857 19 58 115 0.92857 61 3.78571
7760000 14 6.07143 18 63 110 1.00000 63 3.85714
7765000 16 5.37500 20 66 113 1.00000 65 3.37500
7770000 18 4.50000 18 64 105 0.94444 59 2.83333
7775000 17 4.64706 18 65 106 1.00000 62 3.11765
7780000 16 4.62500 18 65 102 0.93750 61 3.06250
7785000 12 5.75000 21 68 102 1.00000 67 4.33333
7790000 16 4.68750 17 59 100 0.93750 64 3.18750
7795000 15 4.66667 17 57 96 1.00000 62 3.40000
7800000 18 4.33333 16 53 99 1.00000 62 3.05556
7805000 15 4.73333 17 65 93 0.93333 64 3.46667
7810000 13 5.23077 19 67 87 1.00000 58 3.84615
7815000 15 5.00000 20 60 97 0.93333 57 3.20000
7820000 16 4.81250 23 55 105 0.87500 58 3.12500
7825000 15 5.06667 25 58 94 0.86667 58 3.46667
7830000 15 5.00000 23 55 102 1.00000 56 3.20000
7835000 14 5.28571 20 60 100 1.00000 61 3.71429
7840000 15 4.80000 18 64 101 1.00000 61 3.53333
7845000 15 4.86667 21 63 102 1.00000 64 3.73333
7850000 16 4.93750 22 60 103 0.93750 63 3.43750
7855000 16 5.37500 24 61 109 0.93750 63 3.43750
7860000 17 4.82353 22 64 110 1.00000 62 3.11765
7865000 18 4.55556 22 65 101 0.88889 64 3.16667
7870000 18 4.72222 23 69 112 1.00000 64 3.27778
7875000 20 4.30000 21 59 110 0.90000 68 2.95000
7880000 15 5.33333 17 63 112 1.00000 71 3.86667
7885000 19 4.84211 21 60 116 1.00000 71 3.31579
7890000 18 5.22222 24 59 118 1.00000 67 3.33333
7895000 15 5.06667 17 73 99 1.00000 64 3.86667
7900000 15 5.53333 17 65 112 1.00000 72 4.00000
7905000 13 5.92308 16 70 107 1.00000 70 4.46154
7910000 15 5.46667 15 69 114 0.93333 70 3.80000
7915000 16 5.31250 15 65 112 0.93750 66 3.87500
7920000 18 5.05556 14 59 112 1.00000 65 3.44444
7925000 16 5.31250 19 63 103 0.93750 67 3.75000
7930000 17 4.76471 19 64 105 1.00000 68 3.41176
7935000 14 5.57143 19 63 104 0.92857 65 3.92857
7940000 12 5.91667 19 61 88 0.91667 64 4.50000
7945000 13 5.69231 21 64 95 0.92308 59 4.00000
7950000 12 6.33333 20 67 104 1.00000 62 4.16667
7955000 12 6.50000 21 66 108 1.00000 63 4.33333
7960000 11 7.00000 22 63 104 1.00000 62 4.72727
7965000 15 5.53333 20 63 109 1.00000 62 3.60000
7970000 14 5.57143 18 66 104 1.00000 61 3.92857
7975000 13 5.61538 18 72 103 1.00000 60 3.92308
7980000 15 5.53333 19 66 104 0.93333 58 3.33333
7985000 14 5.92857 21 57 102 0.92857 58 3.50000
7990000 18 5.05556 22 55 108 0.88889 60 3.00000
7995000 19 4.94737 23 52 117 1.00000 66 3.10526
8000000 16 5.56250 26 61 116 0.93750 69 3.56250
8005000 19 5.05263 28 59 119 0.89474 71 3.05263
8010000 16 5.62500 28 59 115 1.00000 62 3.50000
8015000 13 6.23077 25 72 110 0.92308 65 4.00000
8020000 12 7.00000 26 75 115 1.00000 65 4.25000
8025000 14 6.42857 27 64 121 0.92857 65 3.57143
8030000 16 5.75000 27 56 121 1.00000 62 3.25000
8035000 13 6.84615 26 65 116 1.00000 59 3.84615
8040000 13 7.07692 23 58 115 1.00000 61 4.00000
8045000 14 6.78571 24 62 121 1.00000 59 3.64286
8050000 16 6.06250 21 53 118 1.00000 62 3.43750
8055000 15 6.20000 20 59 120 1.00000 66 3.53333
8060000 18 5.61111 20 68 126 1.00000 70 3.05556
8065000 14 6.35714 22 75 119 1.00000 67 3.78571
8070000 15 5.86667 23 71 113 1.00000 62 3.53333
8075000 16 5.50000 22 66 111 0.93750 62 3.43750
8080000 21 4.61905 21 57 112 1.00000 64 2.71429
8085000 17 4.82353 21 70 112 1.00000 63 3.05882
8090000 17 4.94118 19 67 115 1.00000 65 3.17647
8095000 17 5.11765 20 62 116 1.00000 63 3.17647
8100000 19 4.84211 19 54 110 0.94737 65 3.00000
8105000 15 5.46667 16 57 106 0.93333 68 3.46667
8110000 13 6.53846 18 58 113 1.00000 67 4.23077
8115000 15 6.40000 18 55 117 1.00000 68 3.93333
8120000 16 5.75000 17 55 117 0.93750 68 3.56250
8125000 16 5.62500 16 53 109 0.93750 65 3.56250
8130000 16 5.56250 15 54 102 1.00000 60 3.62500
8135000 14 6.14286 16 60 109 1.00000 63 4.21429
8140000 13 6.69231 17 61 105 1.00000 65 4.61538
8145000 14 6.00000 17 65 106 1.00000 63 4.14286
8150000 14 6.50000 16 62 112 1.00000 65 4.21429
8155000 13 6.84615 18 69 116 1.00000 66 4.38462
8160000 11 7.45455 17 75 113 1.00000 67 5.00000
8165000 13 7.07692 21 64 119 0.92308 63 4.38462
8170000 14 6.28571 21 64 115 0.92857 66 4.07143
8175000 15 5.86667 18 55 111 1.00000 65 3.86667
8180000 14 6.57143 22 57 112 1.00000 66 4.21429
8185000 15 6.13333 21 64 116 1.00000 69 3.93333
8190000 11 7.45455 26 63 102 0.90909 61 4.72727
8195000 12 7.00000 26 62 113 0.91667 62 4.33333
8200000 11 7.36364 27 68 109 1.00000 62 4.63636
8205000 11 7.45455 25 64 110 1.00000 60 4.54545
8210000 11 7.45455 26 68 108 1.00000 61 4.36364
8215000 11 7.63636 28 56 112 1.00000 62 4.72727
8220000 12 7.25000 27 55 110 0.91667 62 4.25000
8225000 13 7.23077 31 50 115 1.00000 61 4.30769
8230000 11 8.00000 30 54 112 1.00000 67 5.27273
8235000 11 7.72727 27 54 112 1.00000 67 5.27273
8240000 13 7.07692 27 55 116 1.00000 68 4.76923
8245000 13 6.69231 23 52 106 1.00000 68 4.61538
8250000 15 5.93333 24 55 110 0.86667 67 4.00000
8255000 15 6.33333 28 63 116 1.00000 71 4.13333
8260000 18 5.61111 30 53 115 0.88889 67 3.27778
8265000 18 5.33333 27 49 109 0.94444 64 3.38889
8270000 13 6.30769 26 64 112 1.00000 66 4.30769
8275000 13 6.00000 28 72 104 1.00000 67 4.15385
8280000 16 5.62500 26 60 114 1.00000 64 3.56250
8285000 13 6.61538 28 62 112 1.00000 67 4.38462
8290000 12 7.33333 27 55 111 1.00000 65 4.66667
8295000 16 6.00000 23 51 113 0.93750 67 3.75000
8300000 17 5.35294 21 43 102 0.88235 64 3.47059
8305000 16 5.37500 20 51 104 1.00000 68 3.75000
8310000 15 5.66667 20 56 114 1.00000 69 3.93333
8315000 17 5.64706 22 65 112 0.94118 67 3.70588
8320000 17 5.35294 21 62 114 1.00000 70 3.76471
8325000 16 5.31250 17 57 101 1.00000 68 4.12500
8330000 13 5.76923 19 67 98 0.84615 67 4.38462
8335000 14 5.85714 18 66 107 1.00000 65 4.14286
8340000 16 6.00000 21 63 118 0.93750 67 3.75000
8345000 15 6.60000 22 55 121 1.00000 66 3.93333
8350000 18 5.83333 21 55 126 1.00000 69 3.50000
8355000 16 6.37500 18 52 122 1.00000 68 3.81250
8360000 14 6.21429 17 62 112 1.00000 66 4.07143
8365000 16 5.56250 19 59 111 1.00000 64 3.75000
8370000 15 6.20000 20 60 114 1.00000 63 3.73333
8375000 13 6.07692 20 65 105 1.00000 63 4.15385
8380000 14 6.35714 24 65 114 1.00000 64 4.07143
8385000 16 5.68750 25 63 114 1.00000 68 3.50000
8390000 14 6.07143 24 65 115 0.92857 70 3.78571
8395000 13 6.53846 24 68 121 0.92308 70 4.00000
8400000 14 6.28571 23 68 117 0.85714 67 3.71429
8405000 13 6.38462 20 70 115 1.00000 65 4.15385
8410000 16 5.37500 18 63 109 0.93750 64 3.62500
8415000 13 6.46154 19 68 118 1.00000 69 4.30769
8420000 16 5.75000 17 60 118 1.00000 66 3.62500
8425000 16 5.81250 21 62 120 1.00000 66 3.62500
8430000 17 5.41176 20 58 113 0.94118 70 3.41176
8435000 15 5.33333 19 62 109 1.00000 65 3.73333
8440000 16 5.25000 19 57 104 0.93750 66 3.50000
8445000 14 5.57143 20 65 109 1.00000 65 4.00000
8450000 13 6.23077 19 59 105 1.00000 67 4.23077
8455000 12 6.58333 17 63 102 1.00000 66 4.50000
8460000 13 6.53846 19 61 111 0.92308 64 4.23077
8465000 15 5.93333 19 61 110 1.00000 62 3.60000
8470000 15 5.93333 20 54 113 1.00000 66 3.73333
8475000 15 5.80000 21 57 111 1.00000 65 3.93333
8480000 18 5.00000 19 55 110 1.00000 69 3.38889
8485000 17 5.17647 18 62 117 1.00000 69 3.58824
8490000 15 5.53333 17 57 111 1.00000 67 3.93333
8495000 15 5.73333 18 57 103 0.86667 62 3.73333
8500000 16 5.50000 20 56 113 1.00000 65 3.56250
8505000 14 5.92857 19 58 106 1.00000 62 3.85714
8510000 13 6.38462 22 69 105 1.00000 58 4.00000
8515000 15 5.93333 21 57 106 0.93333 57 3.40000
8520000 13 6.92308 23 56 105 0.92308 57 3.92308
8525000 17 5.29412 19 57 108 0.88235 58 3.11765
8530000 18 5.05556 17 60 114 1.00000 64 3.16667
8535000 16 5.12500 15 57 104 0.87500 64 3.37500
8540000 15 5.06667 14 66 107 1.00000 60 3.53333
8545000 15 5.60000 15 73 111 1.00000 60 3.66667
8550000 14 5.57143 13 67 100 1.00000 58 3.78571
8555000 16 4.56250 12 77 105 1.00000 61 3.25000
8560000 18 4.16667 11 69 103 1.00000 63 2.94444
8565000 17 4.29412 14 67 102 0.94118 67 3.29412
8570000 17 4.29412 13 75 104 0.94118 69 3.17647
8575000 19 4.15789 12 59 104 1.00000 63 2.84211
8580000 16 4.81250 11 56 100 1.00000 65 3.37500
8585000 17 4.70588 10 60 101 1.00000 65 3.23529
8590000 17 4.76471 16 57 103 0.94118 60 3.11765
8595000 16 5.18750 17 53 105 1.00000 66 3.43750
8600000 20 4.45000 16 50 109 1.00000 66 2.90000
8605000 19 4.84211 17 54 113 1.00000 67 3.21053
8610000 20 4.65000 16 59 112 0.95000 65 3.00000
8615000 17 5.17647 15 61 113 1.00000 64 3.41176
8620000 16 5.68750 17 54 114 1.00000 67 3.75000
8625000 17 5.29412 18 56 113 0.88235 67 3.35294
8630000 19 5.00000 17 57 118 1.00000 67 3.15789
8635000 20 4.90000 18 48 115 1.00000 66 3.15000
8640000 19 5.21053 21 52 120 0.94737 69 3.26316
8645000 19 5.36842 21 58 123 1.00000 67 3.26316
8650000 19 5.31579 19 54 120 0.94737 69 3.31579
8655000 17 5.29412 17 59 116 1.00000 70 3.70588
8660000 17 4.94118 14 71 108 0.94118 65 3.52941
8665000 19 4.63158 14 60 114 1.00000 65 3.21053
8670000 17 5.05882 18 65 110 0.94118 66 3.41176
8675000 17 5.35294 19 62 115 1.00000 70 3.64706
8680000 19 4.89474 20 60 114 0.94737 71 3.31579
8685000 20 4.90000 20 60 123 0.95000 72 3.15000
8690000 19 5.31579 21 57 125 1.00000 70 3.36842
8695000 16 5.75000 22 59 115 1.00000 68 3.81250
8700000 16 5.31250 17 56 105 1.00000 70 3.75000
8705000 16 5.25000 17 55 111 1.00000 70 3.62500
8710000 17 4.88235 16 56 102 1.00000 64 3.41176
8715000 18 4.94444 21 50 116 1.00000 65 3.22222
8720000 16 5.43750 23 51 106 0.93750 65 3.62500
8725000 15 5.46667 19 59 108 1.00000 62 3.73333
8730000 16 5.25000 20 62 107 1.00000 62 3.56250
8735000 15 4.93333 16 63 98 1.00000 62 3.66667
8740000 15 5.40000 16 58 109 0.93333 61 3.53333
8745000 14 5.78571 19 70 106 0.92857 66 4.28571
8750000 15 5.73333 20 66 103 0.93333 63 3.80000
8755000 13 6.15385 18 63 104 0.92308 60 4.15385
8760000 13 6.00000 17 64 102 1.00000 67 4.38462
8765000 15 5.33333 17 57 106 1.00000 70 3.86667
8770000 15 5.53333 21 60 98 1.00000 64 3.93333
8775000 12 6.25000 18 66 101 1.00000 62 4.58333
8780000 11 7.00000 18 70 107 1.00000 66 4.72727
8785000 15 5.86667 18 64 107 0.93333 62 3.80000
8790000 16 5.87500 19 63 117 1.00000 67 3.43750
8795000 16 5.93750 19 64 121 1.00000 68 3.50000
8800000 16 5.62500 18 64 115 0.87500 65 3.43750
8805000 15 6.06667 20 66 123 1.00000 66 3.66667
8810000 15 6.20000 18 62 116 1.00000 66 3.86667
8815000 16 6.00000 20 60 115 0.93750 65 3.56250
8820000 15 5.93333 17 65 113 1.00000 64 3.66667
8825000 15 6.20000 21 60 120 1.00000 66 3.80000
8830000 17 5.82353 22 58 128 0.94118 71 3.64706
8835000 15 6.20000 23 57 120 1.00000 68 4.06667
8840000 12 7.83333 24 57 119 1.00000 64 4.50000
8845000 14 7.42857 28 59 128 1.00000 66 4.21429
8850000 13 7.84615 26 54 127 1.00000 68 4.69231
8855000 13 8.15385 30 55 124 1.00000 70 4.76923
8860000 16 6.56250 24 57 128 0.93750 71 3.93750
8865000 13 7.84615 29 66 125 1.00000 69 4.84615
8870000 14 7.14286 29 70 121 1.00000 66 4.42857
8875000 13 7.07692 26 67 128 1.00000 68 4.38462
8880000 11 7.27273 23 70 108 1.00000 65 4.90909
8885000 14 6.42857 25 60 114 1.00000 66 4.14286
8890000 11 7.45455 24 68 106 1.00000 65 5.27273
8895000 11 8.27273 29 66 117 1.00000 68 5.36364
8900000 13 7.92308 31 67 130 0.92308 70 4.69231
8905000 13 8.30769 32 61 126 0.84615 66 4.61538
8910000 13 8.23077 27 56 129 1.00000 67 4.69231
8915000 15 6.80000 27 54 120 0.93333 67 4.20000
8920000 11 9.18182 31 62 123 1.00000 67 5.54545
8925000 15 7.00000 27 46 120 0.93333 65 4.00000
8930000 13 7.92308 27 49 119 0.92308 69 4.69231
8935000 13 7.61538 26 50 119 1.00000 64 4.61538
8940000 12 8.00000 25 52 115 1.00000 68 5.00000
8945000 12 7.91667 25 58 113 1.00000 63 4.83333
8950000 12 8.16667 27 69 129 1.00000 65 4.83333
8955000 15 6.40000 26 60 119 1.00000 66 3.93333
8960000 16 6.06250 25 62 125 1.00000 68 3.81250
8965000 15 6.33333 23 62 115 0.93333 68 3.86667
8970000 13 6.46154 18 64 112 1.00000 70 4.30769
8975000 12 7.16667 19 69 109 1.00000 71 4.66667
8980000 14 6.50000 17 65 111 0.92857 66 4.21429
8985000 15 6.46667 17 57 117 1.00000 68 4.00000
8990000 14 6.92857 17 67 126 1.00000 72 4.28571
8995000 14 6.85714 17 60 129 1.00000 67 4.14286
9000000 17 5.52941 15 53 113 1.00000 68 3.58824
9005000 15 5.93333 16 57 116 1.00000 65 3.73333
9010000 16 5.75000 22 57 114 0.93750 67 3.56250
9015000 13 7.15385 26 61 110 0.92308 64 4.46154
9020000 17 5.88235 25 51 124 1.00000 70 3.70588
9025000 18 5.77778 25 46 118 0.83333 69 3.44444
9030000 18 5.72222 24 46 116 0.94444 70 3.61111
9035000 16 6.06250 22 60 113 1.00000 71 4.00000
9040000 13 6.61538 21 72 115 1.00000 72 4.38462
9045000 16 5.81250 20 67 121 1.00000 74 3.93750
9050000 17 5.58824 21 62 120 1.00000 72 3.76471
9055000 12 6.58333 21 58 107 1.00000 70 4.75000
9060000 18 5.00000 23 47 110 1.00000 70 3.55556
9065000 16 5.68750 23 49 106 1.00000 67 3.81250
9070000 12 6.58333 17 59 109 1.00000 66 4.83333
9075000 13 6.76923 20 58 108 1.00000 64 4.69231
9080000 14 6.57143 22 49 107 0.92857 66 4.07143
9085000 13 6.69231 21 57 109 1.00000 65 4.46154
9090000 13 6.69231 25 56 106 1.00000 67 4.46154
9095000 14 6.50000 25 47 110 1.00000 69 4.14286
9100000 12 7.00000 22 52 103 0.91667 66 4.41667
9105000 18 4.77778 16 37 100 0.94444 63 3.05556
9110000 17 4.58824 15 48 97 1.00000 65 3.29412
9115000 14 5.14286 16 57 97 0.92857 62 3.85714
9120000 12 6.08333 17 69 99 1.00000 62 4.08333
9125000 13 6.00000 17 61 106 0.92308 60 3.76923
9130000 14 5.57143 15 62 108 1.00000 61 3.57143
9135000 15 5.53333 16 54 106 1.00000 60 3.46667
9140000 14 6.00000 16 49 108 1.00000 63 3.71429
9145000 14 5.85714 14 46 105 1.00000 60 3.78571
9150000 15 5.80000 15 38 101 1.00000 61 3.73333
9155000 14 5.64286 13 44 97 1.00000 59 3.71429
9160000 16 5.12500 11 52 102 1.00000 59 3.31250
9165000 17 5.17647 12 54 106 1.00000 61 3.17647
9170000 17 5.11765 11 58 107 0.94118 61 3.17647
9175000 16 5.25000 14 63 111 1.00000 61 3.50000
9180000 16 5.68750 16 60 114 1.00000 64 3.56250
9185000 17 5.05882 13 64 110 1.00000 61 3.23529
9190000 19 5.00000 14 63 113 0.94737 68 3.00000
9195000 18 5.22222 12 61 113 1.00000 66 3.22222
9200000 21 4.66667 12 57 111 0.95238 69 2.95238
9205000 18 5.44444 15 65 124 0.94444 67 3.16667
9210000 20 4.95000 10 60 122 0.95000 68 2.95000
9215000 21 4.66667 11 57 112 0.90476 68 2.80952
9220000 19 5.26316 13 58 117 1.00000 66 3.00000
9225000 19 4.84211 11 62 119 0.94737 66 3.00000
9230000 19 4.68421 11 57 111 1.00000 62 3.00000
9235000 17 5.11765 12 53 108 1.00000 60 2.88235
9240000 15 5.46667 13 62 103 1.00000 63 3.53333
9245000 16 5.25000 12 58 104 1.00000 61 3.43750
9250000 14 5.85714 13 61 106 1.00000 62 3.71429
9255000 18 5.22222 12 48 111 1.00000 62 3.22222
9260000 19 5.10526 14 46 113 0.94737 69 3.31579
9265000 16 6.00000 16 61 119 1.00000 69 3.75000
9270000 18 5.50000 17 50 118 1.00000 68 3.33333
9275000 20 4.90000 15 55 115 1.00000 68 3.15000
9280000 20 4.55000 12 60 117 1.00000 70 3.10000
9285000 16 5.25000 12 69 115 1.00000 66 3.50000
9290000 17 5.47059 18 59 125 1.00000 68 3.41176
9295000 16 6.00000 21 59 122 1.00000 66 3.37500
9300000 14 6.64286 21 60 114 0.85714 64 3.78571
9305000 12 7.50000 20 62 119 1.00000 64 4.41667
9310000 13 6.69231 22 50 102 1.00000 64 4.38462
9315000 13 6.15385 19 63 106 1.00000 67 4.38462
9320000 17 5.17647 20 58 113 0.94118 67 3.29412
9325000 12 6.66667 20 61 108 0.91667 63 4.41667
9330000 13 6.53846 21 58 109 1.00000 64 4.15385
9335000 15 6.06667 23 54 117 1.00000 65 3.66667
9340000 13 6.53846 22 66 109 1.00000 65 4.23077
9345000 18 5.27778 21 57 115 1.00000 66 3.22222
9350000 18 5.22222 19 57 120 1.00000 63 3.22222
9355000 21 4.57143 17 57 114 0.95238 68 3.09524
9360000 19 5.05263 18 65 120 1.00000 68 3.26316
9365000 20 4.75000 17 65 114 1.00000 65 3.05000
9370000 18 5.11111 16 71 125 1.00000 67 3.27778
9375000 18 5.55556 19 62 120 0.94444 68 3.50000
9380000 17 5.94118 21 63 126 1.00000 71 3.76471
9385000 19 5.31579 22 58 118 0.89474 71 3.47368
9390000 18 5.66667 21 64 126 1.00000 71 3.38889
9395000 17 5.52941 19 71 119 0.94118 71 3.64706
9400000 18 5.22222 17 70 120 0.94444 71 3.55556
9405000 15 6.20000 19 76 116 0.93333 70 4.13333
9410000 16 5.81250 18 74 125 1.00000 74 3.93750
9415000 17 5.82353 19 67 119 0.94118 69 3.52941
9420000 15 6.40000 19 71 123 0.93333 67 3.80000
9425000 17 6.05882 20 64 131 1.00000 66 3.52941
9430000 17 6.05882 25 62 125 0.94118 71 3.64706
9435000 13 6.84615 24 82 122 1.00000 70 4.61538
9440000 19 4.94737 24 72 129 1.00000 70 3.26316
9445000 15 5.86667 23 67 116 1.00000 63 3.86667
9450000 16 5.62500 21 68 110 1.00000 63 3.62500
9455000 20 4.80000 21 66 120 1.00000 67 3.10000
9460000 15 5.60000 21 77 113 0.93333 66 3.40000
9465000 16 5.12500 18 77 111 1.00000 67 3.43750
9470000 13 5.69231 16 77 105 1.00000 66 4.07692
9475000 17 5.47059 17 56 120 1.00000 64 3.35294
9480000 14 5.85714 16 61 110 1.00000 68 4.14286
9485000 16 5.56250 17 52 112 0.93750 63 3.37500
9490000 12 6.16667 17 65 99 1.00000 68 4.50000
9495000 16 5.43750 17 61 107 0.93750 62 3.50000
9500000 18 5.11111 17 63 119 1.00000 63 3.33333
9505000 18 5.05556 16 71 123 1.00000 65 3.27778
9510000 20 4.65000 14 59 116 0.95000 62 2.90000
9515000 17 5.29412 20 72 113 0.94118 63 3.23529
9520000 15 5.66667 18 67 118 1.00000 65 3.60000
9525000 14 6.21429 15 58 121 1.00000 66 4.00000
9530000 15 5.73333 14 51 107 0.93333 62 3.60000
9535000 16 5.56250 15 51 105 1.00000 62 3.50000
9540000 18 5.00000 14 52 112 0.94444 63 3.11111
9545000 19 5.00000 15 52 115 0.94737 66 3.10526
9550000 17 5.47059 16 53 117 1.00000 68 3.58824
9555000 16 5.56250 13 54 111 1.00000 63 3.68750
9560000 16 5.62500 14 57 109 1.00000 62 3.68750
9565000 15 5.60000 14 61 102 1.00000 60 3.60000
9570000 13 6.46154 13 57 111 1.00000 60 4.00000
9575000 13 6.92308 15 54 115 1.00000 62 4.15385
9580000 15 6.13333 15 52 112 0.93333 64 3.66667
9585000 11 7.54545 16 62 120 1.00000 61 4.36364
9590000 13 6.38462 14 62 111 0.92308 61 3.76923
9595000 13 6.23077 14 68 109 1.00000 63 3.84615
9600000 21 4.52381 14 65 121 0.90476 67 2.71429
9605000 17 5.17647 14 69 119 0.94118 67 3.05882
9610000 18 5.11111 14 61 117 1.00000 67 3.11111
9615000 15 6.06667 15 61 120 1.00000 68 3.60000
9620000 18 4.88889 14 59 108 1.00000 65 3.11111
9625000 19 4.78947 13 56 109 0.94737 63 2.94737
9630000 18 4.88889 12 64 107 0.94444 61 3.16667
9635000 17 5.35294 19 73 118 1.00000 62 3.35294
9640000 18 5.44444 18 59 110 0.88889 62 3.11111
9645000 18 5.11111 16 64 117 1.00000 64 3.05556
9650000 13 6.23077 22 68 113 1.00000 61 3.76923
9655000 15 5.80000 23 71 106 1.00000 59 3.26667
9660000 14 6.42857 26 71 114 0.92857 60 3.50000
9665000 13 6.84615 24 73 119 1.00000 61 3.84615
9670000 14 6.64286 23 67 122 1.00000 65 3.64286
9675000 16 6.12500 24 63 118 0.87500 63 3.25000
9680000 15 6.40000 23 58 114 0.93333 66 3.53333
9685000 19 5.15789 25 51 116 1.00000 70 3.26316
9690000 15 5.46667 22 56 105 1.00000 67 3.80000
9695000 18 4.55556 19 60 107 0.94444 71 3.44444
9700000 16 5.18750 21 56 108 1.00000 67 3.56250
9705000 14 5.57143 23 62 98 1.00000 63 4.00000
9710000 12 6.16667 23 59 103 0.91667 59 4.16667
9715000 10 6.80000 20 58 92 1.00000 58 4.70000
9720000 9 7.44444 19 52 84 1.00000 57 5.22222
9725000 11 6.09091 18 51 92 1.00000 59 4.54545
9730000 11 5.54545 16 54 79 1.00000 57 4.36364
9735000 11 5.90909 17 59 96 1.00000 62 4.45455
9740000 14 5.28571 17 60 99 1.00000 61 3.71429
9745000 15 4.73333 17 60 103 1.00000 62 3.60000
9750000 15 4.93333 16 57 90 1.00000 60 3.60000
9755000 16 5.25000 16 59 101 0.93750 65 3.56250
9760000 16 5.25000 14 54 102 1.00000 64 3.75000
9765000 18 5.05556 15 64 109 1.00000 68 3.38889
9770000 18 5.27778 19 64 120 1.00000 64 3.33333
9775000 15 5.73333 17 67 109 1.00000 64 3.86667
9780000 17 5.70588 18 56 118 0.94118 63 3.52941
9785000 15 5.33333 16 64 95 1.00000 63 3.86667
9790000 15 5.00000 15 70 100 1.00000 65 3.80000
9795000 14 5.35714 17 72 108 1.00000 68 3.92857
9800000 14 5.14286 15 68 107 0.92857 68 3.85714
9805000 16 4.56250 15 80 99 0.87500 70 3.37500
9810000 14 5.21429 15 75 100 0.92857 63 3.92857
9815000 13 5.76923 22 70 104 1.00000 66 4.38462
9820000 15 5.33333 19 66 106 1.00000 63 3.80000
9825000 16 5.50000 19 57 111 0.93750 65 3.56250
9830000 16 5.43750 19 64 109 1.00000 66 3.68750
9835000 19 5.10526 19 58 116 0.89474 63 3.05263
9840000 19 4.84211 17 66 106 0.89474 63 3.05263
9845000 16 5.68750 17 60 118 0.93750 65 3.37500
9850000 18 5.16667 18 58 116 1.00000 67 3.05556
9855000 12 7.08333 20 63 116 1.00000 65 4.33333
9860000 13 6.53846 18 64 108 1.00000 65 4.23077
9865000 16 5.50000 16 60 116 0.93750 65 3.43750
9870000 16 5.31250 16 63 114 1.00000 65 3.31250
9875000 17 5.52941 16 52 111 1.00000 63 3.41176
9880000 14 5.85714 16 54 107 1.00000 64 4.07143
9885000 15 5.53333 15 60 106 0.93333 65 3.93333
9890000 15 5.46667 17 64 105 0.86667 69 3.86667
9895000 14 6.42857 20 59 115 1.00000 68 4.21429
9900000 13 6.69231 20 70 118 1.00000 67 4.53846
9905000 12 7.41667 21 61 120 1.00000 69 4.91667
9910000 14 6.92857 20 57 118 0.92857 65 4.28571
9915000 13 7.15385 19 56 117 0.92308 68 4.30769
9920000 12 7.50000 18 55 113 0.91667 65 4.66667
9925000 12 6.75000 17 57 107 1.00000 65 4.58333
9930000 16 5.50000 17 51 114 1.00000 65 3.50000
9935000 18 4.83333 16 53 110 1.00000 63 3.33333
9940000 15 5.46667 15 52 102 1.00000 63 3.73333
9945000 13 6.23077 17 61 103 0.92308 64 4.15385
9950000 16 5.25000 17 55 104 0.93750 60 3.37500
9955000 15 5.40000 17 57 106 1.00000 62 3.66667
9960000 13 5.61538 17 65 90 0.92308 62 4.15385
9965000 13 5.38462 17 71 101 1.00000 64 3.92308
9970000 14 4.92857 17 75 102 1.00000 58 3.42857
9975000 18 4.11111 16 70 95 0.88889 60 2.72222
9980000 14 4.71429 14 77 100 1.00000 58 3.42857
9985000 17 4.47059 14 74 109 1.00000 66 3.23529
9990000 17 4.41176 15 74 106 0.88235 66 3.11765
9995000 15 4.60000 14 72 104 0.93333 65 3.13333
10000000 16 4.62500 13 76 103 0.87500 67 3.12500
