# Timesteps, List of cluster sizes
0: [3, 2, 2, 2, 2, 2, 2, 2, 2, 2, 2, 2, 2, 2, 2, 3, 2, 2, 2]
5000: [2, 5, 2, 2, 2, 5, 4, 2, 4, 4, 3, 2, 2, 5, 2, 3, 7, 3, 5, 2, 3, 7, 3, 2, 3, 2, 7, 4, 3, 2, 2, 2, 3, 3, 3, 2, 2, 4, 3, 2, 2, 2, 2, 2, 2, 2]
10000: [6, 3, 4, 3, 4, 3, 2, 9, 3, 12, 3, 6, 4, 4, 5, 2, 2, 5, 5, 4, 2, 8, 6, 2, 4, 2, 2, 3, 3, 2, 3, 6, 2, 2, 5, 4, 2, 5, 4, 4, 2, 6, 2, 5, 2, 3, 2, 3, 3, 2, 5, 4, 3, 2, 2, 2, 2]
15000: [6, 6, 4, 5, 6, 9, 10, 5, 15, 3, 6, 4, 4, 5, 11, 2, 6, 5, 4, 3, 2, 10, 11, 5, 3, 6, 2, 6, 5, 4, 5, 5, 5, 4, 5, 2, 3, 2, 4, 6, 4, 2, 2, 2, 2, 2, 2]
20000: [3, 7, 3, 6, 4, 5, 7, 9, 9, 5, 4, 17, 3, 17, 4, 4, 5, 3, 7, 5, 4, 4, 3, 10, 12, 11, 4, 3, 6, 2, 4, 5, 7, 7, 4, 3, 5, 3, 7, 10, 2, 2, 2]
25000: [3, 9, 3, 6, 4, 6, 7, 9, 9, 4, 18, 3, 17, 4, 4, 5, 3, 7, 6, 4, 5, 4, 11, 12, 12, 4, 3, 2, 2, 7, 4, 7, 7, 4, 3, 4, 7, 10, 4, 7, 2, 2]
30000: [7, 9, 3, 6, 4, 6, 8, 9, 9, 4, 19, 3, 18, 4, 4, 5, 3, 7, 6, 6, 5, 11, 12, 12, 4, 3, 2, 7, 4, 6, 7, 4, 3, 4, 7, 10, 4, 7, 2, 2]
35000: [7, 9, 3, 7, 5, 7, 8, 9, 10, 2, 4, 20, 3, 18, 4, 4, 6, 8, 3, 7, 6, 6, 5, 11, 13, 12, 4, 3, 2, 7, 4, 8, 4, 3, 4, 7, 10, 4, 7, 2, 2]
40000: [8, 9, 4, 9, 5, 8, 8, 9, 12, 2, 4, 21, 3, 18, 4, 4, 6, 8, 3, 7, 6, 13, 5, 11, 13, 12, 3, 3, 2, 7, 2, 4, 5, 3, 2, 7, 10, 4, 7, 2]
45000: [8, 10, 4, 13, 5, 8, 8, 9, 12, 2, 5, 21, 3, 19, 5, 4, 6, 10, 3, 7, 6, 13, 5, 11, 14, 12, 3, 3, 2, 6, 4, 6, 3, 2, 7, 10, 7, 3]
50000: [8, 10, 10, 13, 4, 5, 8, 8, 9, 14, 2, 5, 21, 3, 19, 5, 4, 6, 10, 3, 8, 6, 13, 5, 11, 14, 12, 5, 2, 2, 6, 4, 3, 2, 7, 10, 4, 6]
55000: [9, 10, 11, 13, 4, 5, 8, 8, 9, 14, 2, 5, 21, 3, 19, 5, 4, 6, 10, 3, 8, 6, 13, 6, 11, 14, 12, 5, 2, 2, 7, 4, 3, 2, 7, 10, 4, 6]
60000: [9, 10, 11, 13, 4, 5, 8, 7, 9, 14, 2, 5, 21, 3, 20, 5, 4, 6, 10, 3, 8, 10, 13, 6, 11, 14, 12, 2, 2, 7, 4, 3, 2, 7, 10, 4, 5]
65000: [9, 10, 11, 13, 4, 5, 9, 7, 9, 14, 2, 5, 21, 3, 20, 5, 4, 6, 11, 3, 8, 10, 13, 6, 11, 14, 13, 2, 7, 4, 5, 3, 2, 7, 10, 5]
70000: [9, 10, 12, 13, 4, 5, 9, 8, 9, 14, 2, 5, 22, 3, 20, 5, 4, 6, 11, 3, 8, 10, 13, 11, 14, 13, 2, 2, 7, 5, 4, 5, 3, 2, 7, 10, 5]
75000: [9, 10, 12, 13, 4, 5, 9, 8, 9, 14, 2, 6, 22, 3, 20, 5, 4, 6, 11, 3, 7, 10, 13, 11, 14, 13, 2, 7, 5, 4, 5, 3, 2, 7, 10, 2, 4]
80000: [9, 10, 12, 13, 4, 5, 9, 8, 9, 13, 2, 6, 22, 3, 21, 5, 11, 6, 11, 3, 8, 10, 13, 3, 11, 14, 13, 7, 5, 4, 5, 3, 2, 10, 4]
85000: [9, 9, 12, 13, 4, 5, 9, 9, 10, 13, 2, 6, 22, 3, 32, 5, 11, 6, 11, 3, 8, 10, 13, 15, 3, 13, 7, 5, 4, 3, 2, 10, 4, 4]
90000: [9, 9, 12, 13, 4, 5, 9, 9, 10, 13, 2, 6, 22, 3, 32, 5, 11, 6, 11, 3, 7, 10, 13, 15, 2, 13, 7, 5, 4, 3, 2, 10, 4, 4]
95000: [9, 17, 12, 13, 4, 5, 9, 9, 10, 13, 2, 6, 23, 3, 32, 5, 11, 6, 11, 3, 10, 13, 15, 13, 7, 5, 4, 3, 2, 10, 4, 4]
100000: [9, 17, 12, 13, 4, 5, 9, 9, 10, 13, 2, 6, 24, 3, 32, 5, 11, 6, 11, 3, 10, 13, 15, 13, 7, 5, 4, 3, 2, 10, 4, 4]
105000: [9, 17, 12, 14, 4, 5, 9, 7, 10, 13, 2, 6, 24, 3, 32, 5, 11, 6, 11, 3, 10, 13, 15, 13, 7, 5, 8, 3, 2, 10, 3]
110000: [9, 17, 12, 14, 4, 5, 9, 7, 10, 13, 2, 25, 3, 32, 5, 11, 6, 11, 3, 10, 13, 15, 13, 7, 7, 5, 8, 3, 2, 10, 3]
115000: [9, 17, 12, 15, 4, 5, 9, 7, 10, 13, 2, 4, 25, 3, 32, 5, 11, 6, 11, 3, 10, 13, 15, 13, 7, 7, 5, 8, 3, 2, 10]
120000: [9, 17, 12, 16, 4, 5, 9, 7, 10, 13, 2, 4, 25, 3, 32, 5, 11, 6, 11, 3, 11, 13, 15, 13, 7, 6, 5, 8, 3, 10]
125000: [9, 17, 12, 16, 4, 5, 8, 7, 10, 26, 2, 4, 25, 3, 32, 5, 11, 6, 12, 3, 11, 13, 15, 7, 6, 5, 8, 3, 10]
130000: [9, 17, 12, 16, 4, 5, 8, 7, 10, 26, 2, 4, 25, 3, 32, 5, 11, 17, 12, 3, 13, 15, 7, 6, 5, 8, 3, 10]
135000: [9, 17, 13, 16, 4, 5, 8, 7, 10, 26, 19, 4, 25, 3, 32, 5, 11, 12, 3, 13, 15, 7, 6, 5, 7, 3, 10]
140000: [9, 17, 13, 16, 4, 5, 7, 7, 11, 26, 19, 4, 25, 3, 32, 8, 11, 13, 13, 15, 7, 6, 5, 7, 3, 10]
145000: [9, 17, 13, 16, 4, 5, 7, 7, 10, 26, 19, 4, 25, 3, 32, 8, 11, 13, 13, 15, 6, 6, 5, 7, 3, 10]
150000: [9, 18, 13, 16, 4, 5, 8, 7, 11, 26, 19, 4, 25, 3, 32, 8, 11, 13, 13, 15, 5, 5, 7, 3, 10, 4]
155000: [9, 18, 13, 16, 4, 5, 7, 7, 11, 27, 20, 4, 25, 2, 32, 8, 11, 13, 13, 16, 4, 5, 7, 3, 10, 4]
160000: [9, 18, 13, 23, 4, 6, 7, 11, 27, 20, 4, 26, 2, 32, 8, 11, 13, 13, 16, 4, 5, 7, 3, 10, 3]
165000: [9, 18, 13, 23, 4, 6, 7, 11, 27, 20, 4, 26, 2, 32, 8, 11, 14, 13, 16, 4, 5, 7, 3, 10, 3]
170000: [9, 18, 13, 23, 4, 6, 7, 11, 27, 20, 4, 26, 2, 32, 8, 11, 14, 13, 16, 4, 5, 7, 3, 10, 3]
175000: [9, 18, 13, 23, 16, 6, 7, 11, 27, 20, 4, 26, 2, 32, 8, 11, 14, 13, 16, 5, 3, 10, 3]
180000: [9, 17, 13, 23, 16, 6, 7, 11, 27, 20, 4, 26, 3, 32, 8, 11, 14, 13, 16, 5, 3, 10, 2]
185000: [9, 18, 13, 23, 16, 6, 7, 11, 27, 20, 4, 26, 3, 33, 8, 11, 14, 13, 16, 5, 3, 10, 2]
190000: [9, 18, 13, 23, 16, 6, 7, 11, 27, 20, 4, 26, 3, 33, 9, 11, 14, 13, 16, 5, 3, 10, 2]
195000: [9, 18, 13, 23, 16, 6, 7, 11, 27, 20, 4, 26, 3, 33, 9, 11, 14, 13, 16, 5, 3, 10, 2]
200000: [9, 18, 13, 23, 16, 6, 7, 11, 27, 20, 3, 26, 3, 33, 9, 11, 14, 13, 16, 5, 3, 10]
205000: [9, 18, 13, 23, 16, 6, 7, 11, 27, 20, 3, 26, 3, 33, 9, 11, 14, 13, 16, 5, 3, 10]
210000: [9, 18, 13, 23, 16, 6, 7, 11, 27, 20, 3, 26, 3, 34, 9, 11, 14, 13, 16, 5, 3, 10]
215000: [9, 18, 13, 23, 16, 6, 6, 11, 27, 20, 3, 26, 3, 35, 9, 11, 14, 13, 16, 5, 3, 10]
220000: [9, 18, 13, 23, 16, 6, 6, 11, 27, 20, 3, 27, 3, 35, 9, 11, 15, 13, 16, 5, 3, 10]
225000: [9, 18, 13, 39, 16, 6, 6, 11, 27, 20, 3, 27, 3, 35, 9, 11, 15, 12, 5, 3, 10]
230000: [9, 18, 13, 39, 16, 6, 6, 11, 27, 20, 3, 27, 3, 35, 9, 11, 15, 12, 4, 3, 10]
235000: [9, 18, 13, 39, 16, 6, 6, 11, 27, 20, 3, 27, 3, 35, 9, 11, 15, 12, 4, 3, 10]
240000: [9, 17, 13, 39, 16, 6, 6, 11, 28, 20, 4, 28, 3, 35, 9, 11, 15, 12, 4, 3, 10]
245000: [9, 17, 13, 39, 16, 6, 5, 11, 28, 20, 4, 28, 3, 35, 9, 11, 15, 12, 4, 3, 10]
250000: [9, 17, 13, 39, 16, 6, 4, 11, 28, 20, 4, 28, 3, 35, 9, 11, 15, 12, 11, 4, 3]
255000: [9, 17, 13, 39, 16, 6, 4, 11, 28, 20, 4, 28, 3, 35, 9, 11, 26, 12, 4, 3]
260000: [9, 16, 13, 39, 16, 6, 4, 11, 28, 20, 4, 28, 3, 35, 9, 11, 26, 12, 4, 3]
265000: [9, 16, 13, 39, 16, 6, 4, 12, 28, 20, 4, 28, 3, 35, 9, 11, 26, 12, 4, 3]
270000: [9, 16, 13, 39, 16, 5, 4, 12, 28, 20, 4, 29, 3, 35, 9, 11, 26, 12, 4, 3]
275000: [9, 16, 13, 39, 16, 6, 3, 12, 28, 20, 4, 29, 3, 35, 9, 11, 26, 12, 4, 3]
280000: [9, 15, 13, 39, 16, 6, 3, 12, 28, 20, 4, 29, 3, 35, 9, 11, 26, 12, 4, 3]
285000: [9, 15, 14, 39, 16, 6, 2, 12, 28, 20, 4, 29, 3, 35, 9, 11, 26, 12, 4, 3]
290000: [9, 15, 14, 39, 16, 6, 2, 12, 28, 20, 4, 29, 3, 35, 9, 11, 26, 12, 4, 3]
295000: [10, 15, 14, 39, 16, 6, 12, 28, 20, 4, 29, 3, 35, 9, 11, 26, 13, 4, 3]
300000: [10, 15, 14, 39, 16, 6, 12, 28, 20, 4, 29, 3, 35, 9, 11, 26, 13, 4, 3]
305000: [10, 15, 14, 39, 16, 6, 12, 28, 20, 4, 29, 3, 35, 9, 11, 26, 14, 4, 3]
310000: [10, 15, 14, 39, 16, 6, 12, 28, 20, 4, 29, 3, 35, 9, 11, 26, 14, 4, 3]
315000: [10, 15, 14, 39, 16, 6, 13, 28, 20, 4, 29, 3, 35, 9, 11, 26, 14, 4, 3]
320000: [10, 15, 14, 39, 16, 6, 13, 28, 20, 4, 29, 3, 35, 9, 11, 26, 14, 4, 3]
325000: [10, 15, 14, 40, 16, 6, 13, 28, 20, 4, 29, 3, 35, 9, 11, 25, 14, 4, 3]
330000: [10, 15, 14, 40, 16, 5, 13, 28, 20, 4, 29, 3, 35, 9, 11, 25, 14, 4, 3]
335000: [10, 14, 14, 40, 16, 5, 15, 13, 28, 20, 4, 29, 3, 35, 9, 11, 26, 4, 3]
340000: [10, 14, 14, 40, 16, 5, 15, 13, 28, 20, 4, 29, 3, 35, 9, 11, 26, 4, 3]
345000: [10, 14, 14, 40, 16, 5, 15, 13, 28, 20, 4, 29, 3, 35, 9, 11, 26, 4, 3]
350000: [10, 14, 14, 40, 16, 5, 15, 14, 28, 20, 4, 29, 3, 35, 9, 11, 26, 4, 3]
355000: [10, 14, 14, 40, 16, 5, 15, 14, 28, 20, 4, 29, 3, 35, 9, 11, 26, 4, 3]
360000: [10, 14, 14, 40, 16, 5, 15, 14, 28, 20, 4, 29, 3, 35, 9, 11, 26, 4, 3]
365000: [10, 13, 14, 40, 16, 5, 15, 14, 28, 20, 4, 29, 3, 35, 9, 11, 26, 4, 3]
370000: [10, 13, 14, 40, 16, 5, 15, 14, 28, 20, 4, 29, 3, 35, 9, 11, 26, 4, 3]
375000: [10, 13, 14, 40, 16, 5, 15, 14, 28, 20, 4, 29, 3, 35, 9, 11, 26, 4, 3]
380000: [10, 12, 14, 40, 16, 5, 15, 14, 28, 20, 4, 29, 3, 35, 9, 11, 26, 4, 3]
385000: [10, 12, 14, 40, 16, 5, 16, 14, 28, 20, 4, 29, 35, 9, 11, 26, 4, 3, 2]
390000: [10, 12, 14, 40, 16, 5, 16, 14, 28, 20, 4, 29, 35, 9, 11, 26, 4, 3, 2]
395000: [10, 12, 14, 40, 16, 5, 16, 14, 28, 20, 4, 29, 35, 9, 11, 26, 4, 3, 2]
400000: [10, 12, 14, 40, 16, 5, 16, 14, 28, 20, 4, 29, 35, 9, 11, 26, 4, 3, 2]
405000: [10, 12, 14, 40, 16, 5, 16, 14, 28, 20, 4, 29, 35, 9, 11, 26, 4, 3, 2]
410000: [10, 12, 14, 40, 16, 5, 16, 14, 28, 20, 4, 29, 35, 9, 11, 26, 4, 3, 2]
415000: [10, 12, 14, 40, 16, 5, 16, 14, 28, 20, 4, 29, 35, 9, 11, 26, 4, 3, 2]
420000: [10, 12, 14, 40, 16, 5, 16, 14, 28, 20, 4, 29, 35, 9, 11, 26, 4, 3, 2]
425000: [10, 12, 14, 40, 16, 5, 16, 14, 28, 20, 4, 29, 35, 9, 11, 26, 3, 3, 2]
430000: [10, 12, 14, 40, 16, 6, 16, 14, 28, 20, 4, 29, 35, 9, 11, 26, 3, 3, 2]
435000: [10, 12, 14, 40, 16, 6, 17, 14, 28, 20, 4, 29, 35, 9, 11, 26, 3, 3, 2]
440000: [10, 12, 14, 40, 16, 6, 17, 14, 31, 20, 4, 29, 35, 9, 11, 26, 3, 2]
445000: [10, 12, 14, 40, 16, 6, 17, 14, 32, 20, 4, 29, 35, 9, 11, 26, 3, 2]
450000: [10, 12, 14, 40, 16, 6, 17, 13, 32, 20, 4, 29, 35, 9, 11, 26, 3, 2]
455000: [10, 12, 14, 40, 16, 6, 17, 14, 32, 20, 4, 29, 35, 9, 11, 26, 3, 2]
460000: [10, 11, 14, 40, 16, 6, 17, 14, 32, 20, 4, 29, 35, 9, 11, 26, 3, 2]
465000: [10, 11, 14, 40, 16, 6, 17, 14, 32, 20, 4, 29, 35, 9, 11, 26, 3, 2]
470000: [10, 11, 14, 40, 16, 6, 16, 14, 32, 20, 4, 29, 35, 9, 11, 26, 3, 2]
475000: [10, 11, 14, 40, 16, 6, 16, 14, 32, 20, 4, 30, 35, 9, 11, 26, 3, 2]
480000: [10, 10, 14, 40, 16, 6, 16, 14, 32, 20, 4, 30, 35, 9, 11, 26, 3, 2]
485000: [10, 10, 14, 40, 16, 6, 18, 14, 32, 20, 4, 30, 35, 9, 11, 26, 3, 2]
490000: [10, 10, 14, 40, 16, 6, 18, 14, 32, 20, 4, 30, 35, 9, 11, 26, 3, 2]
495000: [10, 10, 14, 40, 16, 6, 18, 14, 32, 20, 4, 30, 35, 9, 11, 26, 3, 2]
500000: [10, 10, 14, 40, 16, 6, 18, 14, 32, 20, 4, 30, 35, 9, 11, 26, 3, 2]
505000: [10, 10, 14, 40, 16, 6, 18, 14, 32, 20, 4, 30, 35, 9, 11, 26, 2, 2]
510000: [10, 10, 14, 40, 16, 6, 18, 14, 33, 20, 4, 30, 35, 9, 11, 26, 2, 2]
515000: [10, 10, 14, 40, 16, 6, 18, 14, 33, 20, 3, 30, 35, 9, 11, 26, 2, 2]
520000: [10, 10, 14, 40, 16, 6, 18, 14, 33, 20, 3, 30, 35, 9, 11, 26, 2, 2]
525000: [10, 10, 14, 40, 16, 6, 18, 14, 33, 20, 3, 30, 35, 9, 11, 26, 2, 2]
530000: [10, 10, 14, 40, 16, 6, 18, 14, 33, 20, 3, 30, 35, 9, 11, 26, 2, 2]
535000: [10, 10, 14, 40, 16, 6, 18, 14, 33, 20, 3, 30, 35, 9, 11, 26, 2, 2]
540000: [10, 10, 14, 40, 17, 6, 18, 14, 33, 20, 3, 30, 35, 9, 11, 26, 2, 2]
545000: [10, 10, 14, 40, 17, 6, 18, 14, 33, 20, 3, 30, 35, 9, 11, 26, 2, 2]
550000: [10, 10, 14, 40, 17, 6, 18, 14, 33, 20, 3, 30, 35, 9, 11, 26, 2, 2]
555000: [10, 10, 14, 40, 17, 6, 18, 14, 33, 20, 3, 30, 35, 9, 11, 26, 2, 2]
560000: [10, 10, 14, 40, 17, 6, 17, 14, 33, 20, 3, 30, 35, 9, 11, 26, 2, 2]
565000: [10, 10, 14, 40, 17, 6, 17, 14, 33, 20, 3, 30, 35, 9, 11, 26, 2, 2]
570000: [10, 10, 14, 40, 17, 6, 17, 14, 33, 20, 3, 30, 35, 9, 11, 26, 2, 2]
575000: [10, 10, 14, 40, 17, 6, 17, 14, 33, 20, 3, 30, 35, 9, 11, 26, 2, 2]
580000: [10, 10, 14, 40, 17, 6, 17, 14, 33, 20, 2, 30, 35, 9, 11, 26, 2, 2]
585000: [10, 10, 14, 40, 17, 6, 17, 14, 33, 20, 30, 35, 9, 11, 26, 2, 2]
590000: [10, 10, 14, 40, 17, 6, 17, 14, 33, 20, 30, 35, 9, 11, 26, 2, 2]
595000: [10, 9, 14, 40, 17, 6, 17, 14, 33, 20, 30, 37, 9, 12, 26, 2]
600000: [10, 10, 14, 40, 17, 6, 17, 14, 33, 20, 30, 37, 9, 12, 26, 2]
605000: [10, 10, 14, 40, 17, 6, 17, 14, 33, 20, 30, 37, 9, 12, 26, 2]
610000: [10, 10, 14, 40, 17, 6, 17, 14, 33, 20, 30, 37, 9, 12, 26, 2]
615000: [10, 10, 14, 40, 17, 6, 14, 33, 20, 30, 37, 9, 12, 26, 16, 2]
620000: [10, 11, 14, 40, 18, 5, 14, 33, 20, 30, 37, 9, 12, 26, 16, 2]
625000: [10, 10, 14, 40, 18, 6, 14, 33, 20, 30, 37, 9, 12, 26, 16, 2]
630000: [10, 10, 14, 40, 18, 6, 14, 33, 20, 30, 37, 9, 12, 26, 16, 2]
635000: [10, 11, 14, 40, 18, 6, 14, 33, 20, 30, 37, 9, 12, 26, 16, 2]
640000: [10, 11, 14, 40, 18, 6, 14, 33, 20, 30, 37, 9, 12, 26, 16, 2]
645000: [10, 11, 14, 40, 18, 6, 14, 34, 20, 30, 37, 9, 12, 26, 16, 2]
650000: [10, 11, 14, 40, 18, 6, 14, 34, 20, 30, 37, 9, 12, 26, 16, 2]
655000: [10, 11, 14, 40, 18, 6, 14, 34, 20, 30, 37, 9, 12, 26, 16, 2]
660000: [10, 11, 14, 40, 18, 6, 14, 34, 20, 30, 37, 9, 13, 26, 16, 2]
665000: [10, 11, 14, 40, 18, 6, 14, 34, 20, 30, 37, 9, 13, 26, 16, 2]
670000: [10, 11, 14, 40, 18, 6, 14, 34, 20, 30, 37, 9, 13, 26, 16, 2]
675000: [10, 11, 14, 40, 18, 6, 14, 34, 20, 30, 37, 9, 13, 26, 16, 2]
680000: [10, 11, 14, 40, 18, 6, 14, 34, 20, 30, 37, 9, 13, 26, 16, 2]
685000: [10, 11, 14, 40, 18, 6, 14, 34, 20, 30, 37, 9, 13, 26, 16, 2]
690000: [10, 11, 14, 40, 18, 6, 14, 34, 20, 30, 37, 9, 13, 26, 16, 2]
695000: [10, 11, 14, 40, 18, 6, 14, 34, 20, 30, 37, 9, 13, 26, 16, 2]
700000: [10, 11, 14, 40, 18, 6, 14, 34, 20, 30, 37, 9, 13, 26, 15, 2]
705000: [10, 11, 15, 40, 18, 6, 14, 34, 20, 30, 37, 9, 13, 26, 15, 2]
710000: [10, 11, 15, 40, 18, 6, 14, 34, 20, 30, 37, 9, 13, 26, 15, 2]
715000: [10, 11, 15, 40, 18, 6, 14, 34, 20, 30, 37, 9, 13, 26, 15, 2]
720000: [10, 11, 15, 40, 18, 6, 14, 34, 20, 30, 37, 9, 13, 26, 15, 2]
725000: [10, 11, 15, 40, 18, 6, 14, 34, 20, 30, 37, 9, 13, 26, 15, 2]
730000: [10, 11, 15, 40, 18, 6, 14, 34, 20, 30, 37, 9, 13, 26, 15, 2]
735000: [10, 11, 15, 40, 18, 6, 14, 34, 20, 30, 37, 9, 13, 26, 15, 2]
740000: [10, 11, 15, 40, 18, 6, 14, 34, 20, 30, 37, 9, 13, 26, 15, 2]
745000: [10, 11, 15, 40, 18, 6, 14, 34, 20, 30, 37, 9, 13, 26, 15, 2]
750000: [10, 11, 15, 40, 18, 6, 14, 34, 20, 30, 37, 9, 13, 26, 15, 2]
755000: [10, 11, 15, 40, 18, 6, 14, 34, 20, 30, 37, 9, 13, 26, 15, 2]
760000: [10, 11, 15, 40, 18, 6, 14, 34, 20, 30, 37, 9, 13, 26, 15, 2]
765000: [10, 10, 15, 40, 18, 6, 14, 34, 20, 30, 37, 9, 13, 26, 15, 2]
770000: [10, 10, 15, 40, 18, 6, 14, 34, 20, 30, 37, 9, 13, 26, 15, 2]
775000: [10, 10, 15, 40, 18, 6, 14, 34, 20, 30, 37, 9, 13, 26, 15, 2]
780000: [10, 10, 15, 40, 18, 6, 14, 34, 20, 30, 37, 9, 13, 26, 15, 2]
785000: [10, 11, 15, 40, 18, 6, 14, 34, 20, 30, 37, 9, 13, 26, 15, 2]
790000: [10, 11, 15, 40, 18, 6, 14, 34, 20, 30, 37, 9, 13, 26, 15, 2]
795000: [10, 11, 15, 40, 18, 6, 14, 34, 20, 30, 37, 9, 13, 26, 15, 2]
800000: [10, 11, 15, 40, 18, 6, 14, 34, 20, 30, 37, 9, 13, 26, 15, 2]
805000: [10, 11, 15, 40, 18, 6, 14, 34, 20, 30, 37, 9, 13, 26, 15, 2]
810000: [10, 11, 15, 40, 18, 6, 14, 34, 20, 30, 37, 9, 13, 26, 15, 2]
815000: [10, 11, 15, 40, 18, 6, 14, 34, 20, 30, 37, 9, 13, 26, 15, 2]
820000: [10, 11, 15, 40, 18, 6, 14, 34, 20, 30, 37, 9, 13, 26, 15, 2]
825000: [10, 10, 15, 40, 18, 6, 14, 34, 20, 30, 37, 9, 13, 26, 15, 2]
830000: [10, 10, 15, 40, 18, 6, 14, 34, 20, 30, 37, 9, 13, 26, 15, 2]
835000: [10, 10, 15, 40, 18, 6, 14, 34, 20, 30, 37, 9, 13, 26, 15, 2]
840000: [10, 11, 15, 40, 18, 6, 14, 34, 20, 30, 37, 9, 13, 26, 15, 2]
845000: [10, 11, 15, 40, 18, 6, 14, 34, 20, 30, 37, 9, 13, 26, 15, 2]
850000: [10, 11, 15, 40, 18, 6, 14, 34, 20, 30, 37, 9, 13, 26, 15, 2]
855000: [10, 11, 15, 40, 18, 6, 14, 34, 20, 30, 37, 9, 13, 26, 15, 2]
860000: [10, 11, 15, 40, 18, 6, 14, 34, 20, 30, 37, 9, 13, 26, 15, 2]
865000: [10, 11, 15, 40, 18, 6, 14, 34, 20, 30, 37, 9, 13, 26, 15, 2]
870000: [10, 11, 15, 40, 18, 6, 14, 34, 20, 30, 37, 9, 13, 26, 15, 2]
875000: [10, 11, 15, 40, 18, 6, 14, 34, 20, 30, 37, 9, 13, 26, 15, 2]
880000: [10, 11, 15, 40, 18, 6, 14, 34, 20, 30, 37, 9, 13, 26, 15, 2]
885000: [10, 11, 15, 40, 18, 6, 14, 34, 20, 30, 37, 9, 13, 26, 15, 2]
890000: [10, 11, 15, 40, 18, 6, 16, 34, 20, 30, 37, 9, 13, 26, 15]
895000: [10, 11, 15, 40, 18, 6, 16, 34, 20, 30, 37, 9, 13, 26, 15]
900000: [10, 11, 15, 40, 18, 6, 16, 34, 20, 30, 37, 9, 13, 26, 15]
905000: [10, 11, 15, 40, 18, 6, 16, 34, 20, 30, 37, 9, 13, 26, 15]
910000: [10, 11, 15, 40, 18, 6, 16, 34, 20, 30, 37, 9, 13, 26, 15]
915000: [10, 11, 15, 40, 18, 6, 16, 34, 20, 30, 37, 9, 13, 26, 15]
920000: [10, 11, 15, 40, 18, 6, 16, 34, 20, 30, 37, 9, 13, 26, 14]
925000: [10, 11, 15, 40, 18, 6, 16, 34, 20, 30, 37, 9, 13, 26, 13]
930000: [10, 11, 15, 40, 18, 6, 16, 34, 20, 30, 37, 9, 13, 26, 14]
935000: [10, 11, 15, 40, 18, 6, 16, 34, 20, 30, 37, 9, 13, 26, 14]
940000: [10, 11, 15, 40, 18, 6, 16, 34, 20, 30, 37, 9, 13, 26, 14]
945000: [10, 11, 15, 40, 18, 6, 16, 34, 20, 30, 37, 9, 13, 26, 14]
950000: [10, 15, 40, 18, 6, 16, 34, 20, 30, 37, 10, 13, 26, 10, 14]
955000: [10, 15, 40, 18, 6, 16, 34, 20, 30, 37, 10, 13, 26, 10, 14]
960000: [10, 15, 40, 18, 6, 16, 34, 20, 30, 37, 10, 13, 26, 10, 14]
965000: [10, 15, 40, 18, 6, 16, 34, 20, 30, 37, 10, 13, 26, 10, 14]
970000: [10, 15, 40, 18, 6, 16, 34, 20, 30, 37, 10, 13, 26, 10, 14]
975000: [10, 15, 40, 18, 6, 16, 34, 20, 30, 37, 10, 13, 26, 10, 14]
980000: [10, 15, 40, 18, 6, 16, 34, 20, 30, 37, 10, 13, 26, 10, 14]
985000: [10, 41, 15, 18, 6, 16, 34, 20, 30, 37, 10, 13, 26, 10, 14]
990000: [10, 41, 15, 18, 6, 16, 34, 20, 30, 37, 10, 13, 26, 10, 14]
995000: [10, 41, 15, 18, 6, 16, 34, 20, 30, 37, 10, 13, 26, 10, 14]
1000000: [10, 41, 15, 18, 6, 16, 34, 20, 30, 37, 10, 13, 26, 10, 14]
1005000: [10, 41, 15, 18, 6, 16, 34, 20, 30, 37, 10, 13, 26, 10, 14]
1010000: [10, 41, 15, 18, 6, 16, 34, 20, 30, 37, 10, 13, 26, 10, 14]
1015000: [10, 41, 15, 18, 6, 16, 34, 20, 30, 37, 10, 13, 26, 10, 14]
1020000: [10, 41, 15, 18, 6, 16, 34, 20, 30, 37, 10, 13, 26, 10, 14]
1025000: [10, 41, 15, 18, 6, 16, 34, 20, 30, 37, 10, 13, 26, 10, 14]
1030000: [10, 41, 15, 18, 6, 16, 34, 20, 30, 37, 10, 13, 26, 10, 13]
1035000: [10, 41, 15, 18, 6, 16, 34, 20, 30, 37, 10, 13, 26, 10, 13]
1040000: [10, 41, 15, 18, 6, 16, 34, 20, 30, 37, 10, 13, 26, 10, 13]
1045000: [10, 41, 15, 18, 6, 16, 34, 20, 30, 37, 10, 13, 26, 10, 13]
1050000: [10, 41, 15, 18, 6, 16, 34, 20, 30, 37, 10, 13, 26, 10, 13]
1055000: [10, 41, 15, 18, 6, 16, 34, 20, 30, 37, 10, 13, 26, 10, 13]
1060000: [10, 41, 15, 18, 6, 16, 34, 20, 30, 37, 10, 13, 26, 10, 13]
1065000: [10, 41, 15, 18, 6, 16, 34, 20, 30, 37, 10, 13, 26, 10, 13]
1070000: [10, 41, 15, 18, 6, 16, 34, 20, 30, 37, 10, 13, 26, 10, 13]
1075000: [10, 41, 15, 18, 6, 16, 34, 20, 30, 37, 10, 13, 26, 10, 13]
1080000: [10, 41, 15, 18, 6, 16, 34, 20, 30, 37, 10, 13, 26, 10, 13]
1085000: [10, 41, 15, 18, 6, 16, 34, 20, 30, 37, 10, 13, 26, 10, 13]
1090000: [10, 41, 15, 18, 6, 16, 34, 20, 30, 37, 10, 13, 26, 10, 13]
1095000: [10, 41, 15, 18, 6, 16, 34, 20, 30, 37, 10, 13, 26, 10, 13]
1100000: [10, 41, 15, 18, 6, 16, 34, 20, 30, 37, 10, 13, 26, 10, 12]
1105000: [10, 41, 15, 18, 6, 16, 34, 20, 30, 37, 10, 13, 26, 10, 12]
1110000: [10, 41, 15, 18, 6, 16, 34, 20, 30, 37, 10, 13, 26, 10, 12]
1115000: [10, 41, 15, 18, 6, 16, 34, 20, 30, 37, 10, 13, 26, 10, 12]
1120000: [10, 41, 16, 18, 6, 16, 34, 20, 30, 37, 10, 13, 26, 10, 12]
1125000: [10, 41, 16, 18, 6, 16, 34, 20, 30, 37, 10, 13, 26, 10, 12]
1130000: [10, 41, 16, 18, 6, 16, 34, 20, 30, 37, 10, 13, 26, 9, 12]
1135000: [10, 41, 16, 18, 6, 16, 34, 20, 30, 37, 10, 13, 26, 9, 12]
1140000: [10, 41, 16, 18, 6, 16, 34, 20, 30, 37, 10, 13, 26, 9, 12]
1145000: [10, 41, 16, 18, 6, 17, 34, 20, 30, 37, 10, 13, 26, 9, 12]
1150000: [10, 41, 16, 18, 6, 17, 34, 20, 30, 37, 10, 13, 26, 9, 12]
1155000: [10, 41, 16, 18, 6, 17, 34, 20, 30, 37, 10, 13, 26, 9, 12]
1160000: [10, 41, 16, 18, 6, 17, 34, 20, 30, 37, 10, 13, 26, 10, 12]
1165000: [10, 41, 16, 18, 6, 17, 34, 20, 30, 37, 10, 13, 26, 10, 12]
1170000: [10, 41, 16, 18, 6, 17, 34, 20, 30, 37, 10, 13, 26, 10, 12]
1175000: [10, 41, 16, 18, 6, 17, 34, 20, 30, 37, 10, 13, 26, 10, 12]
1180000: [10, 41, 16, 18, 6, 17, 34, 20, 30, 37, 10, 13, 26, 9, 12]
1185000: [10, 41, 16, 18, 6, 17, 34, 20, 30, 37, 10, 13, 26, 10, 12]
1190000: [10, 41, 16, 18, 6, 17, 34, 20, 30, 37, 10, 13, 26, 10, 12]
1195000: [10, 41, 16, 18, 6, 17, 34, 20, 30, 37, 10, 13, 26, 10, 12]
1200000: [10, 41, 16, 18, 6, 17, 34, 20, 30, 37, 10, 13, 26, 10, 12]
1205000: [10, 41, 16, 18, 6, 17, 34, 20, 30, 37, 10, 13, 26, 10, 12]
1210000: [10, 41, 16, 18, 6, 17, 34, 20, 30, 37, 10, 13, 26, 10, 12]
1215000: [10, 41, 16, 18, 6, 17, 34, 20, 30, 37, 10, 13, 26, 10, 12]
1220000: [10, 41, 16, 18, 6, 17, 34, 20, 30, 37, 10, 13, 26, 10, 12]
1225000: [10, 41, 16, 18, 6, 17, 34, 20, 30, 37, 10, 13, 26, 10, 12]
1230000: [10, 41, 16, 18, 6, 17, 34, 20, 30, 37, 10, 13, 26, 10, 12]
1235000: [10, 41, 16, 18, 6, 17, 34, 20, 30, 37, 10, 13, 26, 10, 12]
1240000: [10, 41, 16, 18, 6, 17, 34, 20, 30, 37, 10, 13, 26, 10, 12]
1245000: [10, 41, 16, 18, 6, 17, 34, 20, 30, 37, 10, 13, 26, 10, 12]
1250000: [10, 41, 16, 18, 6, 17, 34, 20, 30, 37, 10, 13, 26, 10, 12]
1255000: [10, 41, 16, 18, 43, 17, 34, 20, 30, 10, 13, 26, 10, 12]
1260000: [10, 41, 16, 18, 43, 17, 34, 20, 30, 10, 13, 26, 10, 12]
1265000: [10, 41, 16, 18, 43, 17, 34, 20, 30, 10, 13, 26, 10, 12]
1270000: [10, 41, 16, 18, 43, 17, 34, 20, 30, 10, 13, 26, 10, 12]
1275000: [10, 41, 16, 18, 43, 17, 34, 20, 30, 10, 13, 26, 10, 12]
1280000: [10, 41, 16, 18, 43, 17, 34, 20, 30, 10, 13, 26, 10, 12]
1285000: [10, 41, 16, 18, 43, 17, 34, 20, 30, 10, 13, 26, 10, 12]
1290000: [10, 41, 16, 18, 43, 17, 34, 20, 30, 10, 13, 26, 10, 12]
1295000: [10, 41, 16, 18, 43, 17, 34, 20, 30, 10, 13, 26, 10, 12]
1300000: [10, 41, 16, 18, 43, 17, 34, 20, 30, 10, 13, 26, 10, 12]
1305000: [10, 41, 16, 18, 43, 17, 34, 20, 30, 10, 13, 26, 10, 12]
1310000: [10, 41, 16, 18, 43, 17, 34, 20, 30, 10, 13, 26, 10, 12]
1315000: [10, 41, 16, 18, 43, 17, 34, 20, 30, 10, 13, 26, 10, 12]
1320000: [10, 41, 16, 18, 43, 17, 34, 20, 30, 10, 13, 26, 10, 12]
1325000: [10, 41, 16, 18, 43, 17, 34, 20, 30, 10, 13, 26, 10, 12]
1330000: [10, 41, 16, 18, 43, 17, 34, 20, 30, 10, 13, 26, 10, 12]
1335000: [10, 41, 16, 18, 43, 17, 34, 20, 30, 10, 13, 26, 10, 12]
1340000: [10, 41, 16, 18, 43, 17, 34, 20, 30, 10, 13, 26, 10, 12]
1345000: [10, 41, 16, 18, 43, 17, 34, 20, 30, 10, 13, 26, 10, 12]
1350000: [10, 41, 16, 18, 43, 17, 34, 20, 30, 10, 13, 26, 10, 12]
1355000: [11, 41, 16, 18, 43, 17, 34, 20, 30, 10, 13, 26, 9, 12]
1360000: [11, 41, 16, 18, 43, 17, 34, 20, 30, 10, 13, 26, 9, 12]
1365000: [11, 41, 16, 18, 43, 17, 34, 20, 30, 10, 13, 26, 9, 12]
1370000: [11, 41, 16, 18, 43, 17, 34, 20, 30, 10, 13, 26, 9, 12]
1375000: [11, 41, 16, 18, 43, 17, 34, 20, 30, 10, 13, 26, 9, 12]
1380000: [11, 41, 16, 18, 43, 17, 34, 20, 30, 10, 13, 26, 9, 12]
1385000: [11, 41, 16, 18, 43, 17, 34, 20, 30, 10, 13, 26, 9, 12]
1390000: [11, 41, 16, 18, 43, 17, 34, 20, 30, 10, 13, 26, 9, 12]
1395000: [11, 41, 16, 18, 43, 17, 34, 20, 30, 10, 13, 26, 9, 12]
1400000: [11, 41, 16, 18, 43, 17, 34, 20, 30, 10, 13, 26, 9, 12]
1405000: [11, 41, 16, 18, 43, 17, 34, 20, 30, 10, 13, 26, 9, 12]
1410000: [11, 41, 16, 18, 43, 17, 34, 20, 30, 10, 13, 26, 9, 12]
1415000: [11, 41, 16, 18, 43, 17, 34, 20, 30, 10, 13, 26, 9, 12]
1420000: [11, 41, 16, 18, 43, 17, 34, 20, 30, 10, 13, 26, 9, 12]
1425000: [11, 41, 16, 18, 43, 17, 34, 20, 30, 10, 13, 26, 9, 12]
1430000: [11, 41, 16, 18, 43, 17, 34, 20, 30, 10, 13, 26, 9, 12]
1435000: [11, 41, 16, 18, 43, 17, 34, 20, 30, 10, 13, 26, 9, 12]
1440000: [11, 41, 16, 18, 43, 17, 34, 20, 30, 10, 13, 26, 9, 12]
1445000: [11, 41, 16, 18, 43, 17, 34, 20, 30, 10, 13, 26, 9, 12]
1450000: [11, 41, 16, 18, 43, 17, 34, 20, 30, 10, 13, 26, 9, 12]
1455000: [11, 41, 16, 18, 43, 17, 34, 20, 30, 10, 13, 26, 9, 12]
1460000: [11, 41, 16, 18, 43, 17, 34, 20, 30, 10, 13, 26, 9, 12]
1465000: [11, 41, 16, 18, 43, 17, 34, 20, 30, 10, 13, 26, 9, 12]
1470000: [11, 41, 16, 18, 43, 17, 34, 20, 30, 10, 13, 26, 9, 12]
1475000: [11, 41, 16, 18, 43, 17, 34, 20, 30, 10, 13, 26, 9, 12]
1480000: [11, 41, 16, 18, 43, 17, 34, 20, 30, 10, 13, 26, 9, 12]
1485000: [11, 41, 16, 18, 43, 17, 34, 20, 30, 10, 13, 26, 9, 12]
1490000: [11, 41, 16, 18, 43, 17, 34, 20, 30, 10, 13, 26, 9, 12]
1495000: [11, 41, 16, 18, 43, 17, 34, 20, 30, 10, 13, 26, 9, 12]
1500000: [11, 41, 16, 18, 43, 17, 34, 20, 30, 10, 13, 26, 9, 12]
1505000: [11, 41, 16, 18, 43, 17, 34, 20, 30, 10, 13, 26, 9, 12]
1510000: [11, 41, 16, 18, 43, 17, 34, 20, 30, 10, 13, 26, 9, 12]
1515000: [11, 41, 16, 18, 43, 17, 34, 20, 30, 10, 13, 26, 9, 12]
1520000: [11, 41, 16, 18, 43, 17, 34, 20, 30, 10, 13, 26, 8, 12]
1525000: [11, 41, 16, 18, 43, 17, 34, 20, 30, 10, 13, 26, 8, 12]
1530000: [11, 41, 16, 18, 43, 17, 34, 20, 30, 10, 13, 26, 8, 12]
1535000: [11, 41, 16, 18, 43, 17, 34, 20, 30, 10, 13, 26, 8, 12]
1540000: [11, 41, 16, 18, 43, 17, 34, 20, 30, 10, 13, 26, 8, 12]
1545000: [11, 41, 16, 18, 43, 17, 34, 20, 30, 10, 13, 26, 8, 12]
1550000: [11, 41, 16, 18, 43, 17, 34, 20, 30, 10, 13, 26, 8, 12]
1555000: [11, 41, 16, 18, 43, 17, 34, 20, 30, 10, 13, 26, 8, 12]
1560000: [11, 41, 16, 18, 43, 17, 34, 20, 30, 10, 13, 26, 8, 12]
1565000: [11, 41, 16, 18, 43, 17, 34, 20, 30, 10, 13, 26, 8, 12]
1570000: [11, 41, 16, 18, 43, 17, 34, 20, 30, 10, 13, 26, 8, 12]
1575000: [11, 41, 16, 18, 43, 17, 34, 20, 30, 10, 13, 26, 8, 12]
1580000: [11, 41, 16, 18, 43, 17, 34, 20, 30, 11, 13, 26, 8, 12]
1585000: [11, 41, 16, 18, 43, 17, 34, 20, 30, 11, 13, 26, 8, 12]
1590000: [11, 41, 16, 18, 43, 17, 34, 20, 30, 11, 13, 26, 8, 12]
1595000: [11, 41, 16, 18, 43, 17, 34, 20, 30, 11, 13, 26, 8, 12]
1600000: [11, 41, 16, 18, 77, 17, 20, 30, 11, 13, 26, 8, 12]
1605000: [11, 41, 16, 18, 77, 17, 20, 30, 11, 13, 26, 8, 12]
1610000: [11, 41, 16, 18, 77, 17, 20, 30, 11, 13, 26, 8, 12]
1615000: [11, 41, 16, 18, 77, 17, 20, 30, 11, 13, 26, 8, 12]
1620000: [11, 41, 16, 18, 77, 17, 20, 30, 11, 13, 26, 8, 12]
1625000: [11, 41, 16, 18, 77, 17, 20, 30, 11, 13, 26, 8, 12]
1630000: [11, 41, 16, 18, 77, 17, 20, 30, 11, 13, 26, 8, 12]
1635000: [11, 41, 16, 18, 77, 17, 20, 30, 11, 13, 26, 8, 12]
1640000: [11, 41, 16, 18, 77, 17, 20, 30, 11, 13, 26, 8, 12]
1645000: [11, 41, 16, 18, 77, 17, 20, 30, 11, 13, 26, 8, 12]
1650000: [11, 41, 16, 18, 77, 17, 20, 30, 11, 13, 26, 8, 12]
1655000: [11, 41, 16, 18, 77, 17, 20, 30, 11, 13, 26, 8, 12]
1660000: [11, 41, 16, 18, 77, 17, 20, 30, 11, 13, 26, 8, 12]
1665000: [11, 41, 16, 18, 77, 17, 20, 30, 11, 13, 26, 8, 12]
1670000: [11, 41, 16, 18, 77, 17, 20, 30, 11, 13, 26, 8, 12]
1675000: [11, 41, 16, 18, 77, 17, 20, 30, 11, 13, 26, 8, 12]
1680000: [11, 41, 16, 18, 77, 17, 20, 30, 11, 13, 26, 8, 12]
1685000: [11, 41, 16, 18, 77, 17, 20, 30, 11, 13, 26, 8, 12]
1690000: [11, 41, 16, 18, 77, 17, 20, 30, 11, 13, 26, 8, 12]
1695000: [11, 41, 16, 18, 77, 17, 20, 30, 11, 13, 26, 8, 12]
1700000: [11, 41, 16, 18, 77, 17, 20, 30, 11, 13, 26, 8, 12]
1705000: [11, 41, 16, 18, 77, 17, 20, 30, 11, 13, 26, 8, 12]
1710000: [11, 41, 16, 18, 77, 17, 20, 30, 11, 13, 26, 8, 12]
1715000: [11, 41, 16, 18, 77, 17, 20, 30, 11, 13, 26, 8, 12]
1720000: [11, 41, 16, 18, 77, 17, 20, 30, 11, 13, 26, 8, 12]
1725000: [11, 41, 16, 18, 77, 17, 20, 30, 11, 13, 26, 8, 12]
1730000: [11, 41, 16, 18, 77, 17, 20, 30, 11, 13, 26, 8, 12]
1735000: [11, 41, 16, 18, 77, 17, 20, 30, 11, 13, 26, 8, 12]
1740000: [11, 41, 16, 18, 77, 17, 20, 30, 11, 13, 26, 8, 12]
1745000: [11, 41, 16, 18, 77, 17, 20, 30, 11, 13, 26, 8, 12]
1750000: [11, 41, 16, 18, 77, 17, 20, 30, 11, 13, 26, 8, 12]
1755000: [11, 41, 16, 18, 77, 17, 20, 30, 11, 13, 26, 8, 12]
1760000: [11, 41, 16, 18, 77, 17, 20, 30, 11, 13, 26, 8, 12]
1765000: [11, 41, 16, 18, 77, 17, 20, 30, 11, 13, 26, 8, 12]
1770000: [11, 41, 16, 18, 77, 17, 20, 30, 11, 13, 26, 8, 12]
1775000: [11, 41, 16, 18, 77, 17, 20, 30, 11, 13, 26, 8, 12]
1780000: [11, 41, 16, 18, 77, 17, 20, 30, 11, 13, 26, 8, 12]
1785000: [11, 41, 16, 18, 77, 17, 20, 30, 11, 13, 26, 8, 12]
1790000: [11, 41, 16, 18, 77, 17, 20, 30, 11, 13, 26, 8, 12]
1795000: [11, 41, 16, 18, 77, 17, 20, 30, 11, 13, 26, 8, 12]
1800000: [11, 41, 16, 18, 77, 17, 20, 30, 11, 13, 26, 8, 12]
1805000: [11, 41, 16, 18, 77, 17, 20, 30, 11, 13, 26, 8, 12]
1810000: [11, 41, 16, 18, 77, 17, 20, 30, 11, 13, 26, 8, 12]
1815000: [11, 41, 16, 18, 77, 17, 20, 30, 11, 13, 26, 8, 12]
1820000: [11, 41, 16, 18, 77, 17, 20, 30, 11, 13, 26, 8, 12]
1825000: [11, 41, 16, 18, 77, 17, 20, 30, 11, 13, 26, 8, 12]
1830000: [11, 41, 16, 18, 77, 17, 20, 30, 11, 13, 26, 8, 12]
1835000: [11, 41, 16, 18, 77, 17, 20, 30, 11, 13, 26, 8, 12]
1840000: [11, 41, 16, 18, 77, 17, 20, 30, 11, 13, 26, 8, 12]
1845000: [11, 41, 16, 18, 77, 17, 20, 30, 11, 13, 26, 8, 12]
1850000: [11, 41, 16, 18, 77, 17, 20, 30, 11, 13, 26, 8, 12]
1855000: [11, 41, 16, 18, 77, 17, 20, 30, 11, 13, 26, 8, 12]
1860000: [11, 41, 16, 18, 77, 17, 20, 30, 11, 13, 26, 8, 12]
1865000: [11, 41, 16, 18, 77, 17, 20, 30, 11, 13, 26, 8, 12]
1870000: [11, 41, 16, 18, 77, 17, 20, 30, 11, 13, 26, 8, 12]
1875000: [11, 41, 16, 18, 77, 17, 33, 30, 11, 26, 8, 12]
1880000: [11, 41, 16, 18, 77, 17, 33, 30, 11, 26, 8, 12]
1885000: [11, 41, 16, 18, 77, 17, 33, 30, 11, 26, 8, 12]
1890000: [11, 41, 16, 18, 77, 17, 33, 30, 11, 26, 8, 12]
1895000: [11, 41, 16, 18, 77, 17, 33, 30, 11, 26, 8, 12]
1900000: [11, 41, 16, 18, 77, 17, 33, 30, 11, 26, 8, 12]
1905000: [11, 41, 16, 18, 77, 17, 33, 30, 11, 26, 8, 12]
1910000: [11, 41, 16, 18, 77, 17, 33, 30, 11, 26, 8, 12]
1915000: [11, 41, 16, 18, 77, 17, 33, 30, 11, 26, 8, 12]
1920000: [11, 41, 16, 18, 77, 17, 33, 30, 11, 26, 8, 12]
1925000: [11, 41, 16, 18, 77, 17, 33, 30, 11, 26, 8, 12]
1930000: [11, 41, 16, 18, 77, 17, 33, 30, 11, 26, 8, 12]
1935000: [11, 41, 16, 18, 77, 17, 33, 30, 11, 26, 8, 12]
1940000: [11, 41, 16, 18, 77, 17, 33, 30, 11, 26, 8, 12]
1945000: [11, 41, 16, 18, 77, 17, 33, 30, 11, 26, 8, 12]
1950000: [11, 41, 16, 18, 77, 17, 33, 30, 11, 26, 8, 12]
1955000: [11, 41, 16, 18, 77, 17, 33, 30, 11, 26, 8, 12]
1960000: [11, 41, 16, 18, 77, 17, 33, 30, 11, 26, 8, 12]
1965000: [11, 41, 16, 18, 77, 17, 33, 30, 11, 26, 8, 12]
1970000: [11, 41, 16, 18, 77, 17, 33, 30, 11, 26, 8, 12]
1975000: [11, 41, 16, 18, 77, 17, 33, 30, 11, 26, 8, 12]
1980000: [11, 41, 16, 18, 77, 17, 33, 30, 11, 26, 8, 12]
1985000: [11, 41, 16, 18, 77, 17, 33, 30, 11, 26, 8, 12]
1990000: [11, 41, 16, 18, 77, 17, 33, 30, 11, 26, 8, 12]
1995000: [11, 41, 16, 18, 77, 17, 33, 30, 11, 26, 8, 12]
2000000: [11, 41, 16, 18, 77, 17, 33, 30, 11, 26, 8, 12]
