# V2 - Timesteps, No of clusters, Mean cluster size, Size largest cluster, No clusters size 1, No prot bound to poly, Fraction clusters bound to poly, No type 2 poly bound to prot, Mean no type 2 in prot cluster
0 19 2.10526 3 259 99 0.47368 4 0.05263
5000 56 2.87500 8 141 174 0.80357 57 0.73214
10000 53 4.15094 16 89 222 0.90566 63 1.00000
15000 49 4.69388 21 75 228 0.93878 67 1.20408
20000 45 5.15556 22 78 239 0.91111 69 1.31111
25000 45 5.51111 19 66 239 0.91111 68 1.35556
30000 47 5.59574 19 56 255 0.89362 70 1.46809
35000 43 6.27907 18 49 261 0.90698 72 1.60465
40000 42 6.69048 20 48 272 0.95238 76 1.73810
45000 41 6.95122 21 38 267 0.90244 76 1.75610
50000 41 6.85366 21 38 269 0.92683 76 1.82927
55000 42 6.66667 22 32 276 0.97619 77 1.78571
60000 39 6.69231 21 50 258 0.94872 75 1.89744
65000 41 6.39024 22 49 258 0.92683 76 1.82927
70000 39 6.79487 20 44 267 0.94872 77 1.94872
75000 38 6.65789 18 50 257 0.97368 79 2.02632
80000 39 6.46154 17 42 247 0.87179 77 1.97436
85000 38 6.23684 17 50 238 0.92105 77 1.97368
90000 38 6.13158 16 62 237 0.92105 75 1.97368
95000 41 5.90244 16 55 228 0.80488 75 1.82927
100000 37 6.24324 17 65 235 0.86486 77 2.02703
105000 32 7.25000 21 71 246 0.96875 80 2.37500
110000 31 7.67742 20 64 256 0.96774 78 2.45161
115000 35 7.40000 22 57 270 0.91429 79 2.20000
120000 33 7.69697 24 50 257 0.93939 79 2.33333
125000 33 7.48485 21 49 259 0.96970 81 2.39394
130000 33 7.09091 21 64 249 0.96970 81 2.36364
135000 35 6.91429 21 57 253 0.91429 81 2.22857
140000 31 7.83871 21 63 263 1.00000 79 2.54839
145000 31 8.29032 24 55 270 0.96774 80 2.51613
150000 33 7.96970 22 46 262 0.90909 81 2.39394
155000 29 9.03448 25 57 276 0.96552 81 2.72414
160000 27 9.40741 25 60 264 1.00000 80 2.92593
165000 28 9.21429 25 57 266 0.92857 80 2.82143
170000 26 9.11538 23 66 254 1.00000 80 3.03846
175000 28 8.67857 24 51 253 0.92857 81 2.82143
180000 31 8.03226 23 42 249 0.87097 80 2.58065
185000 25 9.28000 23 54 250 1.00000 80 3.16000
190000 26 8.50000 21 59 238 0.96154 80 3.03846
195000 26 8.96154 22 57 249 1.00000 80 3.03846
200000 28 8.67857 24 54 256 0.96429 79 2.82143
205000 30 8.20000 23 56 262 0.90000 79 2.63333
210000 29 8.55172 22 65 250 0.86207 79 2.68966
215000 27 8.66667 21 72 250 0.85185 78 2.88889
220000 29 8.37931 29 65 251 0.93103 78 2.68966
225000 27 9.03704 34 66 246 0.88889 77 2.85185
230000 28 8.57143 29 58 242 0.85714 77 2.75000
235000 29 8.48276 27 51 257 0.89655 78 2.62069
240000 29 8.20690 23 58 250 0.93103 77 2.62069
245000 30 8.00000 25 61 242 0.86667 79 2.56667
250000 28 8.46429 24 71 250 0.96429 79 2.75000
255000 31 7.90323 22 67 257 0.87097 79 2.45161
260000 33 7.69697 24 64 266 0.96970 80 2.39394
265000 31 8.16129 24 60 264 0.93548 79 2.54839
270000 28 8.64286 21 68 261 0.96429 79 2.82143
275000 32 7.71875 20 55 250 0.81250 77 2.40625
280000 29 8.17241 21 62 250 0.93103 79 2.68966
285000 33 7.39394 22 51 246 0.84848 79 2.33333
290000 29 8.27586 22 59 248 0.93103 79 2.68966
295000 28 8.21429 22 68 245 0.92857 78 2.78571
300000 31 7.83871 21 50 236 0.83871 77 2.48387
305000 29 8.00000 19 57 234 0.89655 75 2.58621
310000 30 7.63333 19 56 237 0.93333 74 2.43333
315000 27 8.48148 20 64 240 1.00000 74 2.74074
320000 29 7.82759 20 62 229 0.86207 76 2.51724
325000 28 7.96429 20 68 231 0.89286 75 2.57143
330000 29 8.10345 19 66 244 0.86207 74 2.41379
335000 28 8.35714 22 65 241 0.89286 74 2.57143
340000 27 8.66667 21 62 239 0.96296 73 2.62963
345000 28 8.64286 27 65 249 0.92857 76 2.64286
350000 26 9.11538 26 80 242 0.96154 77 2.84615
355000 26 9.15385 24 77 256 0.88462 76 2.84615
360000 28 8.75000 22 67 243 0.85714 76 2.60714
365000 24 9.70833 21 73 251 1.00000 74 2.83333
370000 30 8.23333 22 58 243 0.96667 75 2.50000
375000 29 8.34483 21 64 242 0.86207 75 2.58621
380000 29 8.44828 21 50 244 0.86207 77 2.62069
385000 26 9.61538 24 51 238 0.88462 78 2.96154
390000 27 8.88889 24 59 245 0.88889 80 2.81481
395000 27 9.25926 24 58 257 0.88889 79 2.85185
400000 27 9.07407 23 60 247 0.92593 80 2.88889
405000 25 9.60000 23 59 244 0.88000 79 3.12000
410000 25 9.20000 24 66 237 0.92000 78 3.12000
415000 29 8.10345 23 61 237 0.86207 78 2.68966
420000 30 7.86667 21 74 244 0.90000 78 2.60000
425000 25 9.32000 23 76 235 0.88000 78 3.12000
430000 25 9.56000 25 69 243 0.88000 79 3.16000
435000 27 8.51852 20 71 235 0.88889 78 2.74074
440000 28 8.17857 21 76 235 0.82143 79 2.64286
445000 23 9.78261 22 79 238 0.95652 81 3.21739
450000 27 8.40741 21 71 230 0.96296 80 2.96296
455000 26 8.57692 20 61 229 0.92308 80 2.96154
460000 23 9.69565 22 69 231 0.95652 78 3.21739
465000 26 8.96154 23 61 224 0.84615 78 2.88462
470000 28 8.46429 22 52 229 0.85714 78 2.67857
475000 30 7.83333 23 53 229 0.83333 77 2.46667
480000 26 8.73077 21 57 221 0.96154 77 2.80769
485000 29 7.93103 22 48 210 0.82759 78 2.55172
490000 24 9.25000 27 57 211 0.87500 76 3.08333
495000 25 9.04000 26 54 224 0.96000 77 3.04000
500000 24 9.50000 24 57 229 0.91667 79 3.16667
505000 25 9.32000 25 63 239 0.92000 80 3.16000
510000 26 9.15385 25 62 246 0.84615 79 3.00000
515000 25 9.48000 25 62 250 0.92000 81 3.16000
520000 22 10.50000 25 68 237 0.90909 79 3.54545
525000 25 9.52000 25 67 247 1.00000 81 3.20000
530000 32 8.12500 25 51 256 0.87500 81 2.53125
535000 27 8.85185 24 66 245 0.96296 80 2.96296
540000 27 8.66667 27 64 244 0.85185 80 2.96296
545000 30 8.16667 26 64 248 0.83333 81 2.70000
550000 31 7.96774 21 53 239 0.77419 80 2.58065
555000 29 7.82759 19 65 239 0.82759 80 2.75862
560000 30 7.13333 19 65 225 0.93333 80 2.66667
565000 34 6.73529 18 61 235 0.88235 78 2.29412
570000 34 6.94118 19 64 240 0.73529 78 2.26471
575000 32 7.31250 21 76 244 0.90625 77 2.40625
580000 29 7.86207 19 76 240 0.82759 78 2.62069
585000 29 7.86207 19 76 241 0.86207 80 2.68966
590000 31 7.77419 23 78 251 0.87097 80 2.51613
595000 30 8.00000 23 75 250 0.86667 80 2.63333
600000 30 8.20000 25 64 260 0.93333 79 2.60000
605000 31 7.96774 26 62 248 0.74194 78 2.51613
610000 26 8.88462 23 83 255 0.96154 78 2.92308
615000 26 9.03846 22 82 249 0.84615 77 2.96154
620000 28 8.71429 22 74 254 0.82143 80 2.78571
625000 24 9.62500 24 78 245 0.95833 79 3.29167
630000 19 12.31579 31 75 252 0.94737 80 4.15789
635000 25 9.36000 28 69 241 0.84000 79 3.16000
640000 26 9.34615 28 65 250 0.84615 80 3.07692
645000 25 9.52000 27 69 242 0.80000 80 3.20000
650000 25 9.72000 28 67 247 0.92000 80 3.20000
655000 27 9.00000 27 70 250 0.85185 81 2.96296
660000 23 10.08696 26 67 237 0.82609 81 3.47826
665000 27 8.70370 25 68 241 0.81481 81 2.96296
670000 21 11.23810 26 70 245 0.85714 80 3.80952
675000 25 9.76000 22 74 256 0.88000 80 3.20000
680000 27 9.48148 25 56 248 0.74074 80 2.96296
685000 21 11.52381 28 69 245 0.90476 80 3.80952
690000 21 10.90476 27 78 242 0.90476 81 3.80952
695000 29 8.31034 25 60 245 0.79310 80 2.72414
700000 23 10.04348 24 70 247 0.78261 79 3.39130
705000 26 8.73077 22 73 240 0.76923 78 2.96154
710000 23 9.69565 39 71 231 0.86957 79 3.39130
715000 21 10.61905 34 79 237 0.80952 76 3.61905
720000 22 10.40909 35 84 243 0.95455 76 3.45455
725000 25 9.48000 32 76 240 0.76000 77 3.04000
730000 22 10.72727 31 75 246 0.86364 79 3.50000
735000 22 10.72727 36 78 254 0.95455 79 3.54545
740000 23 10.39130 35 80 256 0.86957 78 3.34783
745000 27 9.03704 35 78 260 0.81481 78 2.85185
750000 26 9.23077 35 78 245 0.88462 78 2.96154
755000 24 9.70833 33 72 238 0.87500 78 3.16667
760000 24 9.25000 32 73 233 0.87500 76 3.16667
765000 24 9.41667 29 60 229 0.83333 76 3.12500
770000 28 8.46429 27 62 236 0.82143 75 2.67857
775000 26 9.34615 24 61 251 0.84615 79 2.96154
780000 25 9.48000 20 61 245 0.92000 79 3.16000
785000 26 9.19231 20 60 250 0.88462 79 3.03846
790000 24 10.12500 22 59 252 0.95833 77 3.20833
795000 23 10.39130 22 56 257 1.00000 78 3.34783
800000 22 10.90909 22 53 246 0.90909 78 3.40909
805000 29 9.13793 22 44 251 0.82759 81 2.68966
810000 24 10.45833 22 51 251 0.91667 79 3.25000
815000 22 10.86364 21 64 253 0.95455 79 3.54545
820000 26 9.65385 21 64 258 0.84615 79 3.00000
825000 25 9.88000 31 58 253 0.88000 78 3.12000
830000 23 10.17391 29 72 253 0.95652 78 3.34783
835000 29 8.62069 31 66 258 0.82759 79 2.65517
840000 25 9.44000 25 75 249 0.84000 78 3.08000
845000 28 8.03571 23 68 230 0.82143 78 2.75000
850000 24 8.79167 23 84 228 0.87500 77 3.12500
855000 31 7.83871 22 63 242 0.80645 74 2.35484
860000 29 8.37931 21 67 257 0.86207 73 2.48276
865000 27 8.85185 20 65 250 0.96296 74 2.66667
870000 29 8.62069 21 45 243 0.75862 77 2.51724
875000 22 10.86364 21 62 260 0.95455 76 3.27273
880000 23 10.34783 22 57 250 1.00000 76 3.26087
885000 24 9.95833 22 58 249 0.87500 76 3.08333
890000 23 9.86957 20 66 230 0.91304 75 3.21739
895000 25 9.20000 21 65 250 0.88000 77 3.00000
900000 24 9.54167 20 60 239 0.83333 75 3.04167
905000 22 9.86364 20 70 231 0.90909 76 3.36364
910000 27 8.70370 20 56 230 0.81481 77 2.81481
915000 24 9.41667 21 71 236 0.95833 78 3.20833
920000 28 8.14286 21 62 232 0.85714 77 2.75000
925000 25 9.00000 21 60 233 0.88000 78 3.12000
930000 24 9.08333 20 80 243 0.95833 78 3.25000
935000 23 10.04348 24 72 251 0.91304 78 3.39130
940000 28 8.78571 22 61 243 0.71429 78 2.78571
945000 26 9.34615 22 74 250 0.76923 77 2.96154
950000 28 8.96429 21 76 246 0.82143 77 2.75000
955000 32 8.06250 22 66 248 0.87500 81 2.46875
960000 22 10.45455 21 85 244 0.95455 81 3.63636
965000 29 8.55172 21 73 251 0.82759 81 2.75862
970000 25 9.76000 23 65 249 0.92000 81 3.20000
975000 25 9.80000 24 59 243 0.92000 81 3.24000
980000 25 9.80000 23 58 244 0.84000 81 3.20000
985000 25 9.60000 22 66 244 0.88000 81 3.20000
990000 28 8.60714 19 57 242 0.82143 81 2.89286
995000 25 9.56000 25 60 237 0.80000 81 3.24000
1000000 23 10.08696 25 69 248 0.95652 81 3.52174
1005000 26 9.03846 23 69 240 0.84615 81 3.07692
1010000 25 9.68000 26 64 247 0.92000 81 3.20000
1015000 23 10.30435 39 73 243 0.82609 80 3.43478
1020000 24 9.95833 34 59 240 0.83333 80 3.29167
1025000 24 9.66667 42 58 232 0.83333 78 3.25000
1030000 27 8.88889 39 48 235 0.74074 77 2.85185
1035000 25 9.04000 37 69 229 0.84000 77 3.08000
1040000 23 9.30435 34 70 223 0.86957 76 3.30435
1045000 23 9.30435 34 78 228 0.82609 79 3.34783
1050000 23 9.04348 36 85 215 0.78261 79 3.39130
1055000 26 8.69231 35 77 224 0.73077 79 3.00000
1060000 27 8.40741 37 77 233 0.77778 78 2.88889
1065000 27 8.55556 37 75 236 0.74074 78 2.88889
1070000 23 9.56522 37 91 236 0.86957 77 3.34783
1075000 21 10.80952 36 89 242 0.90476 76 3.61905
1080000 22 9.86364 32 87 232 0.86364 78 3.45455
1085000 27 8.48148 31 70 240 0.88889 78 2.85185
1090000 22 9.86364 30 79 239 0.95455 78 3.50000
1095000 24 9.62500 29 77 245 0.91667 79 3.20833
1100000 25 9.64000 29 75 240 0.76000 78 3.08000
1105000 25 9.64000 28 65 232 0.84000 77 3.08000
1110000 24 9.33333 28 69 224 0.83333 76 3.12500
1115000 24 9.75000 37 63 221 0.79167 75 3.12500
1120000 24 9.50000 36 71 229 0.83333 78 3.20833
1125000 27 8.81481 39 61 235 0.85185 77 2.85185
1130000 23 9.91304 40 67 227 0.91304 77 3.34783
1135000 26 8.76923 35 60 223 0.76923 76 2.92308
1140000 25 8.64000 31 71 223 0.76000 75 3.00000
1145000 20 10.30000 29 90 230 0.95000 76 3.65000
1150000 21 10.28571 31 77 240 0.95238 77 3.52381
1155000 26 8.53846 31 68 230 0.84615 78 2.92308
1160000 20 10.90000 31 79 228 0.95000 78 3.80000
1165000 25 8.48000 29 80 220 0.92000 78 3.08000
1170000 25 8.28000 30 82 214 0.84000 79 3.12000
1175000 24 8.95833 33 79 231 1.00000 78 3.25000
1180000 27 8.25926 32 80 229 0.85185 77 2.85185
1185000 28 7.96429 30 82 224 0.82143 78 2.78571
1190000 27 8.40741 29 79 239 0.88889 79 2.92593
1195000 27 8.44444 24 73 219 0.74074 80 2.92593
1200000 21 10.71429 25 87 232 0.90476 79 3.76190
1205000 23 10.08696 27 70 245 0.91304 79 3.43478
1210000 22 10.13636 27 71 238 0.95455 79 3.59091
1215000 22 9.86364 24 73 230 0.86364 81 3.63636
1220000 20 10.90000 33 67 227 0.90000 80 3.95000
1225000 20 11.25000 33 69 237 0.95000 80 4.00000
1230000 24 9.45833 29 59 225 0.83333 78 3.25000
1235000 20 11.00000 29 71 222 0.95000 78 3.80000
1240000 21 10.66667 28 72 221 0.85714 78 3.71429
1245000 20 10.95000 28 79 229 0.95000 77 3.85000
1250000 25 9.00000 27 67 228 0.88000 78 3.12000
1255000 28 7.78571 25 66 216 0.82143 77 2.75000
1260000 23 8.78261 24 78 210 0.86957 77 3.34783
1265000 23 8.95652 24 68 215 0.91304 76 3.30435
1270000 22 9.90909 24 68 225 0.81818 76 3.45455
1275000 23 9.34783 25 70 218 0.82609 75 3.26087
1280000 19 11.10526 24 79 216 1.00000 75 3.89474
1285000 25 8.96000 23 74 220 0.68000 74 2.92000
1290000 23 9.47826 22 73 220 0.82609 75 3.17391
1295000 24 9.16667 22 83 229 0.87500 72 3.00000
1300000 22 9.68182 20 87 223 0.77273 72 3.27273
1305000 26 8.69231 23 79 232 0.73077 71 2.73077
1310000 18 12.11111 24 92 229 0.88889 71 3.88889
1315000 23 10.08696 27 80 238 0.86957 73 3.17391
1320000 23 10.08696 25 76 238 0.86957 73 3.13043
1325000 25 9.36000 24 59 234 0.88000 72 2.88000
1330000 23 10.08696 23 68 243 1.00000 74 3.17391
1335000 27 8.92593 22 69 237 0.85185 75 2.77778
1340000 29 8.51724 25 71 243 0.79310 74 2.51724
1345000 23 9.95652 24 87 237 0.82609 76 3.21739
1350000 27 9.03704 25 70 243 0.77778 79 2.88889
1355000 24 10.08333 34 71 238 0.95833 79 3.25000
1360000 28 8.71429 28 67 242 0.85714 78 2.78571
1365000 25 9.24000 26 74 226 0.84000 78 3.12000
1370000 27 8.74074 27 64 232 0.96296 78 2.85185
1375000 24 9.04167 26 70 224 0.87500 78 3.25000
1380000 22 9.77273 29 78 221 0.90909 77 3.40909
1385000 27 8.03704 28 69 219 0.77778 76 2.74074
1390000 24 9.08333 29 70 219 0.87500 75 3.12500
1395000 25 8.80000 27 71 203 0.80000 75 3.00000
1400000 23 10.04348 30 62 235 0.91304 78 3.30435
1405000 21 10.42857 31 65 225 0.90476 79 3.66667
1410000 22 10.22727 32 57 230 0.95455 78 3.54545
1415000 24 9.25000 30 55 227 0.87500 78 3.25000
1420000 25 8.56000 28 63 216 0.84000 77 3.08000
1425000 23 9.60870 29 59 219 0.82609 78 3.39130
1430000 22 10.18182 29 61 232 0.90909 77 3.50000
1435000 20 11.15000 30 64 229 0.90000 77 3.85000
1440000 21 10.52381 28 61 225 0.90476 77 3.66667
1445000 17 12.00000 26 71 219 1.00000 77 4.52941
1450000 23 9.47826 27 61 221 0.86957 77 3.34783
1455000 22 9.77273 28 81 225 0.90909 78 3.50000
1460000 25 8.84000 24 80 222 0.80000 78 3.08000
1465000 23 9.39130 24 72 234 0.82609 76 3.26087
1470000 20 10.60000 27 72 220 0.90000 77 3.80000
1475000 21 10.52381 33 74 233 0.95238 78 3.66667
1480000 27 8.85185 43 61 230 0.74074 78 2.85185
1485000 23 10.00000 43 64 230 0.86957 79 3.30435
1490000 24 9.45833 38 60 223 0.79167 78 3.16667
1495000 25 8.96000 38 74 230 0.80000 79 3.16000
1500000 22 9.95455 39 73 229 0.90909 80 3.54545
1505000 23 9.65217 41 75 234 0.86957 78 3.39130
1510000 23 9.34783 40 73 221 0.82609 80 3.43478
1515000 27 8.48148 38 67 227 0.85185 78 2.85185
1520000 29 7.75862 35 63 216 0.79310 78 2.65517
1525000 26 8.46154 34 61 228 0.84615 76 2.88462
1530000 22 9.40909 27 74 221 0.95455 76 3.40909
1535000 24 8.75000 28 67 220 0.91667 77 3.16667
1540000 26 8.38462 26 64 229 0.92308 76 2.92308
1545000 26 8.42308 25 76 229 0.88462 77 2.88462
1550000 29 7.93103 28 65 229 0.75862 77 2.62069
1555000 26 9.23077 26 56 234 0.84615 76 2.92308
1560000 26 9.38462 27 55 239 0.84615 74 2.84615
1565000 26 9.11538 26 71 234 0.80769 78 2.88462
1570000 27 7.96296 23 77 222 0.85185 76 2.74074
1575000 26 8.30769 22 80 224 0.84615 78 2.92308
1580000 28 8.28571 26 73 226 0.82143 77 2.67857
1585000 31 7.48387 26 66 225 0.74194 78 2.45161
1590000 27 8.77778 31 65 240 0.81481 79 2.85185
1595000 23 9.91304 41 71 232 0.91304 79 3.34783
1600000 23 10.04348 39 68 232 0.82609 77 3.34783
1605000 23 9.91304 35 70 227 0.86957 76 3.26087
1610000 20 11.15000 36 77 235 0.90000 75 3.65000
1615000 23 10.13043 38 76 232 0.86957 75 3.26087
1620000 26 8.96154 36 76 228 0.76923 79 3.00000
1625000 23 9.95652 35 73 232 0.86957 79 3.39130
1630000 19 12.05263 35 77 240 0.94737 80 4.15789
1635000 24 9.58333 34 71 228 0.83333 79 3.25000
1640000 24 9.37500 34 68 224 0.79167 78 3.20833
1645000 28 8.35714 31 67 222 0.85714 77 2.75000
1650000 25 9.20000 28 77 227 0.76000 76 3.00000
1655000 23 10.04348 33 88 238 0.86957 76 3.30435
1660000 23 10.00000 30 76 231 0.86957 77 3.30435
1665000 24 9.58333 30 71 235 0.87500 77 3.12500
1670000 22 10.31818 31 70 233 0.86364 76 3.40909
1675000 24 10.12500 33 63 236 0.79167 75 3.08333
1680000 24 9.62500 29 68 235 0.79167 77 3.16667
1685000 26 9.57692 29 57 247 0.80769 78 2.96154
1690000 28 9.07143 32 49 237 0.78571 76 2.67857
1695000 22 10.27273 27 69 235 0.90909 77 3.40909
1700000 24 9.33333 27 66 227 0.87500 76 3.08333
1705000 22 9.90909 39 78 228 0.81818 77 3.45455
1710000 24 9.20833 38 84 234 0.79167 78 3.12500
1715000 28 8.35714 36 68 232 0.78571 76 2.71429
1720000 26 8.84615 34 67 234 0.80769 78 2.92308
1725000 25 8.92000 32 73 234 0.88000 79 3.12000
1730000 21 10.19048 33 66 227 0.95238 79 3.76190
1735000 19 10.94737 31 74 224 0.94737 79 4.15789
1740000 26 8.61538 32 67 223 0.80769 81 3.07692
1745000 24 9.00000 32 76 224 0.83333 81 3.33333
1750000 26 8.23077 33 75 217 0.80769 81 3.07692
1755000 28 7.85714 34 74 223 0.75000 80 2.82143
1760000 24 8.91667 34 80 231 0.87500 80 3.20833
1765000 24 9.12500 32 82 231 0.79167 78 3.25000
1770000 26 8.88462 30 73 232 0.84615 80 3.03846
1775000 27 8.29630 27 79 228 0.81481 80 2.96296
1780000 29 7.89655 27 63 234 0.79310 78 2.68966
1785000 26 8.84615 30 61 228 0.92308 79 3.03846
1790000 28 8.39286 27 63 240 0.89286 79 2.78571
1795000 32 7.68750 27 64 242 0.84375 78 2.43750
1800000 29 8.41379 30 58 237 0.79310 78 2.65517
1805000 30 8.23333 29 62 241 0.73333 78 2.60000
1810000 25 9.36000 35 72 240 0.88000 79 3.08000
1815000 24 9.83333 34 87 251 0.83333 78 3.00000
1820000 32 7.78125 31 73 251 0.81250 77 2.40625
1825000 26 9.34615 35 76 254 0.88462 78 2.96154
1830000 29 8.58621 33 65 247 0.75862 79 2.72414
1835000 26 9.50000 33 64 245 0.84615 79 3.00000
1840000 30 8.23333 32 66 250 0.86667 79 2.60000
1845000 30 8.33333 32 63 255 0.90000 78 2.56667
1850000 28 8.85714 29 55 244 0.85714 78 2.75000
1855000 28 8.32143 28 63 228 0.85714 79 2.75000
1860000 26 9.19231 32 63 234 0.92308 78 2.96154
1865000 28 9.03571 30 57 253 0.89286 78 2.78571
1870000 28 8.89286 28 61 244 0.89286 80 2.78571
1875000 29 8.65517 30 56 245 0.89655 80 2.68966
1880000 28 9.46429 31 44 260 0.82143 78 2.75000
1885000 26 9.80769 29 51 244 0.92308 78 2.96154
1890000 28 9.03571 26 41 246 0.89286 77 2.75000
1895000 25 9.56000 28 61 245 0.92000 78 3.08000
1900000 28 8.00000 30 71 235 0.85714 78 2.78571
1905000 26 8.80769 38 68 239 0.88462 77 2.92308
1910000 23 9.86957 38 71 227 0.91304 77 3.21739
1915000 26 8.84615 30 60 223 0.92308 77 2.88462
1920000 26 9.03846 30 54 237 0.80769 76 2.92308
1925000 22 10.27273 33 63 237 0.95455 78 3.50000
1930000 23 10.47826 33 59 251 0.95652 77 3.30435
1935000 28 8.78571 33 57 241 0.92857 77 2.75000
1940000 25 9.68000 38 57 249 0.84000 78 3.00000
1945000 28 8.78571 36 55 237 0.78571 79 2.75000
1950000 27 9.37037 37 58 252 0.85185 77 2.85185
1955000 28 8.92857 36 56 241 0.82143 78 2.78571
1960000 26 9.34615 37 67 239 0.84615 77 2.96154
1965000 30 8.23333 37 62 249 0.80000 77 2.53333
1970000 30 8.26667 37 54 237 0.73333 78 2.50000
1975000 26 9.23077 34 63 260 0.96154 79 2.92308
1980000 28 8.64286 37 53 237 0.92857 76 2.64286
1985000 28 8.42857 35 54 240 0.96429 77 2.71429
1990000 24 9.70833 32 69 246 1.00000 77 3.20833
1995000 25 9.20000 33 80 240 0.96000 78 3.08000
2000000 24 10.25000 34 64 248 0.91667 77 3.16667
2005000 26 9.53846 33 61 252 0.92308 77 2.96154
2010000 23 11.00000 37 56 254 0.91304 76 3.30435
2015000 24 10.29167 33 60 258 0.95833 77 3.20833
2020000 22 10.95455 35 71 262 0.95455 76 3.45455
2025000 24 10.16667 36 65 250 0.91667 76 3.12500
2030000 29 8.86207 40 49 255 0.79310 78 2.62069
2035000 25 9.80000 40 58 248 0.96000 78 3.04000
2040000 27 9.22222 38 62 252 0.85185 77 2.81481
2045000 26 9.76923 32 53 254 0.88462 75 2.88462
2050000 24 10.37500 30 55 259 0.95833 75 3.08333
2055000 23 10.69565 28 58 262 0.95652 76 3.26087
2060000 25 9.80000 27 52 248 0.88000 79 3.04000
2065000 28 8.78571 30 55 242 0.85714 76 2.71429
2070000 31 8.00000 31 62 250 0.80645 78 2.45161
2075000 31 7.87097 30 57 242 0.77419 78 2.45161
2080000 28 8.82143 27 55 240 0.92857 77 2.71429
2085000 29 8.68966 28 53 245 0.86207 76 2.62069
2090000 28 9.03571 32 51 254 0.89286 76 2.71429
2095000 25 9.80000 31 57 251 0.96000 78 3.12000
2100000 28 8.89286 29 49 249 0.89286 79 2.82143
2105000 27 8.55556 25 57 236 0.96296 79 2.92593
2110000 31 7.51613 22 58 243 0.87097 79 2.51613
2115000 29 7.93103 24 56 246 0.93103 79 2.68966
2120000 28 8.14286 26 59 245 0.92857 79 2.78571
2125000 29 7.93103 25 55 239 0.96552 76 2.62069
2130000 29 8.06897 24 59 243 0.89655 77 2.62069
2135000 30 7.63333 22 53 238 0.86667 78 2.56667
2140000 28 7.82143 23 71 235 0.92857 78 2.78571
2145000 33 6.81818 23 72 232 0.84848 78 2.36364
2150000 30 7.56667 27 70 226 0.83333 76 2.53333
2155000 31 7.09677 20 71 232 0.90323 77 2.45161
2160000 28 8.17857 35 72 250 1.00000 76 2.71429
2165000 24 9.37500 37 81 239 0.91667 78 3.16667
2170000 31 7.83871 34 70 250 0.83871 79 2.48387
2175000 27 8.62963 34 82 253 0.92593 78 2.88889
2180000 29 8.44828 33 70 252 0.79310 78 2.65517
2185000 26 9.26923 33 69 246 0.84615 79 2.96154
2190000 30 8.36667 35 62 254 0.93333 78 2.56667
2195000 27 9.14815 33 63 262 0.92593 78 2.88889
2200000 29 8.48276 33 60 251 0.93103 78 2.68966
2205000 26 9.30769 32 67 255 0.96154 77 2.96154
2210000 25 9.52000 34 64 250 0.88000 78 3.12000
2215000 30 7.93333 32 62 239 0.83333 78 2.60000
2220000 28 7.92857 29 64 227 0.82143 78 2.78571
2225000 25 8.96000 30 67 228 0.92000 79 3.16000
2230000 24 9.08333 28 66 227 0.95833 79 3.29167
2235000 24 9.20833 30 55 219 0.83333 78 3.25000
2240000 25 8.96000 30 57 225 0.84000 78 3.12000
2245000 26 8.65385 28 61 225 0.88462 78 3.00000
2250000 27 8.55556 29 67 231 0.85185 78 2.88889
2255000 29 8.27586 29 67 233 0.72414 78 2.68966
2260000 27 9.03704 29 65 229 0.81481 78 2.88889
2265000 26 9.07692 27 60 227 0.76923 78 2.96154
2270000 26 8.88462 25 49 222 0.84615 78 2.96154
2275000 24 8.91667 23 63 211 0.91667 77 3.20833
2280000 31 7.54839 23 60 227 0.80645 79 2.51613
2285000 23 9.60870 25 69 222 0.91304 79 3.43478
2290000 27 8.18519 25 65 218 0.85185 78 2.88889
2295000 27 8.18519 23 67 219 0.81481 77 2.85185
2300000 25 8.96000 23 71 227 0.84000 77 3.08000
2305000 24 9.41667 24 81 239 0.95833 76 3.16667
2310000 25 8.72000 21 73 220 0.88000 76 3.00000
2315000 29 7.41379 21 73 208 0.68966 78 2.58621
2320000 25 8.68000 22 75 220 0.88000 77 3.04000
2325000 28 7.89286 26 67 225 0.89286 75 2.64286
2330000 26 8.57692 25 69 221 0.76923 74 2.84615
2335000 25 8.88000 25 64 227 0.84000 76 3.00000
2340000 26 8.65385 28 73 230 0.76923 79 2.96154
2345000 28 8.35714 28 70 238 0.82143 78 2.78571
2350000 23 9.86957 35 88 235 0.82609 78 3.39130
2355000 23 10.39130 35 81 250 0.78261 77 3.34783
2360000 25 9.80000 34 71 251 0.84000 77 3.08000
2365000 20 11.65000 36 76 250 0.90000 77 3.85000
2370000 20 11.80000 36 76 253 1.00000 78 3.85000
2375000 22 11.40909 40 62 256 0.86364 75 3.40909
2380000 22 10.81818 35 76 249 0.95455 75 3.40909
2385000 24 9.91667 37 72 241 0.75000 76 3.12500
2390000 21 10.61905 35 84 236 0.80952 74 3.52381
2395000 24 9.54167 32 77 236 0.79167 73 3.04167
2400000 25 9.24000 29 71 235 0.80000 74 2.92000
2405000 22 10.27273 27 82 251 0.90909 76 3.40909
2410000 24 9.50000 30 78 232 0.83333 74 3.00000
2415000 24 9.25000 29 76 236 0.91667 74 2.91667
2420000 24 9.83333 37 67 244 0.91667 78 3.12500
2425000 27 8.74074 33 74 248 0.88889 79 2.85185
2430000 29 8.34483 29 75 250 0.79310 79 2.58621
2435000 23 10.17391 26 68 242 0.82609 76 3.26087
2440000 22 10.86364 25 70 244 0.90909 76 3.40909
2445000 25 9.80000 24 59 252 0.88000 78 3.08000
2450000 29 8.79310 24 58 259 0.82759 78 2.65517
2455000 29 8.34483 20 55 235 0.75862 78 2.65517
2460000 24 9.41667 20 67 242 0.95833 78 3.20833
2465000 22 10.18182 20 63 238 0.90909 78 3.50000
2470000 25 9.12000 20 65 238 0.84000 77 2.96000
2475000 25 9.28000 20 68 239 0.92000 76 3.00000
2480000 27 8.77778 21 58 241 0.85185 78 2.77778
2485000 21 10.57143 24 72 241 1.00000 79 3.61905
2490000 24 9.33333 25 64 237 0.87500 77 3.12500
2495000 23 9.78261 26 62 244 0.91304 80 3.30435
2500000 20 10.70000 33 62 229 0.85000 77 3.65000
2505000 21 10.33333 31 68 233 0.90476 78 3.47619
2510000 21 10.19048 27 69 231 0.90476 75 3.52381
2515000 23 9.69565 25 67 239 0.86957 75 3.21739
2520000 25 9.00000 28 59 229 0.80000 76 2.96000
2525000 19 10.89474 28 71 224 1.00000 76 3.94737
2530000 26 8.53846 26 70 223 0.80769 77 2.88462
2535000 23 9.43478 27 63 228 0.91304 79 3.34783
2540000 23 9.34783 30 64 227 0.86957 78 3.34783
2545000 25 8.80000 29 71 229 0.76000 76 3.00000
2550000 21 10.28571 30 83 227 0.95238 77 3.66667
2555000 25 9.16000 31 75 238 0.84000 77 3.08000
2560000 25 8.96000 30 90 241 0.80000 77 3.04000
2565000 24 9.58333 32 81 248 0.87500 77 3.20833
2570000 27 8.66667 29 75 246 0.85185 78 2.88889
2575000 22 10.00000 29 82 231 0.86364 79 3.59091
2580000 24 9.50000 29 73 242 0.91667 79 3.29167
2585000 22 10.31818 28 79 231 0.81818 78 3.54545
2590000 26 9.07692 28 72 242 0.76923 78 3.00000
2595000 25 9.20000 26 82 242 0.84000 79 3.16000
2600000 23 10.30435 32 79 246 0.86957 78 3.39130
2605000 23 10.08696 31 80 249 0.82609 78 3.39130
2610000 27 8.77778 28 83 242 0.85185 77 2.85185
2615000 20 11.40000 28 87 251 0.95000 77 3.85000
2620000 28 8.78571 29 62 239 0.75000 77 2.75000
2625000 22 10.63636 33 68 234 0.86364 76 3.45455
2630000 23 9.73913 31 63 231 0.82609 77 3.26087
2635000 21 10.19048 34 65 224 0.90476 77 3.57143
2640000 24 9.12500 36 62 224 0.87500 76 3.08333
2645000 25 8.76000 37 58 216 0.84000 76 3.00000
2650000 24 9.16667 34 70 225 0.83333 77 3.12500
2655000 26 8.88462 34 64 223 0.80769 75 2.88462
2660000 26 8.92308 35 66 225 0.92308 77 2.96154
2665000 25 9.04000 34 74 223 0.84000 77 3.04000
2670000 28 8.28571 31 65 229 0.85714 79 2.78571
2675000 20 10.70000 29 72 217 0.95000 78 3.80000
2680000 23 9.26087 27 73 214 0.91304 75 3.17391
2685000 23 9.13043 26 77 223 0.95652 76 3.21739
2690000 27 8.29630 24 61 219 0.81481 77 2.85185
2695000 23 9.26087 22 69 221 0.86957 78 3.30435
2700000 31 7.29032 19 64 225 0.77419 78 2.45161
2705000 29 7.89655 21 70 231 0.79310 77 2.62069
2710000 28 8.42857 25 65 228 0.85714 75 2.64286
2715000 27 8.55556 24 69 229 0.88889 77 2.77778
2720000 30 7.76667 22 63 220 0.83333 76 2.53333
2725000 28 7.89286 19 69 207 0.82143 78 2.71429
2730000 25 8.76000 19 64 214 0.80000 79 3.04000
2735000 23 9.08696 20 64 200 0.86957 77 3.34783
2740000 26 8.53846 23 69 223 0.88462 79 3.00000
2745000 25 8.92000 21 67 230 0.88000 79 3.16000
2750000 22 9.90909 22 76 214 0.86364 78 3.50000
2755000 22 10.27273 23 72 220 0.86364 78 3.54545
2760000 27 8.70370 22 54 223 0.85185 77 2.85185
2765000 23 9.95652 28 75 228 0.82609 77 3.26087
2770000 30 8.13333 29 61 230 0.80000 77 2.53333
2775000 27 9.22222 27 57 234 0.74074 77 2.81481
2780000 28 8.67857 27 55 229 0.71429 77 2.75000
2785000 25 9.72000 27 63 236 0.88000 78 3.12000
2790000 24 10.45833 27 57 246 0.91667 79 3.29167
2795000 26 9.57692 29 49 239 0.88462 78 3.00000
2800000 21 10.95238 30 61 223 0.95238 77 3.66667
2805000 21 10.71429 25 53 223 0.85714 77 3.66667
2810000 21 10.57143 25 69 231 0.90476 77 3.61905
2815000 21 10.28571 26 72 224 0.85714 77 3.61905
2820000 24 9.20833 25 66 223 0.83333 77 3.16667
2825000 26 8.57692 22 73 231 0.88462 78 2.96154
2830000 28 8.07143 25 68 228 0.78571 80 2.82143
2835000 22 9.59091 24 82 231 0.90909 79 3.59091
2840000 28 8.25000 27 71 238 0.85714 79 2.82143
2845000 24 9.45833 26 76 237 0.79167 80 3.33333
2850000 22 10.95455 27 76 245 0.86364 80 3.63636
2855000 29 9.03448 27 61 263 0.75862 79 2.72414
2860000 21 11.76190 29 77 267 0.85714 79 3.76190
2865000 24 10.37500 29 64 258 0.87500 78 3.25000
2870000 24 9.95833 27 61 244 0.87500 79 3.20833
2875000 20 11.35000 36 64 240 0.95000 80 3.95000
2880000 23 10.04348 37 63 238 0.82609 80 3.43478
2885000 22 10.40909 36 64 232 0.86364 80 3.59091
2890000 22 10.36364 34 60 235 0.90909 80 3.63636
2895000 26 8.80769 32 55 225 0.80769 77 2.96154
2900000 28 8.42857 35 53 236 0.82143 77 2.75000
2905000 23 9.82609 33 58 228 0.86957 77 3.34783
2910000 24 9.58333 32 54 235 0.91667 76 3.16667
2915000 24 9.16667 32 56 225 0.83333 76 3.16667
2920000 24 8.87500 31 63 221 0.79167 75 3.12500
2925000 24 8.70833 34 60 212 0.87500 78 3.20833
2930000 26 8.23077 33 64 219 0.92308 78 2.96154
2935000 27 7.77778 31 60 213 0.81481 79 2.81481
2940000 25 8.72000 35 65 228 0.96000 77 3.04000
2945000 23 9.34783 37 64 231 1.00000 77 3.26087
2950000 28 7.67857 32 61 222 0.82143 77 2.64286
2955000 23 9.04348 29 67 208 0.86957 77 3.30435
2960000 22 9.40909 29 70 209 0.95455 78 3.45455
2965000 27 8.18519 25 76 217 0.81481 79 2.85185
2970000 30 7.63333 25 69 215 0.83333 78 2.53333
2975000 27 8.00000 22 73 213 0.85185 76 2.74074
2980000 26 8.34615 23 76 216 0.73077 76 2.80769
2985000 23 9.60870 31 80 234 0.95652 76 3.26087
2990000 26 9.30769 36 64 253 0.92308 77 2.88462
2995000 27 9.07407 32 64 244 0.81481 78 2.81481
3000000 25 9.76000 30 62 246 0.92000 79 3.08000
3005000 24 10.16667 31 61 251 0.87500 78 3.20833
3010000 26 9.50000 31 56 245 0.96154 78 3.00000
3015000 25 9.56000 32 74 247 0.92000 79 3.12000
3020000 26 9.50000 32 71 249 0.92308 79 3.00000
3025000 23 10.43478 31 68 235 0.86957 80 3.39130
3030000 25 10.00000 29 67 251 0.92000 80 3.12000
3035000 25 9.76000 26 64 238 0.84000 76 3.04000
3040000 26 9.23077 25 59 244 0.88462 79 2.96154
3045000 26 9.30769 28 62 244 0.88462 78 2.96154
3050000 28 8.50000 29 70 225 0.82143 78 2.78571
3055000 26 8.76923 31 83 233 0.92308 78 2.96154
3060000 28 8.82143 33 63 240 0.89286 80 2.78571
3065000 29 8.58621 30 60 235 0.82759 81 2.72414
3070000 25 9.72000 31 63 243 0.92000 80 3.16000
3075000 29 8.44828 30 63 239 0.89655 80 2.72414
3080000 28 8.53571 30 68 224 0.82143 80 2.82143
3085000 29 8.44828 25 66 231 0.89655 78 2.65517
3090000 30 8.13333 28 61 222 0.86667 78 2.60000
3095000 28 8.42857 29 65 233 0.89286 78 2.75000
3100000 27 8.70370 29 68 232 0.92593 78 2.85185
3105000 26 9.03846 31 63 239 0.96154 80 3.03846
3110000 28 8.32143 29 58 224 0.92857 79 2.82143
3115000 29 8.17241 28 65 225 0.86207 80 2.72414
3120000 29 8.10345 23 55 214 0.82759 79 2.72414
3125000 26 8.50000 22 65 216 0.88462 79 3.00000
3130000 29 8.03448 32 66 214 0.79310 80 2.72414
3135000 27 8.62963 30 70 221 0.81481 79 2.88889
3140000 24 10.00000 31 66 236 0.87500 78 3.16667
3145000 24 9.70833 28 64 209 0.83333 78 3.20833
3150000 22 10.72727 28 77 227 0.90909 78 3.50000
3155000 24 10.33333 29 66 233 0.83333 79 3.29167
3160000 25 10.00000 30 52 233 0.92000 80 3.20000
3165000 26 9.69231 30 69 236 0.92308 80 3.07692
3170000 24 10.37500 32 73 238 0.87500 80 3.29167
3175000 26 9.65385 33 66 239 0.88462 79 3.00000
3180000 24 10.54167 31 60 237 0.91667 80 3.25000
3185000 26 9.76923 29 48 235 0.84615 78 2.96154
3190000 28 8.89286 29 50 224 0.85714 77 2.71429
3195000 26 9.34615 27 61 234 0.84615 76 2.88462
3200000 26 9.46154 25 62 239 0.80769 78 2.92308
3205000 24 10.00000 24 64 229 0.87500 78 3.20833
3210000 22 10.86364 26 59 248 0.95455 75 3.36364
3215000 25 9.32000 24 65 229 0.80000 76 3.00000
3220000 23 9.95652 22 65 232 0.91304 78 3.26087
3225000 22 10.22727 23 67 235 0.90909 76 3.40909
3230000 27 8.70370 25 57 234 0.77778 76 2.81481
3235000 26 9.00000 22 61 244 0.88462 78 2.92308
3240000 25 9.44000 21 64 247 0.92000 79 3.08000
3245000 26 9.23077 25 61 243 0.80769 78 2.92308
3250000 22 10.45455 26 64 238 1.00000 79 3.45455
3255000 25 9.68000 27 63 247 0.88000 78 3.00000
3260000 25 9.96000 25 68 248 0.80000 74 2.88000
3265000 20 12.30000 26 71 254 0.90000 76 3.65000
3270000 23 10.47826 25 63 238 0.86957 76 3.17391
3275000 20 11.70000 24 69 243 0.90000 77 3.75000
3280000 22 10.36364 23 63 236 0.86364 75 3.31818
3285000 27 8.48148 23 62 236 0.81481 77 2.85185
3290000 22 9.86364 31 79 235 0.90909 75 3.36364
3295000 23 10.08696 37 76 243 0.82609 78 3.26087
3300000 25 9.24000 37 71 239 0.76000 77 3.00000
3305000 24 9.08333 38 67 235 0.83333 78 3.16667
3310000 22 9.81818 40 63 231 0.95455 79 3.54545
3315000 19 10.73684 42 73 225 1.00000 78 4.05263
3320000 28 7.85714 42 61 222 0.78571 78 2.78571
3325000 21 9.76190 39 72 224 0.90476 79 3.66667
3330000 27 8.29630 40 65 231 0.77778 80 2.92593
3335000 20 10.50000 42 74 226 1.00000 80 4.00000
3340000 26 8.57692 40 72 228 0.76923 80 3.07692
3345000 21 10.61905 39 68 237 1.00000 80 3.80952
3350000 22 10.86364 40 58 250 0.90909 79 3.59091
3355000 23 10.26087 35 62 242 0.82609 80 3.47826
3360000 23 10.39130 39 61 250 0.82609 80 3.47826
3365000 25 9.80000 41 49 243 0.84000 80 3.20000
3370000 21 10.80952 38 69 241 0.90476 80 3.80952
3375000 25 9.36000 36 67 239 0.88000 80 3.20000
3380000 24 9.45833 36 61 233 0.83333 79 3.25000
3385000 23 9.95652 39 65 245 1.00000 80 3.43478
3390000 27 8.74074 37 58 243 0.85185 80 2.92593
3395000 24 9.58333 37 66 237 0.91667 80 3.33333
3400000 24 9.83333 35 65 253 0.95833 79 3.25000
3405000 28 8.07143 34 62 222 0.78571 80 2.78571
3410000 27 8.33333 33 58 223 0.85185 78 2.85185
3415000 25 9.20000 38 64 231 0.92000 79 3.16000
3420000 27 8.70370 38 62 244 0.81481 79 2.92593
3425000 24 9.66667 34 56 238 0.91667 79 3.25000
3430000 20 11.30000 31 58 232 0.95000 79 3.85000
3435000 20 11.30000 32 74 249 0.90000 80 3.95000
3440000 27 9.51852 39 61 255 0.85185 79 2.88889
3445000 23 10.30435 37 68 249 0.86957 80 3.39130
3450000 25 9.28000 38 70 242 0.80000 79 3.16000
3455000 25 9.28000 35 67 239 0.84000 80 3.16000
3460000 27 8.92593 33 59 238 0.85185 80 2.96296
3465000 25 9.60000 33 61 249 0.92000 79 3.16000
3470000 28 8.82143 29 52 256 0.92857 80 2.85714
3475000 25 9.24000 26 56 240 0.92000 80 3.20000
3480000 20 11.20000 24 57 237 0.95000 79 3.90000
3485000 22 10.18182 22 64 235 0.86364 80 3.54545
3490000 21 10.23810 21 59 222 0.95238 79 3.71429
3495000 22 10.13636 23 66 230 0.86364 78 3.54545
3500000 24 9.50000 26 65 232 0.83333 79 3.25000
3505000 25 9.12000 25 60 232 0.80000 80 3.12000
3510000 21 10.57143 23 66 233 0.90476 77 3.61905
3515000 24 9.20833 22 59 225 0.91667 79 3.25000
3520000 23 9.21739 22 60 215 0.86957 80 3.47826
3525000 25 8.88000 25 51 222 0.88000 79 3.16000
3530000 25 9.08000 25 54 216 0.76000 79 3.16000
3535000 22 9.45455 25 76 227 0.86364 80 3.59091
3540000 26 8.38462 27 62 223 0.80769 80 3.00000
3545000 27 7.96296 26 66 219 0.77778 79 2.85185
3550000 24 9.20833 29 72 227 0.87500 79 3.25000
3555000 25 9.16000 29 78 245 0.96000 80 3.20000
3560000 30 8.56667 30 57 251 0.83333 79 2.63333
3565000 26 9.23077 29 63 244 0.92308 78 3.00000
3570000 29 8.68966 31 58 256 0.89655 79 2.68966
3575000 23 10.95652 31 58 257 0.91304 80 3.43478
3580000 24 10.58333 32 63 250 0.87500 78 3.25000
3585000 26 10.23077 30 52 253 0.88462 79 3.03846
3590000 22 11.31818 29 55 259 0.95455 79 3.59091
3595000 20 11.65000 28 58 238 1.00000 78 3.90000
3600000 24 9.87500 27 57 245 0.91667 77 3.20833
3605000 24 10.08333 29 55 236 0.75000 76 3.16667
3610000 21 10.85714 25 68 239 0.85714 77 3.66667
3615000 19 11.84211 27 56 239 0.94737 77 4.00000
3620000 22 10.59091 28 55 246 0.90909 76 3.45455
3625000 19 12.21053 27 51 246 0.89474 77 4.05263
3630000 25 9.96000 29 49 247 0.72000 80 3.12000
3635000 21 11.19048 26 77 246 0.85714 79 3.66667
3640000 24 9.70833 24 76 246 0.87500 79 3.25000
3645000 22 10.04545 24 82 237 0.86364 79 3.59091
3650000 19 11.21053 25 73 231 0.94737 79 4.15789
3655000 25 9.08000 25 66 234 0.88000 80 3.16000
3660000 33 7.48485 24 57 234 0.66667 80 2.39394
3665000 24 9.25000 27 80 239 0.87500 80 3.29167
3670000 29 7.93103 29 71 222 0.72414 79 2.72414
3675000 25 8.68000 25 84 226 0.92000 80 3.20000
3680000 26 8.76923 23 77 228 0.84615 80 3.07692
3685000 24 9.41667 23 82 234 0.79167 80 3.33333
3690000 23 9.82609 23 78 238 0.91304 80 3.47826
3695000 24 9.50000 22 73 234 0.83333 80 3.33333
3700000 27 8.44444 21 75 235 0.77778 80 2.96296
3705000 25 9.20000 26 77 239 0.76000 80 3.20000
3710000 24 9.87500 26 80 246 0.83333 80 3.33333
3715000 25 9.84000 27 81 254 0.80000 79 3.16000
3720000 26 9.84615 29 71 250 0.80769 80 3.07692
3725000 21 11.38095 30 80 245 0.85714 80 3.80952
3730000 25 9.96000 30 83 252 0.80000 80 3.20000
3735000 22 11.22727 27 87 251 0.81818 80 3.63636
3740000 28 9.64286 30 58 256 0.71429 79 2.82143
3745000 28 9.42857 26 64 251 0.71429 77 2.75000
3750000 25 10.28000 24 53 239 0.72000 78 3.08000
3755000 23 10.86957 26 54 238 0.73913 79 3.43478
3760000 23 10.73913 29 57 238 0.78261 80 3.47826
3765000 21 11.09524 28 61 240 0.85714 79 3.76190
3770000 25 9.76000 28 56 241 0.80000 79 3.16000
3775000 22 11.00000 29 64 245 0.90909 79 3.59091
3780000 23 11.21739 33 61 254 0.82609 78 3.39130
3785000 20 12.25000 32 68 251 0.90000 78 3.90000
3790000 22 11.68182 33 64 250 0.77273 78 3.54545
3795000 20 13.05000 34 63 257 0.80000 78 3.85000
3800000 20 13.15000 34 64 259 0.90000 78 3.90000
3805000 23 11.30435 32 57 255 0.78261 78 3.39130
3810000 26 10.26923 32 56 254 0.73077 78 3.00000
3815000 22 11.40909 29 73 254 0.90909 79 3.54545
3820000 21 11.71429 30 73 253 0.95238 75 3.57143
3825000 20 12.40000 38 69 254 0.85000 79 3.80000
3830000 19 13.21053 38 75 258 0.84211 78 4.00000
3835000 24 10.95833 39 65 254 0.75000 77 3.20833
3840000 24 10.79167 38 69 248 0.75000 77 3.20833
3845000 22 11.59091 36 80 244 0.77273 78 3.45455
3850000 26 9.88462 33 76 250 0.84615 76 2.92308
3855000 24 10.75000 31 76 253 0.95833 76 3.16667
3860000 25 10.12000 30 74 240 0.84000 77 3.04000
3865000 23 11.00000 27 65 240 0.73913 79 3.30435
3870000 25 10.52000 27 61 243 0.76000 80 3.16000
3875000 25 10.40000 25 61 247 0.80000 79 3.16000
3880000 25 10.60000 28 60 252 0.80000 80 3.16000
3885000 23 11.56522 27 67 259 0.86957 81 3.47826
3890000 22 12.18182 29 59 265 0.86364 81 3.68182
3895000 22 12.09091 30 61 258 0.86364 81 3.68182
3900000 24 11.20833 28 63 257 0.79167 81 3.37500
3905000 22 12.09091 30 63 256 0.81818 80 3.63636
3910000 21 12.14286 28 74 248 0.85714 81 3.85714
3915000 24 10.70833 27 74 249 0.79167 81 3.33333
3920000 27 9.59259 27 77 253 0.70370 80 2.96296
3925000 30 8.76667 26 64 253 0.66667 81 2.70000
3930000 25 9.84000 28 82 254 0.80000 80 3.20000
3935000 26 9.65385 27 84 248 0.73077 80 3.03846
3940000 28 9.32143 29 74 249 0.75000 79 2.82143
3945000 22 11.18182 29 85 265 0.86364 81 3.59091
3950000 24 10.91667 30 71 264 0.87500 80 3.25000
3955000 21 12.28571 36 68 267 1.00000 79 3.76190
3960000 26 9.38462 29 74 239 0.73077 79 3.00000
3965000 23 10.39130 30 84 242 0.78261 79 3.39130
3970000 27 9.40741 31 78 242 0.77778 79 2.85185
3975000 24 9.91667 30 79 235 0.83333 79 3.20833
3980000 22 10.59091 31 86 250 0.86364 81 3.59091
3985000 27 9.07407 34 73 261 0.88889 80 2.92593
3990000 19 12.05263 32 83 243 0.94737 79 4.15789
3995000 25 9.84000 33 64 256 0.80000 79 3.12000
4000000 25 10.00000 31 60 254 0.84000 79 3.16000
4005000 26 9.65385 32 64 254 0.84615 78 3.00000
4010000 23 10.91304 31 67 261 0.91304 79 3.43478
4015000 19 12.36842 33 72 247 0.89474 79 4.15789
4020000 21 11.47619 33 75 251 0.80952 78 3.71429
4025000 21 11.23810 32 82 249 0.80952 80 3.71429
4030000 24 10.20833 36 63 245 0.83333 78 3.20833
4035000 21 11.33333 35 66 236 0.95238 78 3.66667
4040000 19 11.73684 31 81 243 0.89474 77 4.05263
4045000 24 9.41667 29 77 222 0.75000 77 3.20833
4050000 23 9.78261 31 78 228 0.82609 78 3.39130
4055000 21 10.76190 37 79 227 0.76190 77 3.66667
4060000 19 11.84211 35 77 228 0.84211 77 4.05263
4065000 23 9.95652 34 85 239 0.78261 80 3.34783
4070000 23 9.95652 34 83 236 0.78261 80 3.39130
4075000 17 12.94118 32 86 241 0.76471 77 4.47059
4080000 23 9.73913 33 81 234 0.78261 78 3.39130
4085000 23 9.60870 31 83 233 0.86957 77 3.34783
4090000 22 10.54545 34 80 253 0.81818 77 3.45455
4095000 24 9.87500 33 86 243 0.83333 79 3.20833
4100000 27 9.07407 32 83 248 0.66667 78 2.81481
4105000 24 9.70833 30 86 251 0.79167 79 3.20833
4110000 27 9.07407 29 79 249 0.81481 79 2.85185
4115000 27 9.00000 31 66 238 0.81481 79 2.88889
4120000 33 7.21212 28 70 225 0.66667 78 2.33333
4125000 30 7.70000 29 74 231 0.66667 76 2.50000
4130000 34 7.02941 28 58 225 0.73529 76 2.20588
4135000 26 8.69231 27 78 231 0.73077 78 2.88462
4140000 27 8.66667 26 71 235 0.85185 78 2.77778
4145000 28 8.71429 27 59 235 0.75000 79 2.78571
4150000 23 10.13043 29 71 248 0.91304 80 3.39130
4155000 26 9.42308 30 75 237 0.76923 80 3.03846
4160000 25 10.04000 29 72 259 0.88000 81 3.24000
4165000 28 9.21429 31 67 266 0.89286 81 2.89286
4170000 22 11.27273 29 78 257 0.90909 79 3.54545
4175000 22 11.50000 31 76 262 0.72727 78 3.50000
4180000 19 12.68421 28 81 243 0.84211 76 4.00000
4185000 20 12.05000 28 74 249 0.80000 77 3.80000
4190000 21 11.52381 27 78 252 0.71429 79 3.66667
4195000 23 10.86957 29 68 253 0.82609 78 3.34783
4200000 21 12.04762 28 69 257 0.85714 77 3.66667
4205000 18 13.50000 30 71 257 0.94444 76 4.16667
4210000 22 11.40909 28 57 259 0.90909 77 3.45455
4215000 21 11.85714 28 62 255 0.95238 77 3.61905
4220000 19 12.84211 31 60 244 0.89474 77 4.00000
4225000 19 12.36842 30 67 242 1.00000 78 4.05263
4230000 23 10.47826 30 54 235 0.82609 77 3.30435
4235000 22 10.81818 32 63 234 0.77273 77 3.45455
4240000 19 12.31579 35 58 234 0.89474 77 4.00000
4245000 19 12.36842 37 64 239 0.94737 77 4.05263
4250000 25 9.76000 40 60 230 0.80000 77 3.08000
4255000 22 10.54545 39 67 229 0.77273 76 3.40909
4260000 21 10.90476 40 66 228 0.85714 77 3.57143
4265000 21 11.14286 40 69 230 0.85714 77 3.66667
4270000 25 9.56000 35 69 237 0.80000 76 3.00000
4275000 23 10.17391 32 69 232 0.78261 77 3.26087
4280000 22 10.50000 29 70 233 0.90909 77 3.50000
4285000 20 11.70000 32 71 238 1.00000 76 3.80000
4290000 24 9.87500 30 67 226 0.75000 75 3.12500
4295000 25 9.40000 26 75 236 0.88000 77 3.00000
4300000 21 11.14286 27 83 244 0.85714 79 3.57143
4305000 24 10.25000 26 70 247 0.79167 75 3.12500
4310000 23 9.95652 22 72 231 0.82609 75 3.26087
4315000 26 8.80769 22 71 233 0.80769 76 2.88462
4320000 21 10.66667 29 71 227 0.85714 76 3.52381
4325000 27 8.48148 27 66 219 0.66667 76 2.81481
4330000 23 9.47826 25 83 233 0.86957 77 3.21739
4335000 24 8.79167 23 87 227 0.83333 78 3.16667
4340000 23 9.47826 23 82 230 0.86957 78 3.26087
4345000 29 7.75862 24 84 227 0.72414 77 2.55172
4350000 34 6.97059 24 82 236 0.73529 77 2.20588
4355000 25 8.80000 24 92 230 0.76000 77 3.00000
4360000 21 10.19048 24 91 234 0.95238 77 3.61905
4365000 27 8.37037 22 84 233 0.77778 75 2.74074
4370000 29 8.13793 27 79 247 0.72414 77 2.55172
4375000 24 9.45833 24 84 237 0.87500 77 3.16667
4380000 27 8.66667 24 71 235 0.85185 77 2.81481
4385000 23 9.86957 24 79 238 0.86957 77 3.30435
4390000 24 9.79167 26 84 250 0.91667 77 3.16667
4395000 26 9.03846 30 69 221 0.84615 77 2.96154
4400000 24 9.79167 32 78 242 0.83333 77 3.16667
4405000 23 10.34783 30 66 249 0.91304 79 3.34783
4410000 23 10.26087 29 57 235 0.82609 79 3.34783
4415000 21 11.19048 28 60 233 0.85714 78 3.61905
4420000 24 9.62500 27 60 231 0.79167 78 3.20833
4425000 26 8.96154 26 58 217 0.76923 79 2.92308
4430000 29 7.96552 24 51 216 0.75862 77 2.62069
4435000 25 8.64000 25 64 205 0.76000 77 3.04000
4440000 26 8.19231 24 71 205 0.80769 76 2.92308
4445000 29 7.72414 27 66 214 0.79310 76 2.58621
4450000 22 9.90909 29 78 221 0.77273 76 3.45455
4455000 25 9.08000 30 67 220 0.80000 78 3.04000
4460000 25 9.32000 30 68 230 0.76000 79 3.04000
4465000 30 8.00000 28 64 220 0.70000 79 2.60000
4470000 23 9.69565 36 73 221 0.86957 79 3.39130
4475000 22 10.00000 38 79 223 0.72727 81 3.45455
4480000 30 8.06667 38 70 229 0.66667 79 2.60000
4485000 29 7.86207 34 72 229 0.75862 78 2.68966
4490000 23 10.00000 41 70 243 0.82609 78 3.39130
4495000 29 8.03448 39 62 226 0.65517 78 2.65517
4500000 24 8.95833 34 78 227 0.79167 77 3.12500
4505000 28 8.03571 28 72 220 0.75000 76 2.67857
4510000 24 9.25000 28 80 238 0.83333 75 3.12500
4515000 26 9.19231 34 81 239 0.73077 74 2.84615
4520000 27 8.62963 34 75 229 0.81481 75 2.77778
4525000 24 9.70833 34 73 240 0.87500 77 3.16667
4530000 23 9.95652 30 75 245 0.86957 78 3.34783
4535000 23 10.21739 33 79 256 0.95652 78 3.26087
4540000 25 9.64000 34 74 252 0.88000 79 3.04000
4545000 23 9.78261 34 78 243 0.86957 78 3.30435
4550000 22 9.86364 35 76 235 0.90909 77 3.45455
4555000 24 9.08333 34 70 230 0.87500 77 3.20833
4560000 26 8.23077 38 78 229 0.84615 74 2.80769
4565000 25 8.56000 38 79 230 0.88000 76 3.00000
4570000 24 8.79167 35 82 224 0.91667 75 3.08333
4575000 23 9.34783 39 81 230 0.91304 76 3.30435
4580000 21 10.14286 35 72 229 0.90476 77 3.57143
4585000 22 10.00000 34 71 233 0.86364 75 3.36364
4590000 21 10.28571 34 75 226 0.80952 76 3.47619
4595000 23 9.69565 32 74 239 0.78261 76 3.21739
4600000 22 10.22727 30 71 241 0.90909 79 3.54545
4605000 20 11.15000 29 84 241 0.95000 79 3.80000
4610000 23 9.78261 34 82 238 0.82609 80 3.34783
4615000 19 11.63158 33 89 247 0.94737 78 4.00000
4620000 22 10.81818 36 68 258 0.90909 78 3.50000
4625000 23 10.13043 34 71 248 0.86957 77 3.34783
4630000 25 9.80000 33 67 254 0.88000 78 3.08000
4635000 23 10.26087 35 72 257 0.91304 78 3.34783
4640000 22 11.00000 35 70 258 0.90909 78 3.54545
4645000 26 9.61538 36 61 252 0.80769 78 3.00000
4650000 22 11.40909 39 63 251 0.81818 78 3.50000
4655000 23 10.73913 38 66 252 0.78261 79 3.34783
4660000 22 10.86364 34 71 251 0.90909 78 3.54545
4665000 27 9.00000 31 70 237 0.70370 79 2.88889
4670000 24 9.79167 32 80 242 0.95833 78 3.20833
4675000 20 11.35000 32 75 253 0.95000 78 3.85000
4680000 25 9.40000 32 66 238 0.84000 80 3.12000
4685000 26 9.34615 34 64 245 0.80769 80 3.07692
4690000 23 10.00000 32 74 255 1.00000 80 3.47826
4695000 30 7.80000 31 64 235 0.83333 79 2.63333
4700000 27 8.40741 32 81 234 0.85185 79 2.88889
4705000 25 9.44000 33 78 253 0.88000 78 3.12000
4710000 26 9.42308 30 57 240 0.84615 79 2.96154
4715000 24 10.08333 29 74 254 0.91667 77 3.16667
4720000 25 9.80000 30 70 241 0.92000 77 3.08000
4725000 25 10.16000 30 59 255 0.88000 80 3.16000
4730000 21 11.85714 33 73 267 0.95238 79 3.76190
4735000 23 11.13043 31 73 262 0.86957 80 3.47826
4740000 21 11.57143 29 73 250 0.85714 79 3.71429
4745000 24 10.25000 29 70 258 0.83333 79 3.25000
4750000 19 12.42105 34 74 262 0.94737 78 4.10526
4755000 25 9.88000 31 65 261 0.92000 78 3.12000
4760000 25 9.72000 30 74 253 0.84000 78 3.08000
4765000 22 10.68182 27 77 242 0.95455 77 3.50000
4770000 24 10.12500 29 72 252 0.87500 77 3.20833
4775000 26 9.61538 44 71 260 0.80769 78 3.00000
4780000 25 10.04000 47 70 258 0.84000 77 3.04000
4785000 22 11.00000 48 71 252 0.86364 78 3.54545
4790000 28 8.89286 51 68 264 0.82143 79 2.82143
4795000 26 9.65385 52 62 256 0.73077 80 3.00000
4800000 20 11.85000 48 66 248 0.80000 80 3.95000
4805000 23 10.69565 50 63 247 0.78261 80 3.43478
4810000 23 10.47826 50 62 243 0.78261 79 3.39130
4815000 19 12.00000 50 81 244 0.89474 78 4.05263
4820000 21 11.14286 52 71 248 0.76190 77 3.57143
4825000 21 11.19048 52 63 244 0.85714 77 3.66667
4830000 18 11.72222 44 67 227 1.00000 77 4.22222
4835000 23 9.91304 44 62 233 0.86957 80 3.34783
4840000 22 10.22727 44 70 240 0.90909 77 3.45455
4845000 23 10.04348 39 58 241 0.82609 80 3.30435
4850000 23 9.91304 38 59 230 0.86957 77 3.30435
4855000 21 10.52381 35 66 232 0.95238 78 3.61905
4860000 22 10.18182 39 60 235 0.90909 79 3.45455
4865000 24 9.50000 39 58 229 0.75000 78 3.08333
4870000 21 10.80952 37 77 236 0.80952 78 3.66667
4875000 24 9.54167 38 76 239 0.91667 79 3.20833
4880000 24 9.91667 38 71 251 0.87500 78 3.20833
4885000 23 10.00000 34 77 237 0.73913 77 3.26087
4890000 21 10.66667 34 81 247 0.95238 74 3.42857
4895000 24 9.87500 35 64 246 0.83333 74 3.04167
4900000 20 11.70000 36 64 252 0.90000 76 3.65000
4905000 19 12.47368 37 56 257 1.00000 77 3.78947
4910000 19 12.57895 35 58 256 0.94737 77 3.84211
4915000 19 12.15789 35 64 247 0.94737 76 3.94737
4920000 22 10.86364 38 62 246 0.90909 76 3.40909
4925000 22 10.50000 39 69 244 0.90909 76 3.36364
4930000 18 12.38889 49 62 242 0.94444 76 4.16667
4935000 22 10.40909 43 66 235 0.81818 76 3.40909
4940000 17 13.58824 44 66 243 0.94118 77 4.41176
4945000 22 10.95455 37 59 248 0.90909 77 3.40909
4950000 21 10.61905 46 63 231 0.85714 76 3.57143
4955000 22 10.27273 47 63 225 0.86364 77 3.45455
4960000 22 10.50000 46 56 237 0.90909 78 3.54545
4965000 26 9.15385 41 53 241 0.84615 79 3.00000
4970000 25 9.64000 40 61 247 0.88000 78 3.08000
4975000 24 10.00000 37 68 243 0.87500 77 3.16667
4980000 25 9.80000 37 53 246 0.84000 76 3.04000
4985000 24 9.79167 33 59 244 0.87500 76 3.12500
4990000 21 10.71429 30 74 241 0.90476 78 3.66667
4995000 24 9.04167 33 62 230 0.79167 80 3.20833
5000000 21 9.76190 33 81 227 1.00000 78 3.61905
5005000 28 7.85714 30 65 223 0.75000 75 2.64286
5010000 27 8.11111 29 73 231 0.85185 75 2.77778
5015000 29 7.72414 29 63 226 0.86207 74 2.51724
5020000 27 8.33333 27 66 230 0.88889 74 2.70370
5025000 25 8.76000 28 74 221 0.92000 74 2.96000
5030000 27 8.66667 34 66 247 0.96296 75 2.74074
5035000 27 8.74074 32 69 235 0.88889 76 2.77778
5040000 25 9.44000 33 61 246 0.96000 76 3.04000
5045000 25 9.12000 30 64 223 0.84000 77 3.08000
5050000 26 8.69231 31 60 221 0.76923 78 3.00000
5055000 23 9.21739 31 65 220 0.91304 78 3.34783
5060000 24 8.87500 32 69 229 0.87500 80 3.25000
5065000 25 8.68000 31 76 223 0.88000 76 3.04000
5070000 33 7.30303 35 65 237 0.66667 78 2.36364
5075000 22 10.27273 32 77 236 0.77273 77 3.50000
5080000 25 9.44000 31 62 235 0.84000 76 3.04000
5085000 25 9.36000 28 58 240 0.88000 75 3.00000
5090000 21 10.66667 36 68 227 0.85714 78 3.61905
5095000 22 10.72727 41 68 234 0.81818 78 3.45455
5100000 25 9.44000 42 73 242 0.84000 79 3.08000
5105000 24 9.54167 37 68 230 0.95833 80 3.33333
5110000 26 8.69231 34 65 228 0.88462 78 3.00000
5115000 30 7.66667 31 60 223 0.83333 77 2.53333
5120000 32 7.31250 29 64 233 0.87500 79 2.43750
5125000 28 8.10714 29 72 232 0.92857 77 2.71429
5130000 26 9.00000 28 72 244 0.80769 77 2.96154
5135000 25 9.24000 28 76 230 0.84000 77 3.08000
5140000 27 8.96296 39 70 243 0.81481 77 2.81481
5145000 27 9.00000 39 69 246 0.81481 78 2.81481
5150000 24 9.87500 38 67 242 0.83333 78 3.16667
5155000 24 10.20833 35 67 251 0.87500 76 3.16667
5160000 23 10.52174 39 71 259 0.95652 80 3.39130
5165000 25 10.08000 47 66 255 0.88000 78 3.12000
5170000 24 10.41667 46 69 268 0.91667 80 3.29167
5175000 27 9.66667 43 63 262 0.81481 78 2.81481
5180000 21 11.71429 41 74 269 0.90476 80 3.71429
5185000 23 10.56522 41 73 257 0.86957 81 3.39130
5190000 25 9.44000 42 74 254 0.88000 80 3.12000
5195000 26 9.38462 39 63 251 0.84615 79 3.00000
5200000 28 8.67857 36 53 236 0.82143 79 2.82143
5205000 21 10.90476 37 75 241 0.90476 78 3.71429
5210000 25 9.12000 39 69 244 0.92000 79 3.12000
5215000 21 10.28571 39 87 235 0.95238 78 3.66667
5220000 25 9.16000 40 73 240 0.84000 78 3.12000
5225000 27 8.29630 37 66 217 0.77778 77 2.85185
5230000 26 8.88462 36 65 234 0.84615 80 3.00000
5235000 24 9.20833 34 66 227 0.83333 80 3.29167
5240000 25 9.28000 33 56 238 0.84000 79 3.12000
5245000 27 8.59259 34 54 231 0.81481 79 2.92593
5250000 26 8.46154 32 59 219 0.84615 78 3.00000
5255000 26 8.15385 30 71 216 0.76923 77 2.96154
5260000 27 7.85185 26 66 213 0.77778 78 2.88889
5265000 26 8.23077 26 68 210 0.80769 75 2.88462
5270000 25 8.48000 26 72 226 0.88000 75 3.00000
5275000 26 8.34615 27 76 223 0.73077 74 2.84615
5280000 28 8.10714 26 79 229 0.75000 72 2.57143
5285000 25 9.12000 28 75 226 0.80000 76 3.04000
5290000 26 9.11538 26 73 234 0.92308 77 2.96154
5295000 28 8.75000 25 67 239 0.78571 77 2.67857
5300000 25 9.44000 25 80 250 0.88000 79 2.92000
5305000 26 9.34615 26 74 241 0.96154 78 2.92308
5310000 27 9.18519 24 76 242 0.85185 77 2.81481
5315000 27 9.29630 27 71 236 0.85185 78 2.88889
5320000 29 9.20690 27 68 253 0.86207 78 2.65517
5325000 29 9.03448 25 71 249 0.86207 78 2.65517
5330000 26 9.80769 28 72 245 0.76923 77 2.92308
5335000 25 10.04000 29 62 237 0.76000 77 3.04000
5340000 25 9.96000 29 63 241 0.80000 78 3.04000
5345000 22 11.13636 28 66 244 0.81818 78 3.45455
5350000 23 10.26087 27 67 235 0.82609 77 3.30435
5355000 23 10.34783 23 60 233 0.91304 78 3.34783
5360000 23 10.04348 22 79 233 0.82609 78 3.34783
5365000 24 9.66667 20 80 233 0.83333 78 3.20833
5370000 27 9.03704 23 71 238 0.85185 78 2.88889
5375000 27 9.03704 22 76 238 0.77778 77 2.81481
5380000 23 10.34783 27 74 235 0.91304 80 3.30435
5385000 23 9.95652 29 73 226 0.82609 80 3.39130
5390000 24 9.62500 29 72 236 0.91667 80 3.25000
5395000 20 10.95000 27 78 226 0.85000 78 3.80000
5400000 23 10.00000 35 72 233 0.73913 76 3.30435
5405000 19 11.84211 37 79 230 0.78947 77 4.00000
5410000 20 11.80000 37 66 234 0.85000 80 3.85000
5415000 24 9.75000 34 72 236 0.83333 80 3.29167
5420000 22 10.00000 32 79 235 0.81818 79 3.50000
5425000 21 10.71429 36 78 241 0.95238 78 3.66667
5430000 26 9.03846 34 75 243 0.92308 79 3.03846
5435000 29 8.48276 34 69 250 0.79310 80 2.75862
5440000 26 8.92308 26 72 227 0.76923 80 3.07692
5445000 25 9.68000 28 79 244 0.88000 80 3.20000
5450000 29 8.58621 25 67 240 0.79310 79 2.72414
5455000 25 9.60000 29 71 233 0.84000 81 3.20000
5460000 31 8.16129 32 72 234 0.87097 80 2.58065
5465000 28 8.78571 37 76 243 0.85714 79 2.82143
5470000 23 10.30435 39 73 231 0.78261 79 3.43478
5475000 25 9.36000 41 68 228 0.80000 77 3.08000
5480000 23 10.04348 41 72 225 0.82609 77 3.34783
5485000 25 8.96000 38 82 222 0.72000 78 3.08000
5490000 27 8.70370 40 80 245 0.70370 76 2.81481
5495000 24 9.37500 49 82 229 0.70833 78 3.20833
5500000 28 8.32143 46 67 232 0.64286 77 2.75000
5505000 23 10.13043 50 74 238 0.82609 79 3.39130
5510000 23 9.43478 38 86 231 0.78261 79 3.43478
5515000 26 8.42308 38 84 227 0.76923 78 3.00000
5520000 25 9.28000 36 73 246 0.80000 79 3.16000
5525000 22 10.04545 33 90 240 0.81818 79 3.59091
5530000 23 9.34783 31 100 230 0.82609 79 3.39130
5535000 29 7.58621 31 89 223 0.62069 80 2.72414
5540000 29 8.00000 31 85 239 0.75862 80 2.75862
5545000 26 9.11538 31 76 246 0.84615 80 3.07692
5550000 25 9.56000 32 73 252 0.84000 80 3.16000
5555000 23 9.95652 32 72 238 0.73913 80 3.43478
5560000 21 11.33333 36 74 254 0.80952 79 3.76190
5565000 21 11.09524 36 70 237 0.85714 80 3.76190
5570000 23 10.08696 34 75 237 0.91304 79 3.39130
5575000 22 10.59091 34 76 236 0.81818 78 3.54545
5580000 19 12.15789 35 77 247 0.94737 77 4.05263
5585000 23 10.65217 32 64 253 0.86957 78 3.39130
5590000 24 9.79167 33 66 232 0.83333 77 3.20833
5595000 23 9.73913 37 69 223 0.78261 77 3.34783
5600000 27 8.59259 36 64 226 0.77778 79 2.88889
5605000 24 9.37500 35 79 238 0.83333 77 3.20833
5610000 22 10.18182 36 85 238 0.90909 78 3.50000
5615000 22 9.90909 33 95 236 0.86364 77 3.50000
5620000 26 8.84615 32 81 234 0.80769 78 2.92308
5625000 29 8.20690 28 73 240 0.75862 80 2.75862
5630000 30 8.03333 32 71 244 0.73333 79 2.63333
5635000 23 9.95652 36 79 235 0.82609 79 3.43478
5640000 22 10.40909 44 78 242 0.86364 79 3.59091
5645000 27 8.70370 42 62 239 0.74074 79 2.92593
5650000 23 9.69565 39 77 240 0.86957 79 3.43478
5655000 23 9.52174 36 85 234 0.91304 79 3.39130
5660000 21 10.47619 38 84 238 0.90476 78 3.66667
5665000 23 10.39130 42 77 256 0.86957 80 3.43478
5670000 21 11.23810 40 75 243 0.76190 80 3.80952
5675000 21 11.61905 42 62 246 0.85714 79 3.76190
5680000 21 11.57143 42 71 246 0.85714 78 3.71429
5685000 24 10.20833 39 67 245 0.83333 80 3.29167
5690000 23 10.34783 36 68 238 0.82609 79 3.39130
5695000 22 11.00000 37 73 256 0.81818 79 3.54545
5700000 20 11.75000 34 71 256 0.90000 80 3.95000
5705000 20 11.95000 35 67 250 0.90000 79 3.95000
5710000 23 10.60870 33 65 250 0.86957 79 3.43478
5715000 24 10.20833 33 67 257 0.83333 79 3.29167
5720000 22 11.13636 34 72 258 0.86364 80 3.63636
5725000 21 11.00000 34 76 243 0.95238 79 3.76190
5730000 23 10.26087 33 72 245 0.91304 79 3.43478
5735000 23 10.60870 32 64 255 0.86957 79 3.43478
5740000 22 11.04545 29 66 240 0.86364 80 3.63636
5745000 21 11.23810 36 72 241 0.90476 80 3.80952
5750000 24 10.20833 37 62 239 0.79167 80 3.33333
5755000 22 10.95455 35 69 239 0.81818 81 3.68182
5760000 25 9.88000 35 58 243 0.80000 81 3.24000
5765000 23 10.34783 36 66 243 0.91304 81 3.52174
5770000 22 10.63636 36 70 243 0.90909 81 3.68182
5775000 22 10.63636 35 71 234 0.81818 80 3.63636
5780000 23 10.34783 37 71 238 0.73913 80 3.47826
5785000 20 11.10000 42 84 238 0.90000 80 4.00000
5790000 26 9.15385 41 61 233 0.80769 79 3.03846
5795000 28 8.32143 41 70 239 0.89286 79 2.82143
5800000 28 8.25000 44 73 230 0.67857 80 2.85714
5805000 21 10.33333 40 76 227 0.90476 80 3.80952
5810000 17 12.58824 39 82 230 0.94118 80 4.64706
5815000 26 8.92308 40 66 243 0.76923 79 3.03846
5820000 20 10.70000 38 88 226 0.90000 77 3.85000
5825000 28 8.17857 38 72 227 0.67857 78 2.78571
5830000 24 8.91667 35 84 231 0.83333 77 3.20833
5835000 26 8.69231 34 79 236 0.84615 80 3.03846
5840000 25 9.00000 36 81 227 0.80000 80 3.12000
5845000 25 9.48000 34 82 248 0.80000 79 3.12000
5850000 27 8.85185 32 72 248 0.81481 80 2.88889
5855000 26 8.96154 30 74 239 0.76923 78 2.96154
5860000 28 8.53571 28 66 236 0.82143 79 2.78571
5865000 29 8.24138 24 64 230 0.72414 76 2.62069
5870000 25 9.08000 21 74 237 0.92000 78 3.04000
5875000 23 10.21739 23 63 239 0.86957 77 3.26087
5880000 24 9.87500 26 64 246 0.87500 76 3.08333
5885000 25 9.40000 24 63 241 0.88000 78 3.04000
5890000 21 10.57143 23 74 234 1.00000 76 3.57143
5895000 24 9.04167 22 59 223 0.91667 77 3.20833
5900000 27 8.00000 21 59 225 0.88889 75 2.77778
5905000 23 9.21739 21 73 235 0.95652 77 3.26087
5910000 28 7.71429 20 65 219 0.82143 77 2.75000
5915000 24 8.95833 20 75 230 0.95833 77 3.16667
5920000 28 7.78571 21 74 231 0.89286 80 2.78571
5925000 28 7.89286 22 68 234 0.89286 79 2.78571
5930000 27 8.18519 21 77 234 0.88889 79 2.85185
5935000 30 7.40000 23 70 226 0.73333 79 2.60000
5940000 25 8.52000 23 76 225 0.88000 80 3.08000
5945000 27 8.11111 23 71 226 0.88889 79 2.92593
5950000 25 8.40000 25 77 229 0.84000 78 3.08000
5955000 23 9.04348 28 82 231 0.95652 78 3.34783
5960000 24 8.50000 29 80 223 0.87500 78 3.20833
5965000 30 7.26667 28 70 226 0.76667 79 2.60000
5970000 29 7.34483 27 62 213 0.82759 79 2.68966
5975000 26 8.00000 29 66 214 0.80769 78 2.92308
5980000 28 7.28571 28 74 218 0.89286 79 2.75000
5985000 28 7.32143 30 76 219 0.82143 81 2.78571
5990000 26 8.23077 29 75 229 0.88462 80 3.00000
5995000 27 8.29630 30 67 227 0.77778 79 2.85185
6000000 25 8.84000 28 74 235 0.88000 80 3.08000
6005000 24 9.16667 29 73 225 0.83333 79 3.20833
6010000 22 9.68182 29 71 224 0.95455 79 3.54545
6015000 25 8.64000 30 63 226 0.96000 79 3.16000
6020000 26 8.23077 27 61 219 0.88462 80 3.03846
6025000 26 8.07692 31 64 221 0.88462 80 3.03846
6030000 27 8.07407 30 57 219 0.92593 80 2.92593
6035000 26 8.34615 34 65 221 0.92308 79 3.03846
6040000 25 8.64000 33 70 232 0.88000 78 3.08000
6045000 24 9.37500 35 67 233 0.87500 76 3.16667
6050000 25 8.48000 33 75 226 0.88000 77 3.04000
6055000 25 8.24000 30 78 222 0.88000 77 3.04000
6060000 25 7.96000 31 78 208 0.84000 77 3.00000
6065000 27 7.77778 28 74 222 0.77778 78 2.85185
6070000 27 7.96296 28 76 226 0.85185 79 2.85185
6075000 29 7.79310 26 75 227 0.75862 80 2.62069
6080000 29 7.62069 27 85 227 0.82759 79 2.65517
6085000 26 8.38462 29 84 233 0.84615 77 2.92308
6090000 27 8.07407 30 75 235 0.85185 77 2.77778
6095000 28 7.78571 29 79 218 0.82143 77 2.75000
6100000 27 7.92593 25 90 224 0.85185 78 2.81481
6105000 28 7.64286 27 90 222 0.78571 77 2.71429
6110000 25 8.52000 28 79 218 0.84000 77 3.04000
6115000 30 7.76667 28 73 228 0.76667 78 2.60000
6120000 30 7.63333 25 83 230 0.70000 78 2.56667
6125000 25 9.40000 27 74 245 0.80000 77 3.08000
6130000 24 9.62500 28 75 235 0.87500 75 3.12500
6135000 23 10.04348 28 74 231 0.91304 80 3.43478
6140000 26 8.76923 23 67 235 0.80769 79 2.96154
6145000 25 9.12000 25 78 237 0.88000 78 3.08000
6150000 25 8.88000 27 75 224 0.80000 78 3.08000
6155000 29 7.86207 28 78 218 0.68966 78 2.65517
6160000 27 8.40741 27 74 217 0.74074 79 2.85185
6165000 28 8.03571 26 71 220 0.75000 78 2.71429
6170000 26 8.46154 28 72 217 0.80769 78 2.92308
6175000 21 9.52381 26 80 208 0.85714 79 3.61905
6180000 24 8.66667 27 75 215 0.83333 78 3.16667
6185000 20 9.85000 26 80 206 0.95000 79 3.85000
6190000 25 8.04000 26 72 208 0.80000 79 3.16000
6195000 22 9.63636 27 79 226 0.95455 78 3.54545
6200000 22 9.68182 28 90 224 0.86364 78 3.54545
6205000 24 9.41667 31 83 230 0.79167 79 3.29167
6210000 27 8.55556 31 67 231 0.74074 79 2.92593
6215000 20 10.00000 30 79 225 0.95000 78 3.90000
6220000 24 8.66667 28 68 210 0.87500 80 3.25000
6225000 24 8.83333 29 82 217 0.87500 77 3.16667
6230000 25 8.72000 30 80 229 0.92000 78 3.08000
6235000 32 7.34375 30 69 234 0.81250 79 2.40625
6240000 28 8.53571 29 72 237 0.78571 79 2.75000
6245000 25 9.48000 32 82 242 0.84000 79 3.16000
6250000 24 9.95833 32 70 247 0.87500 80 3.29167
6255000 23 10.13043 32 74 240 0.95652 79 3.34783
6260000 26 9.26923 31 67 245 0.92308 79 3.03846
6265000 26 8.73077 28 70 236 0.92308 80 3.03846
6270000 27 8.40741 30 64 223 0.81481 79 2.92593
6275000 22 10.09091 27 76 233 0.95455 79 3.59091
6280000 22 9.86364 27 72 213 0.86364 79 3.54545
6285000 28 8.25000 29 66 223 0.82143 79 2.82143
6290000 25 8.40000 27 81 230 0.96000 78 3.08000
6295000 27 7.70370 27 84 215 0.81481 79 2.85185
6300000 24 8.75000 26 77 213 1.00000 79 3.25000
6305000 28 8.39286 28 60 220 0.85714 80 2.78571
6310000 26 9.19231 26 56 228 0.92308 78 3.00000
6315000 30 8.43333 28 51 231 0.80000 78 2.56667
6320000 28 8.60714 26 69 238 0.89286 78 2.75000
6325000 27 9.22222 25 59 237 0.85185 79 2.88889
6330000 28 9.10714 28 57 236 0.85714 76 2.67857
6335000 21 10.76190 29 78 236 0.95238 76 3.52381
6340000 30 7.96667 27 57 234 0.83333 75 2.46667
6345000 23 9.69565 27 71 231 0.86957 76 3.21739
6350000 26 9.07692 28 68 233 0.84615 74 2.84615
6355000 27 8.70370 27 68 235 0.88889 76 2.62963
6360000 28 8.53571 25 68 232 0.75000 75 2.67857
6365000 29 8.34483 23 71 241 0.82759 77 2.62069
6370000 25 9.08000 26 80 222 0.80000 78 3.08000
6375000 29 7.96552 25 76 225 0.72414 78 2.68966
6380000 24 9.00000 25 86 221 0.91667 79 3.25000
6385000 33 7.15152 23 71 214 0.66667 78 2.33333
6390000 29 8.27586 27 80 214 0.79310 77 2.62069
6395000 31 7.93548 28 75 230 0.77419 78 2.45161
6400000 25 9.72000 27 72 229 0.84000 78 3.04000
6405000 25 9.76000 28 70 235 0.84000 76 3.00000
6410000 25 9.52000 28 74 233 0.88000 76 3.00000
6415000 20 11.80000 35 82 239 0.90000 78 3.80000
6420000 25 10.04000 34 74 245 0.80000 79 3.08000
6425000 26 9.80769 35 67 255 0.84615 78 2.96154
6430000 27 9.66667 31 61 246 0.77778 78 2.88889
6435000 24 10.33333 27 70 230 0.79167 77 3.20833
6440000 27 9.48148 29 70 241 0.74074 79 2.88889
6445000 25 9.88000 28 83 244 0.84000 78 3.08000
6450000 25 10.36000 29 65 244 0.76000 78 3.08000
6455000 27 9.55556 28 68 249 0.77778 79 2.85185
6460000 24 10.79167 29 63 250 0.87500 78 3.25000
6465000 24 10.45833 32 68 239 0.83333 80 3.29167
6470000 23 10.47826 28 65 234 0.91304 80 3.47826
6475000 26 9.30769 27 65 242 0.76923 78 3.00000
6480000 21 11.04762 29 58 235 0.90476 77 3.66667
6485000 22 9.81818 25 62 216 0.81818 78 3.50000
6490000 25 9.00000 27 63 219 0.76000 77 3.08000
6495000 27 8.25926 24 66 216 0.77778 79 2.92593
6500000 20 10.20000 24 73 209 0.85000 77 3.85000
6505000 24 9.04167 26 64 219 0.83333 77 3.16667
6510000 22 9.77273 25 69 220 0.90909 78 3.45455
6515000 23 9.30435 22 65 222 0.82609 76 3.26087
6520000 22 9.59091 31 75 227 0.86364 76 3.45455
6525000 25 8.56000 27 67 226 0.84000 78 3.04000
6530000 23 9.26087 25 72 221 0.86957 78 3.30435
6535000 27 8.40741 25 68 219 0.74074 79 2.85185
6540000 24 9.29167 26 72 229 0.79167 78 3.20833
6545000 23 10.04348 27 70 226 0.73913 78 3.39130
6550000 21 10.90476 27 78 227 0.80952 77 3.61905
6555000 18 12.38889 29 82 233 0.88889 79 4.33333
6560000 17 12.70588 30 88 227 0.94118 78 4.58824
6565000 23 9.73913 31 74 225 0.78261 80 3.39130
6570000 23 9.47826 28 78 214 0.69565 79 3.43478
6575000 23 9.26087 28 80 209 0.78261 79 3.43478
6580000 24 8.79167 28 83 224 0.75000 77 3.20833
6585000 24 8.75000 27 81 220 0.87500 77 3.16667
6590000 26 8.69231 27 76 214 0.73077 79 3.00000
6595000 24 9.16667 23 75 226 0.87500 79 3.29167
6600000 27 8.37037 22 78 220 0.74074 81 2.96296
6605000 28 8.03571 24 82 217 0.64286 81 2.82143
6610000 23 9.21739 26 101 222 0.86957 80 3.43478
6615000 24 8.75000 24 87 208 0.75000 80 3.29167
6620000 29 7.58621 25 87 207 0.72414 78 2.65517
6625000 26 8.34615 24 91 215 0.69231 78 2.96154
6630000 22 9.63636 25 94 221 0.72727 77 3.45455
6635000 22 9.40909 23 89 206 0.77273 75 3.40909
6640000 19 11.15789 23 94 219 0.84211 76 3.94737
6645000 23 10.00000 26 86 235 0.82609 76 3.21739
6650000 25 9.32000 26 84 233 0.72000 76 3.00000
6655000 27 8.66667 24 71 237 0.85185 75 2.77778
6660000 23 9.86957 25 81 234 0.78261 78 3.34783
6665000 24 9.20833 26 78 227 0.75000 78 3.20833
6670000 25 9.16000 26 74 239 0.88000 79 3.16000
6675000 24 9.20833 24 84 228 0.83333 78 3.25000
6680000 26 8.57692 23 76 222 0.76923 79 3.03846
6685000 28 7.92857 23 84 230 0.78571 78 2.78571
6690000 28 7.89286 23 82 219 0.89286 79 2.82143
6695000 32 7.03125 21 71 207 0.68750 79 2.46875
6700000 26 8.38462 24 87 210 0.80769 78 2.96154
6705000 27 8.59259 22 73 214 0.77778 78 2.88889
6710000 23 9.56522 22 88 218 0.86957 77 3.34783
6715000 27 8.40741 22 75 225 0.77778 78 2.85185
6720000 26 8.69231 31 83 225 0.88462 80 3.00000
6725000 27 8.48148 33 77 221 0.66667 78 2.85185
6730000 22 10.95455 37 75 242 0.86364 79 3.54545
6735000 24 10.45833 34 58 252 0.79167 79 3.25000
6740000 21 11.38095 36 75 246 0.80952 79 3.71429
6745000 24 10.00000 33 60 239 0.79167 79 3.29167
6750000 21 10.90476 29 76 244 0.90476 78 3.71429
6755000 23 9.82609 27 80 226 0.78261 78 3.39130
6760000 23 10.17391 30 64 228 0.78261 79 3.43478
6765000 25 9.64000 29 62 247 0.88000 79 3.12000
6770000 22 10.86364 29 75 240 0.81818 79 3.54545
6775000 21 11.90476 35 70 252 0.90476 79 3.76190
6780000 20 12.00000 30 75 250 0.90000 80 4.00000
6785000 20 12.05000 28 68 251 0.90000 80 4.00000
6790000 23 10.65217 28 70 253 0.86957 81 3.52174
6795000 21 11.33333 30 68 257 0.95238 80 3.80952
6800000 21 11.28571 29 68 249 0.90476 81 3.80952
6805000 21 11.14286 29 67 248 0.90476 81 3.80952
6810000 19 12.42105 27 70 241 1.00000 81 4.26316
6815000 28 8.78571 32 57 247 0.75000 81 2.89286
6820000 21 10.71429 32 73 231 0.85714 81 3.85714
6825000 21 10.80952 30 67 231 0.80952 81 3.85714
6830000 20 11.30000 34 72 228 0.80000 79 3.95000
6835000 19 11.63158 34 73 242 0.94737 80 4.21053
6840000 24 9.12500 32 56 217 0.87500 79 3.29167
6845000 21 10.23810 31 55 219 0.90476 78 3.71429
6850000 21 10.38095 31 71 218 0.76190 78 3.71429
6855000 21 10.42857 33 75 227 0.80952 79 3.76190
6860000 21 10.42857 36 71 225 0.90476 80 3.80952
6865000 26 9.19231 36 61 240 0.73077 80 3.07692
6870000 24 9.62500 32 76 241 0.83333 80 3.29167
6875000 24 9.62500 33 74 240 0.87500 79 3.29167
6880000 23 9.52174 33 80 237 0.91304 78 3.34783
6885000 27 8.29630 31 70 233 0.77778 77 2.85185
6890000 28 8.35714 29 74 239 0.85714 78 2.78571
6895000 27 8.70370 33 68 246 0.88889 79 2.92593
6900000 22 10.04545 34 85 235 0.95455 79 3.59091
6905000 28 8.57143 33 71 238 0.71429 78 2.78571
6910000 25 9.36000 33 77 246 0.88000 80 3.16000
6915000 24 9.58333 35 74 232 0.91667 79 3.29167
6920000 26 8.76923 31 74 237 0.76923 78 3.00000
6925000 28 8.57143 31 66 249 0.82143 80 2.82143
6930000 28 8.28571 28 64 234 0.78571 78 2.75000
6935000 25 8.80000 28 73 232 0.88000 77 3.08000
6940000 31 7.22581 29 67 218 0.70968 78 2.51613
6945000 28 7.57143 29 83 226 0.89286 79 2.82143
6950000 28 7.50000 25 90 220 0.82143 79 2.82143
6955000 34 6.52941 26 78 233 0.88235 79 2.29412
6960000 30 7.56667 26 87 236 0.80000 79 2.60000
6965000 29 8.31034 29 77 249 0.79310 81 2.72414
6970000 29 8.62069 40 71 256 0.86207 81 2.75862
6975000 26 9.34615 41 73 247 0.88462 79 3.03846
6980000 23 9.86957 37 88 242 0.95652 81 3.52174
6985000 29 8.06897 36 76 234 0.75862 81 2.79310
6990000 28 8.17857 35 73 225 0.78571 80 2.85714
6995000 27 8.48148 38 77 239 0.85185 81 2.92593
7000000 24 9.75000 39 78 247 0.87500 80 3.33333
7005000 26 8.76923 35 68 228 0.80769 79 3.03846
7010000 30 8.03333 36 70 236 0.66667 80 2.66667
7015000 27 8.59259 36 73 234 0.77778 81 2.96296
7020000 24 8.83333 33 81 229 0.83333 81 3.33333
7025000 27 8.37037 32 64 219 0.66667 80 2.92593
7030000 24 9.00000 28 65 221 0.75000 79 3.29167
7035000 23 8.78261 28 86 216 0.91304 78 3.39130
7040000 22 9.40909 24 76 203 0.81818 77 3.50000
7045000 22 9.27273 21 80 205 0.86364 78 3.50000
7050000 27 8.03704 22 64 212 0.74074 78 2.88889
7055000 24 8.54167 20 72 201 0.83333 78 3.25000
7060000 24 8.54167 22 74 203 0.79167 79 3.20833
7065000 25 8.48000 27 68 202 0.76000 77 3.08000
7070000 27 8.11111 27 68 209 0.70370 77 2.85185
7075000 30 7.70000 24 72 217 0.70000 78 2.56667
7080000 27 8.51852 24 71 225 0.88889 78 2.85185
7085000 27 9.14815 27 70 241 0.77778 78 2.88889
7090000 26 9.61538 36 69 248 0.84615 79 3.03846
7095000 27 9.14815 37 78 238 0.81481 77 2.85185
7100000 23 10.69565 36 75 237 0.91304 78 3.39130
7105000 28 9.17857 35 67 234 0.82143 78 2.75000
7110000 24 10.12500 33 79 241 0.87500 80 3.29167
7115000 29 8.65517 33 68 243 0.82759 79 2.72414
7120000 24 10.33333 36 76 246 0.87500 80 3.29167
7125000 22 11.22727 37 84 243 0.81818 78 3.54545
7130000 22 11.09091 35 84 236 0.95455 78 3.54545
7135000 25 9.48000 31 81 226 0.84000 79 3.08000
7140000 27 8.70370 27 71 216 0.77778 77 2.85185
7145000 26 8.73077 27 71 218 0.84615 76 2.92308
7150000 24 9.33333 26 76 227 0.87500 76 3.16667
7155000 30 7.56667 24 71 216 0.76667 75 2.50000
7160000 27 8.33333 24 68 220 0.81481 76 2.81481
7165000 29 7.96552 23 61 217 0.89655 78 2.65517
7170000 24 9.20833 25 63 216 0.83333 78 3.25000
7175000 24 8.91667 25 66 204 0.83333 79 3.29167
7180000 25 8.96000 26 64 213 0.80000 80 3.12000
7185000 22 10.22727 26 70 227 0.90909 80 3.63636
7190000 21 10.57143 26 67 217 0.90476 79 3.76190
7195000 25 9.28000 25 66 216 0.76000 78 3.12000
7200000 23 9.95652 24 71 212 0.78261 80 3.39130
7205000 24 9.45833 22 84 232 0.91667 80 3.29167
7210000 25 9.24000 24 73 216 0.80000 79 3.12000
7215000 25 8.92000 24 77 219 0.84000 78 3.12000
7220000 27 8.40741 22 70 218 0.81481 78 2.88889
7225000 24 9.83333 31 69 237 0.83333 77 3.20833
7230000 26 9.30769 28 61 229 0.76923 78 2.96154
7235000 27 9.03704 30 64 237 0.81481 79 2.88889
7240000 27 9.11111 28 59 243 0.85185 79 2.88889
7245000 26 9.15385 27 67 223 0.73077 78 2.96154
7250000 28 8.78571 27 78 251 0.78571 79 2.75000
7255000 30 8.70000 28 70 248 0.80000 79 2.56667
7260000 29 9.00000 27 72 246 0.79310 78 2.65517
7265000 26 10.03846 30 73 256 0.80769 78 3.00000
7270000 22 12.04545 30 75 261 0.95455 78 3.54545
7275000 26 10.38462 31 65 252 0.80769 79 3.00000
7280000 26 10.30769 32 66 253 0.88462 79 3.03846
7285000 27 9.96296 34 59 255 0.88889 79 2.92593
7290000 23 11.13043 30 69 246 0.86957 78 3.39130
7295000 24 10.83333 30 63 252 0.87500 77 3.20833
7300000 26 9.84615 29 64 241 0.80769 78 2.92308
7305000 27 9.25926 28 60 231 0.77778 76 2.81481
7310000 24 9.45833 25 76 220 0.79167 77 3.20833
7315000 21 10.66667 27 79 226 0.90476 79 3.71429
7320000 24 9.70833 26 66 228 0.91667 78 3.25000
7325000 25 9.08000 28 67 220 0.76000 79 3.16000
7330000 26 9.03846 26 68 232 0.84615 78 3.00000
7335000 24 9.70833 24 69 232 0.83333 76 3.16667
7340000 26 9.07692 26 71 232 0.84615 76 2.88462
7345000 27 9.11111 27 70 240 0.74074 75 2.77778
7350000 25 9.32000 24 75 233 0.84000 76 3.00000
7355000 22 10.22727 28 77 233 0.90909 77 3.40909
7360000 22 10.31818 27 73 232 0.90909 76 3.40909
7365000 25 9.64000 28 52 225 0.84000 74 2.96000
7370000 23 10.13043 24 46 235 0.91304 75 3.26087
7375000 24 9.62500 24 49 224 0.87500 76 3.12500
7380000 24 9.50000 22 48 220 0.87500 78 3.20833
7385000 22 9.86364 22 61 211 0.81818 76 3.36364
7390000 21 10.42857 22 56 227 0.80952 78 3.57143
7395000 16 13.18750 25 69 231 1.00000 78 4.75000
7400000 23 9.73913 25 50 223 0.82609 76 3.21739
7405000 18 11.94444 27 73 221 0.88889 76 4.11111
7410000 19 11.78947 29 73 224 0.89474 75 3.89474
7415000 23 9.95652 29 66 229 0.86957 78 3.26087
7420000 24 9.62500 29 75 234 0.79167 77 3.12500
7425000 24 9.95833 30 68 242 0.83333 76 3.08333
7430000 23 10.26087 28 73 239 0.86957 76 3.21739
7435000 23 9.73913 26 76 224 0.73913 78 3.21739
7440000 24 9.33333 25 66 228 0.83333 78 3.12500
7445000 24 9.04167 25 68 216 0.83333 75 3.04167
7450000 24 8.87500 30 68 224 0.79167 75 3.00000
7455000 21 9.95238 28 75 227 0.95238 74 3.47619
7460000 27 8.11111 30 70 218 0.85185 78 2.81481
7465000 28 7.78571 28 81 232 0.89286 77 2.71429
7470000 24 8.95833 28 80 224 0.83333 78 3.12500
7475000 26 8.11538 25 84 217 0.84615 77 2.88462
7480000 26 8.42308 27 84 227 0.80769 76 2.84615
7485000 25 9.04000 28 75 228 0.84000 74 2.92000
7490000 28 8.17857 28 73 239 0.78571 77 2.71429
7495000 27 9.22222 29 64 248 0.85185 78 2.77778
7500000 27 9.33333 27 61 243 0.81481 78 2.77778
7505000 26 9.61538 26 57 246 0.88462 78 2.88462
7510000 21 11.42857 28 66 249 0.90476 78 3.52381
7515000 23 10.04348 23 62 230 0.86957 80 3.34783
7520000 19 11.68421 24 70 239 0.94737 76 4.00000
7525000 27 8.59259 25 55 219 0.77778 76 2.81481
7530000 23 9.52174 22 64 219 0.82609 77 3.34783
7535000 22 9.90909 24 62 222 0.86364 76 3.45455
7540000 22 9.68182 25 65 223 0.81818 76 3.40909
7545000 23 9.13043 26 66 214 0.86957 76 3.26087
7550000 23 9.30435 25 60 223 0.86957 77 3.30435
7555000 22 9.50000 25 66 218 0.90909 78 3.50000
7560000 25 8.76000 26 76 227 0.84000 79 3.08000
7565000 20 10.25000 28 73 219 0.95000 80 3.75000
7570000 22 9.13636 31 78 216 0.86364 77 3.45455
7575000 27 7.96296 31 68 216 0.81481 79 2.85185
7580000 22 8.77273 25 81 211 0.90909 78 3.50000
7585000 27 7.70370 26 74 215 0.85185 80 2.85185
7590000 30 7.23333 23 72 220 0.73333 80 2.66667
7595000 28 7.82143 24 81 232 0.89286 80 2.82143
7600000 27 7.70370 26 81 220 0.92593 80 2.92593
7605000 31 6.80645 23 69 211 0.74194 78 2.51613
7610000 30 7.33333 23 62 224 0.76667 77 2.56667
7615000 25 8.48000 22 71 224 0.84000 77 3.04000
7620000 27 7.96296 23 64 216 0.77778 76 2.74074
7625000 24 8.83333 21 71 210 0.87500 76 3.16667
7630000 29 8.24138 30 65 232 0.75862 75 2.58621
7635000 24 9.12500 27 71 235 0.87500 76 3.16667
7640000 26 8.50000 25 69 226 0.76923 77 2.96154
7645000 25 8.92000 25 72 229 0.84000 77 3.04000
7650000 24 8.91667 24 68 229 1.00000 77 3.16667
7655000 25 8.56000 22 68 215 0.88000 77 3.08000
7660000 32 7.43750 23 66 228 0.71875 79 2.40625
7665000 29 8.06897 22 79 238 0.82759 79 2.68966
7670000 29 8.24138 25 71 245 0.89655 80 2.75862
7675000 28 8.46429 24 76 244 0.85714 80 2.82143
7680000 31 8.06452 24 71 243 0.77419 80 2.54839
7685000 28 8.82143 23 69 238 0.82143 80 2.85714
7690000 30 8.30000 22 70 247 0.76667 81 2.66667
7695000 27 8.96296 23 76 254 0.85185 81 3.00000
7700000 25 9.60000 22 74 245 0.92000 81 3.24000
7705000 28 8.57143 22 71 242 0.85714 81 2.89286
7710000 31 7.93548 20 64 243 0.77419 79 2.54839
7715000 29 8.34483 21 69 235 0.75862 80 2.68966
7720000 32 8.21875 23 54 261 0.81250 80 2.46875
7725000 27 9.37037 22 69 249 0.81481 81 2.96296
7730000 31 8.22581 21 70 254 0.74194 79 2.54839
7735000 28 8.85714 20 73 250 0.78571 79 2.82143
7740000 27 8.85185 19 79 244 0.85185 80 2.92593
7745000 25 9.12000 21 85 240 0.84000 79 3.12000
7750000 23 10.13043 28 79 241 0.86957 79 3.39130
7755000 27 9.51852 26 70 255 0.85185 78 2.85185
7760000 22 11.13636 25 70 248 0.86364 79 3.45455
7765000 22 10.86364 23 75 238 0.90909 78 3.50000
7770000 25 9.08000 23 78 237 0.92000 77 3.04000
7775000 23 9.69565 24 81 232 0.95652 78 3.39130
7780000 28 8.78571 28 67 248 0.89286 78 2.78571
7785000 26 9.26923 27 65 233 0.84615 78 3.00000
7790000 23 10.00000 27 75 227 0.86957 79 3.43478
7795000 25 9.56000 26 70 234 0.80000 79 3.16000
7800000 26 9.80769 26 47 249 0.92308 77 2.96154
7805000 21 11.47619 26 54 252 0.95238 77 3.61905
7810000 20 11.20000 23 67 239 0.95000 78 3.90000
7815000 21 10.57143 21 61 230 0.90476 78 3.71429
7820000 23 9.91304 22 59 228 0.82609 80 3.43478
7825000 22 9.36364 21 71 220 0.95455 78 3.54545
7830000 22 9.77273 21 64 213 0.86364 79 3.59091
7835000 20 10.30000 23 69 203 0.90000 76 3.80000
7840000 24 9.41667 22 61 219 0.87500 77 3.20833
7845000 24 9.41667 21 65 220 0.79167 77 3.16667
7850000 23 9.86957 21 77 223 0.86957 75 3.26087
7855000 25 8.80000 20 76 217 0.72000 75 3.00000
7860000 19 10.84211 19 85 217 1.00000 75 3.94737
7865000 26 8.53846 20 75 224 0.84615 77 2.84615
7870000 25 9.32000 22 67 232 0.88000 73 2.92000
7875000 23 10.17391 24 65 239 0.73913 74 3.17391
7880000 22 10.50000 23 70 242 0.95455 75 3.36364
7885000 24 9.58333 21 66 230 0.83333 75 3.08333
7890000 23 9.69565 21 65 218 0.69565 75 3.26087
7895000 26 8.65385 20 68 222 0.73077 76 2.88462
7900000 23 9.13043 22 85 226 0.82609 77 3.30435
7905000 26 8.50000 23 80 223 0.76923 79 2.92308
7910000 23 9.39130 23 82 229 0.82609 78 3.30435
7915000 23 9.73913 26 68 228 0.86957 78 3.39130
7920000 23 10.00000 26 72 242 0.78261 78 3.39130
7925000 23 10.21739 30 71 241 0.82609 78 3.39130
7930000 23 10.34783 30 70 248 0.78261 80 3.47826
7935000 23 10.34783 31 75 240 0.73913 80 3.47826
7940000 22 10.59091 34 84 250 0.81818 80 3.63636
7945000 22 10.09091 32 82 229 0.81818 76 3.40909
7950000 29 8.17241 31 69 245 0.75862 77 2.58621
7955000 22 10.40909 32 71 236 0.72727 78 3.50000
7960000 24 9.50000 30 77 238 0.83333 79 3.20833
7965000 25 9.28000 30 81 236 0.80000 77 3.08000
7970000 27 8.74074 28 82 234 0.66667 76 2.81481
7975000 26 8.50000 26 82 225 0.80769 77 2.96154
7980000 25 9.32000 32 78 222 0.76000 77 3.08000
7985000 25 9.32000 30 73 234 0.80000 79 3.12000
7990000 23 10.30435 27 73 234 0.82609 79 3.43478
7995000 24 10.08333 27 73 246 0.87500 79 3.29167
8000000 23 10.56522 26 67 237 0.82609 77 3.30435
8005000 23 10.26087 26 69 240 0.78261 79 3.30435
8010000 26 8.88462 27 68 228 0.80769 76 2.92308
8015000 25 9.48000 26 68 231 0.76000 76 3.04000
8020000 23 9.91304 27 79 228 0.78261 77 3.30435
8025000 25 8.84000 28 83 225 0.84000 76 3.00000
8030000 24 9.29167 31 84 226 0.79167 76 3.12500
8035000 26 8.30769 30 87 214 0.76923 76 2.88462
8040000 34 6.73529 29 75 209 0.64706 77 2.26471
8045000 29 7.82759 28 78 219 0.82759 79 2.65517
8050000 29 7.82759 24 71 217 0.75862 78 2.68966
8055000 25 8.88000 24 70 228 0.84000 78 3.12000
8060000 28 8.10714 25 66 227 0.89286 79 2.78571
8065000 28 7.96429 23 64 224 0.82143 80 2.82143
8070000 26 8.53846 26 75 220 0.92308 79 3.00000
8075000 23 9.65217 31 71 224 0.82609 80 3.39130
8080000 23 9.43478 31 72 222 0.86957 78 3.34783
8085000 24 9.25000 30 64 227 0.83333 78 3.20833
8090000 21 10.09524 32 63 229 0.85714 78 3.61905
8095000 22 9.95455 33 60 231 0.90909 78 3.50000
8100000 22 10.22727 32 58 243 0.86364 78 3.54545
8105000 22 10.31818 33 65 240 0.90909 77 3.50000
8110000 23 9.69565 32 70 236 0.78261 78 3.34783
8115000 27 8.51852 32 68 233 0.88889 78 2.85185
8120000 26 8.76923 33 64 229 0.84615 78 3.00000
8125000 27 8.62963 32 71 237 0.77778 79 2.92593
8130000 28 8.14286 32 68 234 0.67857 81 2.85714
8135000 26 8.34615 31 76 223 0.80769 80 3.03846
8140000 23 9.13043 28 79 219 0.86957 80 3.43478
8145000 27 7.88889 30 82 219 0.77778 80 2.92593
8150000 26 8.00000 29 88 213 0.69231 80 3.03846
8155000 24 8.58333 28 76 214 0.83333 79 3.20833
8160000 22 9.13636 24 81 217 0.90909 76 3.40909
8165000 24 8.91667 24 82 237 0.95833 78 3.16667
8170000 27 8.07407 24 77 234 0.85185 77 2.85185
8175000 22 9.18182 24 83 218 0.86364 78 3.54545
8180000 23 8.82609 22 79 227 0.95652 78 3.39130
8185000 22 9.09091 21 79 217 0.86364 77 3.50000
8190000 23 9.13043 22 83 224 0.91304 78 3.34783
8195000 23 9.30435 23 76 229 0.82609 79 3.34783
8200000 24 9.25000 24 70 221 0.79167 79 3.25000
8205000 22 10.00000 26 75 234 0.86364 77 3.50000
8210000 27 8.37037 26 68 234 0.77778 78 2.81481
8215000 23 9.69565 26 68 226 0.91304 79 3.34783
8220000 22 10.68182 28 52 244 0.86364 79 3.54545
8225000 20 11.35000 28 61 245 0.95000 78 3.80000
8230000 20 11.10000 29 61 233 0.90000 79 3.80000
8235000 20 11.10000 28 73 240 0.90000 79 3.80000
8240000 20 11.00000 28 73 235 0.95000 77 3.80000
8245000 24 9.70833 30 66 239 0.83333 78 3.16667
8250000 25 9.28000 30 67 238 0.84000 78 3.12000
8255000 20 11.05000 30 70 230 0.95000 78 3.85000
8260000 24 9.50000 31 57 224 0.83333 78 3.20833
8265000 23 9.30435 30 70 216 0.78261 79 3.34783
8270000 23 9.26087 30 69 220 0.95652 81 3.47826
8275000 26 8.46154 29 61 219 0.80769 79 3.00000
8280000 21 10.42857 27 71 225 0.90476 80 3.71429
8285000 26 8.92308 30 74 227 0.76923 79 3.00000
8290000 24 10.00000 29 64 243 0.87500 80 3.33333
8295000 24 9.87500 32 64 230 0.87500 80 3.29167
8300000 22 10.95455 31 61 241 0.86364 78 3.54545
8305000 23 10.08696 32 57 227 0.86957 80 3.43478
8310000 26 9.15385 30 54 243 0.88462 78 3.00000
8315000 20 11.25000 30 64 235 0.90000 78 3.90000
8320000 24 9.83333 28 54 239 0.87500 78 3.25000
8325000 17 12.11765 26 67 226 1.00000 78 4.58824
8330000 21 10.33333 30 62 230 0.90476 76 3.61905
8335000 21 10.33333 29 68 227 0.90476 79 3.66667
8340000 21 9.76190 29 70 222 0.90476 79 3.61905
8345000 23 9.60870 30 53 220 0.82609 79 3.39130
8350000 25 9.04000 27 46 219 0.88000 79 3.12000
8355000 20 10.65000 26 59 230 0.95000 79 3.90000
8360000 22 9.72727 23 62 218 0.72727 78 3.50000
8365000 21 10.33333 24 62 233 0.95238 79 3.71429
8370000 21 10.42857 23 55 226 0.90476 79 3.76190
8375000 21 10.71429 24 52 229 0.85714 79 3.76190
8380000 23 10.13043 26 54 240 0.86957 80 3.47826
8385000 23 9.69565 27 63 232 0.78261 80 3.47826
8390000 20 10.80000 28 67 227 0.85000 80 4.00000
8395000 21 10.23810 26 65 218 0.80952 80 3.80952
8400000 27 8.33333 24 62 226 0.81481 79 2.92593
8405000 27 8.18519 33 77 227 0.70370 80 2.96296
8410000 26 8.73077 32 75 228 0.80769 80 3.07692
8415000 29 8.00000 34 79 243 0.82759 80 2.75862
8420000 25 8.96000 35 88 240 0.88000 79 3.16000
8425000 23 9.82609 32 82 239 0.91304 80 3.47826
8430000 26 8.53846 30 70 229 0.76923 80 3.07692
8435000 25 8.96000 35 62 223 0.84000 79 3.16000
8440000 24 9.08333 33 70 222 0.79167 78 3.25000
8445000 23 9.60870 31 73 232 0.86957 79 3.39130
8450000 24 9.00000 31 80 227 0.83333 81 3.25000
8455000 21 9.52381 29 82 218 1.00000 81 3.80952
8460000 28 7.28571 25 67 208 0.67857 81 2.85714
8465000 22 9.00000 28 76 214 0.90909 80 3.63636
8470000 27 8.25926 28 66 225 0.70370 79 2.92593
8475000 27 8.55556 29 70 234 0.74074 80 2.92593
8480000 32 7.28125 26 63 227 0.75000 81 2.53125
8485000 26 8.61538 26 84 240 0.88462 80 3.07692
8490000 32 7.12500 25 72 232 0.78125 78 2.43750
8495000 27 8.18519 23 83 226 0.77778 76 2.77778
8500000 30 7.60000 25 84 231 0.90000 76 2.53333
8505000 23 9.39130 24 87 239 0.95652 76 3.30435
8510000 28 8.21429 22 72 230 0.71429 76 2.67857
8515000 25 9.32000 24 70 238 0.88000 77 3.00000
8520000 26 8.92308 25 72 244 0.84615 75 2.88462
8525000 24 9.83333 31 76 249 0.87500 75 3.12500
8530000 26 9.11538 30 69 242 0.84615 76 2.88462
8535000 24 9.33333 26 79 235 0.95833 78 3.12500
8540000 25 8.96000 23 79 240 0.92000 78 3.00000
8545000 29 8.27586 24 63 231 0.75862 78 2.68966
8550000 26 8.88462 24 73 243 0.88462 79 3.00000
8555000 28 8.17857 21 67 226 0.78571 78 2.75000
8560000 29 8.27586 23 69 233 0.82759 78 2.68966
8565000 29 8.31034 26 66 240 0.79310 78 2.65517
8570000 29 8.17241 28 66 244 0.86207 79 2.72414
8575000 27 8.85185 33 60 230 0.81481 79 2.92593
8580000 27 8.77778 31 69 247 0.85185 78 2.85185
8585000 30 8.23333 26 63 241 0.76667 76 2.53333
8590000 28 9.07143 29 63 255 0.82143 79 2.75000
8595000 25 9.92000 33 63 247 0.88000 78 3.08000
8600000 25 9.88000 32 69 243 0.84000 77 3.04000
8605000 28 9.35714 30 55 244 0.82143 77 2.75000
8610000 27 9.55556 29 62 242 0.81481 76 2.81481
8615000 27 9.74074 27 54 248 0.77778 76 2.77778
8620000 26 9.96154 25 58 244 0.84615 76 2.88462
8625000 25 9.68000 25 65 255 0.96000 77 3.00000
8630000 26 9.07692 27 62 230 0.80769 75 2.88462
8635000 24 9.83333 27 60 233 0.87500 75 3.08333
8640000 24 10.04167 29 57 232 0.87500 75 3.08333
8645000 22 10.59091 31 63 240 0.95455 77 3.45455
8650000 25 9.56000 30 56 231 0.88000 77 3.08000
8655000 29 8.41379 33 51 234 0.75862 79 2.72414
8660000 26 9.38462 32 53 239 0.84615 79 3.03846
8665000 23 10.04348 32 59 235 0.91304 80 3.39130
8670000 23 9.60870 31 66 222 0.91304 77 3.34783
8675000 27 8.37037 29 58 218 0.85185 78 2.88889
8680000 27 8.55556 29 57 217 0.77778 76 2.77778
8685000 26 9.11538 28 57 225 0.80769 75 2.84615
8690000 24 10.12500 33 51 234 0.87500 77 3.16667
8695000 22 10.59091 28 60 226 0.86364 76 3.45455
8700000 25 9.44000 24 65 221 0.88000 76 3.04000
8705000 27 9.03704 24 57 227 0.74074 79 2.88889
8710000 24 9.16667 20 70 212 0.87500 77 3.20833
8715000 25 9.24000 19 61 224 0.92000 77 3.08000
8720000 24 9.00000 19 65 217 0.79167 77 3.16667
8725000 25 8.72000 19 71 219 0.76000 78 3.04000
8730000 26 8.00000 18 86 216 0.88462 79 3.00000
8735000 28 7.82143 20 85 225 0.78571 79 2.78571
8740000 28 8.00000 18 78 216 0.71429 78 2.78571
8745000 24 9.00000 20 94 221 0.79167 78 3.25000
8750000 26 8.84615 22 77 211 0.76923 79 3.00000
8755000 25 9.48000 29 76 220 0.92000 78 3.12000
8760000 27 8.77778 27 72 222 0.74074 80 2.85185
8765000 28 8.35714 24 67 223 0.85714 78 2.75000
8770000 30 8.13333 22 67 224 0.80000 76 2.50000
8775000 24 10.29167 22 68 235 0.79167 77 3.12500
8780000 27 9.22222 21 55 236 0.85185 75 2.77778
8785000 27 9.25926 27 57 236 0.88889 76 2.81481
8790000 24 10.20833 31 59 238 0.87500 79 3.20833
8795000 24 9.91667 26 66 229 0.75000 78 3.12500
8800000 24 9.83333 27 72 233 0.87500 79 3.16667
8805000 23 9.95652 31 78 225 0.69565 75 3.26087
8810000 27 9.14815 29 62 238 0.81481 78 2.88889
8815000 27 8.96296 26 63 230 0.77778 78 2.88889
8820000 24 9.91667 29 59 227 0.83333 78 3.25000
8825000 22 10.59091 31 68 230 0.90909 76 3.40909
8830000 23 9.95652 28 70 230 0.91304 77 3.34783
8835000 23 9.91304 29 73 223 0.82609 77 3.34783
8840000 23 9.78261 25 69 221 0.82609 78 3.30435
8845000 21 10.28571 31 80 222 0.80952 78 3.61905
8850000 22 10.09091 31 84 226 0.72727 77 3.50000
8855000 25 9.12000 28 68 217 0.76000 78 3.12000
8860000 25 9.40000 29 62 215 0.76000 79 3.16000
8865000 26 9.15385 27 62 219 0.65385 77 2.96154
8870000 23 9.91304 26 77 227 0.78261 77 3.30435
8875000 20 10.95000 26 82 218 0.90000 76 3.80000
8880000 21 10.80952 24 75 207 0.76190 75 3.57143
8885000 23 10.60870 24 63 226 0.86957 75 3.26087
8890000 24 9.83333 25 69 208 0.79167 74 3.08333
8895000 24 9.70833 24 69 206 0.83333 73 3.00000
8900000 25 9.44000 26 66 216 0.84000 74 2.92000
8905000 24 9.66667 24 57 212 0.83333 75 3.08333
8910000 20 10.95000 25 64 205 0.85000 76 3.75000
8915000 24 9.29167 22 56 208 0.70833 77 3.16667
8920000 22 10.00000 26 60 212 0.90909 76 3.40909
8925000 22 9.90909 25 56 220 1.00000 78 3.50000
8930000 28 8.10714 24 57 207 0.78571 77 2.75000
8935000 28 8.35714 26 62 223 0.82143 77 2.75000
8940000 24 9.83333 26 61 234 0.83333 78 3.25000
8945000 27 8.96296 26 63 244 0.74074 79 2.88889
8950000 23 9.91304 28 74 233 0.91304 80 3.47826
8955000 27 9.11111 26 65 239 0.77778 79 2.92593
8960000 29 8.37931 25 59 232 0.75862 79 2.72414
8965000 23 10.47826 26 63 238 0.86957 79 3.43478
8970000 24 9.83333 28 66 230 0.79167 79 3.29167
8975000 20 11.05000 28 70 229 0.90000 78 3.80000
8980000 24 9.70833 28 75 230 0.75000 77 3.20833
8985000 22 9.86364 28 77 216 0.81818 77 3.50000
8990000 26 8.88462 27 55 207 0.65385 77 2.96154
8995000 24 9.50000 26 59 221 0.79167 77 3.16667
9000000 24 9.33333 25 62 217 0.75000 77 3.20833
9005000 28 7.96429 22 64 207 0.75000 77 2.75000
9010000 27 7.96296 24 71 212 0.74074 78 2.81481
9015000 24 9.00000 24 62 215 0.87500 79 3.25000
9020000 27 8.44444 24 64 222 0.81481 80 2.92593
9025000 26 8.69231 24 72 210 0.76923 78 3.00000
9030000 24 8.83333 24 75 212 0.83333 77 3.20833
9035000 28 8.14286 26 77 224 0.85714 78 2.78571
9040000 22 9.90909 28 89 227 0.86364 77 3.45455
9045000 26 8.61538 26 79 236 0.84615 78 3.00000
9050000 26 8.88462 30 73 219 0.80769 77 2.96154
9055000 25 9.20000 29 74 231 0.80000 78 3.12000
9060000 24 9.66667 29 68 241 0.91667 80 3.29167
9065000 21 10.90476 32 81 240 0.95238 78 3.71429
9070000 26 8.92308 30 80 240 0.76923 79 3.00000
9075000 25 8.96000 29 86 222 0.76000 78 3.12000
9080000 28 8.25000 33 77 230 0.75000 78 2.78571
9085000 23 9.73913 31 86 226 0.82609 79 3.39130
9090000 23 9.82609 33 91 227 0.78261 78 3.39130
9095000 25 9.32000 33 85 240 0.76000 80 3.20000
9100000 21 11.14286 33 84 240 0.95238 78 3.71429
9105000 29 8.62069 34 71 246 0.72414 79 2.68966
9110000 26 9.50000 31 64 241 0.80769 80 3.07692
9115000 21 10.42857 26 71 229 0.90476 79 3.76190
9120000 26 8.65385 25 67 223 0.88462 81 3.07692
9125000 25 9.36000 26 64 224 0.76000 80 3.16000
9130000 25 9.16000 33 65 234 0.88000 80 3.16000
9135000 21 10.71429 31 71 225 0.90476 78 3.71429
9140000 23 9.95652 29 63 234 0.82609 77 3.34783
9145000 24 9.54167 30 68 224 0.79167 76 3.16667
9150000 26 8.92308 31 64 235 0.84615 76 2.92308
9155000 24 9.12500 28 74 227 0.87500 76 3.16667
9160000 26 8.46154 27 74 219 0.80769 77 2.92308
9165000 24 8.79167 29 85 218 0.87500 78 3.12500
9170000 28 7.75000 28 83 228 0.89286 78 2.75000
9175000 26 8.34615 33 82 219 0.80769 76 2.88462
9180000 31 8.06452 36 63 233 0.64516 76 2.41935
9185000 23 10.13043 38 85 239 0.91304 77 3.26087
9190000 26 9.50000 40 69 244 0.76923 77 2.92308
9195000 27 9.25926 36 65 240 0.70370 77 2.81481
9200000 26 9.30769 35 76 242 0.80769 77 2.96154
9205000 26 9.42308 33 67 251 0.92308 77 2.96154
9210000 24 9.83333 29 69 237 0.91667 77 3.16667
9215000 24 9.62500 27 60 228 0.79167 76 3.16667
9220000 25 9.56000 27 56 227 0.76000 76 3.04000
9225000 22 10.72727 28 58 238 0.90909 78 3.50000
9230000 25 9.20000 26 58 224 0.88000 76 3.04000
9235000 26 9.03846 25 57 220 0.84615 78 2.96154
9240000 25 9.08000 25 62 218 0.84000 78 3.04000
9245000 22 10.00000 25 67 219 0.90909 78 3.40909
9250000 25 9.08000 26 63 230 0.84000 78 3.00000
9255000 26 8.92308 32 57 227 0.88462 77 2.88462
9260000 31 7.83871 31 53 223 0.77419 78 2.41935
9265000 26 9.03846 31 65 230 0.84615 80 2.96154
9270000 25 9.28000 32 65 228 0.92000 78 3.00000
9275000 26 9.15385 32 67 235 0.92308 78 2.96154
9280000 25 9.28000 33 70 238 0.88000 78 3.08000
9285000 24 9.91667 30 66 238 0.91667 76 3.16667
9290000 23 10.30435 33 62 233 0.91304 79 3.39130
9295000 28 9.07143 34 55 245 0.85714 78 2.75000
9300000 25 10.12000 35 67 254 0.80000 79 3.12000
9305000 25 10.20000 35 72 257 0.84000 78 3.08000
9310000 27 9.62963 36 67 255 0.77778 79 2.88889
9315000 23 10.78261 34 70 259 0.91304 79 3.43478
9320000 22 11.13636 33 63 249 1.00000 79 3.54545
9325000 23 10.78261 33 64 244 0.82609 80 3.39130
9330000 21 11.38095 32 69 230 0.95238 80 3.76190
9335000 25 9.56000 29 67 235 0.84000 79 3.16000
9340000 26 8.96154 27 55 225 0.80769 78 3.00000
9345000 28 8.07143 27 59 213 0.78571 79 2.82143
9350000 23 9.04348 27 77 214 0.82609 77 3.34783
9355000 25 8.88000 27 68 226 0.96000 78 3.08000
9360000 22 10.18182 26 71 224 0.81818 80 3.59091
9365000 26 9.26923 28 55 224 0.69231 80 3.03846
9370000 23 9.86957 35 66 218 0.78261 80 3.47826
9375000 21 10.66667 36 81 224 0.90476 80 3.80952
9380000 21 10.57143 32 82 223 0.80952 80 3.80952
9385000 23 10.43478 33 68 230 0.86957 80 3.47826
9390000 18 12.27778 30 79 220 0.88889 79 4.38889
9395000 23 9.52174 29 68 221 0.78261 79 3.43478
9400000 18 11.50000 27 75 216 1.00000 79 4.38889
9405000 21 9.95238 29 73 213 0.80952 79 3.76190
9410000 19 10.89474 28 76 221 0.89474 78 4.10526
9415000 24 8.66667 25 75 209 0.70833 78 3.25000
9420000 20 9.70000 24 93 206 0.85000 80 3.95000
9425000 18 10.83333 28 86 209 0.83333 77 4.22222
9430000 27 7.88889 28 71 211 0.74074 79 2.92593
9435000 22 9.45455 30 78 216 0.77273 77 3.45455
9440000 23 9.56522 28 63 218 0.78261 78 3.34783
9445000 24 9.04167 29 72 231 0.79167 79 3.25000
9450000 27 8.03704 24 73 222 0.81481 79 2.88889
9455000 24 8.87500 24 69 218 0.91667 80 3.20833
9460000 27 8.03704 24 68 215 0.85185 79 2.88889
9465000 29 7.72414 25 66 219 0.65517 78 2.65517
9470000 24 9.00000 24 71 221 0.75000 78 3.20833
9475000 23 9.00000 22 84 225 0.91304 78 3.34783
9480000 22 9.86364 24 78 230 0.81818 78 3.50000
9485000 26 8.69231 24 66 230 0.84615 79 3.03846
9490000 24 8.95833 26 80 220 0.79167 78 3.25000
9495000 27 8.14815 30 76 221 0.74074 79 2.88889
9500000 22 9.72727 27 70 221 0.90909 80 3.59091
9505000 25 8.56000 22 63 209 0.76000 80 3.16000
9510000 25 8.64000 24 66 210 0.88000 77 3.08000
9515000 25 8.92000 25 73 222 0.92000 78 3.08000
9520000 27 8.29630 27 71 224 0.70370 78 2.81481
9525000 24 9.29167 27 70 219 0.79167 78 3.20833
9530000 28 7.96429 26 73 222 0.75000 77 2.75000
9535000 23 9.39130 25 85 220 0.78261 78 3.34783
9540000 35 6.94286 26 65 221 0.74286 79 2.20000
9545000 31 7.67742 27 79 235 0.83871 77 2.45161
9550000 28 8.60714 29 71 228 0.71429 78 2.78571
9555000 26 9.19231 28 77 238 0.84615 78 3.00000
9560000 26 9.38462 31 70 232 0.76923 78 3.00000
9565000 30 8.46667 31 64 240 0.76667 77 2.56667
9570000 25 10.36000 32 56 235 0.80000 77 3.08000
9575000 25 10.12000 34 58 239 0.88000 77 3.08000
9580000 24 9.75000 30 73 224 0.83333 76 3.16667
9585000 24 9.25000 27 68 226 0.83333 77 3.16667
9590000 25 8.92000 27 79 216 0.80000 78 3.08000
9595000 27 8.29630 25 74 227 0.81481 79 2.88889
9600000 28 8.21429 24 67 225 0.75000 80 2.82143
9605000 27 8.44444 22 71 224 0.85185 80 2.96296
9610000 26 8.80769 23 74 229 0.84615 81 3.07692
9615000 29 8.17241 24 75 235 0.72414 77 2.65517
9620000 32 7.56250 25 73 238 0.81250 79 2.46875
9625000 26 8.73077 27 85 234 0.84615 79 3.00000
9630000 34 7.29412 25 72 243 0.76471 80 2.29412
9635000 24 10.54167 29 68 249 0.79167 80 3.25000
9640000 26 9.80769 29 67 256 0.76923 79 3.00000
9645000 28 9.07143 31 61 253 0.78571 78 2.78571
9650000 24 10.16667 31 71 255 0.79167 79 3.20833
9655000 27 9.11111 31 72 249 0.77778 79 2.88889
9660000 23 10.52174 32 83 250 0.86957 78 3.39130
9665000 24 10.41667 33 67 258 0.79167 80 3.29167
9670000 23 10.73913 29 62 253 0.78261 78 3.34783
9675000 23 10.21739 26 78 254 0.82609 80 3.30435
9680000 26 9.23077 27 71 254 0.88462 80 3.00000
9685000 21 11.28571 26 74 247 0.90476 80 3.71429
9690000 19 12.15789 28 66 250 0.94737 79 4.10526
9695000 21 10.76190 29 70 240 0.85714 80 3.71429
9700000 25 9.28000 26 78 240 0.88000 81 3.16000
9705000 27 8.48148 29 70 237 0.85185 81 3.00000
9710000 28 8.32143 27 64 231 0.71429 80 2.85714
9715000 25 8.84000 25 67 223 0.84000 78 3.12000
9720000 24 9.12500 27 75 231 0.83333 79 3.25000
9725000 21 10.42857 28 72 227 0.85714 79 3.71429
9730000 22 9.90909 24 73 223 0.81818 78 3.54545
9735000 21 10.47619 23 65 229 0.90476 79 3.71429
9740000 22 9.72727 23 60 228 0.95455 78 3.54545
9745000 23 9.39130 28 66 219 0.86957 79 3.43478
9750000 26 8.15385 23 72 222 0.84615 79 3.00000
9755000 21 10.04762 26 70 226 0.76190 78 3.66667
9760000 20 10.25000 26 85 221 0.85000 78 3.90000
9765000 27 7.88889 27 71 209 0.70370 78 2.88889
9770000 23 8.95652 26 78 210 0.73913 79 3.39130
9775000 22 9.36364 27 70 218 0.72727 78 3.50000
9780000 22 9.27273 22 71 206 0.81818 76 3.45455
9785000 20 10.20000 21 72 219 0.90000 78 3.80000
9790000 22 8.95455 19 72 203 0.81818 78 3.50000
9795000 23 8.52174 20 78 206 0.82609 78 3.39130
9800000 25 7.96000 19 74 195 0.76000 79 3.16000
9805000 26 7.26923 17 91 194 0.69231 79 3.00000
9810000 25 7.84000 18 88 202 0.76000 80 3.12000
9815000 21 9.23810 30 96 212 0.85714 80 3.71429
9820000 24 8.33333 31 97 207 0.79167 80 3.25000
9825000 26 8.07692 30 83 213 0.84615 79 3.00000
9830000 18 11.33333 32 84 220 0.94444 78 4.27778
9835000 21 10.14286 30 80 227 0.85714 78 3.71429
9840000 21 10.66667 31 70 225 1.00000 78 3.71429
9845000 23 9.86957 27 72 229 0.73913 77 3.34783
9850000 22 9.90909 28 82 236 0.90909 78 3.50000
9855000 23 9.34783 29 85 227 0.78261 79 3.39130
9860000 26 8.88462 28 63 221 0.76923 78 3.00000
9865000 20 11.45000 28 65 230 0.80000 79 3.85000
9870000 22 10.36364 26 70 223 0.72727 78 3.50000
9875000 23 9.86957 25 80 227 0.69565 78 3.34783
9880000 24 10.00000 26 74 249 0.83333 78 3.25000
9885000 23 10.13043 24 81 232 0.82609 80 3.47826
9890000 26 8.96154 26 68 235 0.76923 78 2.96154
9895000 22 10.27273 25 76 231 0.86364 77 3.45455
9900000 25 8.96000 24 67 224 0.84000 78 3.08000
9905000 25 8.96000 27 65 227 0.76000 78 3.08000
9910000 25 9.44000 26 66 238 0.80000 79 3.08000
9915000 25 9.36000 27 70 240 0.88000 80 3.20000
9920000 22 10.77273 27 70 253 0.86364 79 3.59091
9925000 22 10.63636 27 65 248 0.95455 79 3.59091
9930000 26 8.96154 27 56 229 0.76923 76 2.92308
9935000 24 9.33333 25 59 224 0.79167 76 3.16667
9940000 23 9.73913 24 59 228 0.91304 75 3.26087
9945000 20 10.45000 25 78 223 1.00000 75 3.75000
9950000 25 8.64000 23 73 218 0.80000 75 3.00000
9955000 26 8.92308 26 74 232 0.73077 74 2.84615
9960000 22 10.22727 24 81 238 0.90909 75 3.36364
9965000 25 9.32000 25 70 232 0.84000 76 2.96000
9970000 25 9.32000 26 73 236 0.84000 76 3.00000
9975000 23 10.13043 25 63 233 0.91304 76 3.21739
9980000 22 10.45455 24 68 234 0.86364 77 3.45455
9985000 23 9.82609 24 76 243 0.86957 79 3.30435
9990000 20 11.85000 24 68 244 0.90000 79 3.85000
9995000 23 10.47826 28 69 240 0.82609 79 3.39130
10000000 21 10.66667 28 77 230 0.80952 79 3.76190
