# V2 - Timesteps, No of clusters, Mean cluster size, Size largest cluster, No clusters size 1, No prot bound to poly, Fraction clusters bound to poly, No type 2 poly bound to prot, Mean no type 2 in prot cluster
0 10 2.10000 3 184 75 0.40000 3 0.00000
5000 36 2.61111 7 115 112 0.66667 39 0.61111
10000 34 3.47059 9 98 134 0.85294 58 1.02941
15000 34 3.85294 11 84 155 0.94118 58 1.17647
20000 38 3.94737 11 68 160 0.89474 59 1.15789
25000 37 4.48649 11 56 180 0.91892 62 1.40541
30000 34 4.73529 12 52 173 0.94118 63 1.58824
35000 33 4.81818 12 51 167 0.90909 66 1.72727
40000 32 4.84375 12 48 167 0.96875 64 1.78125
45000 34 4.55882 12 47 165 0.94118 65 1.73529
50000 34 4.61765 11 52 170 0.97059 72 1.76471
55000 33 4.69697 12 45 173 0.93939 68 1.84848
60000 32 5.03125 12 46 181 0.93750 72 2.00000
65000 33 5.15152 12 39 181 1.00000 71 1.96970
70000 32 5.21875 10 52 189 0.96875 71 2.00000
75000 33 5.09091 11 59 181 0.96970 73 2.00000
80000 33 5.45455 14 51 189 0.93939 73 2.15152
85000 33 5.51515 12 40 187 0.93939 74 2.12121
90000 30 6.00000 12 41 193 1.00000 71 2.26667
95000 33 5.63636 13 31 197 0.93939 71 2.06061
100000 29 5.79310 13 28 176 0.96552 72 2.31034
105000 27 5.96296 15 33 178 1.00000 73 2.55556
110000 29 5.55172 15 38 177 1.00000 71 2.41379
115000 30 5.30000 13 38 171 1.00000 74 2.40000
120000 29 5.31034 12 45 167 0.96552 74 2.37931
125000 30 5.23333 12 51 173 0.96667 76 2.36667
130000 32 5.06250 12 43 172 0.96875 75 2.12500
135000 29 5.34483 11 54 170 0.86207 78 2.27586
140000 29 5.58621 12 48 176 0.93103 74 2.41379
145000 29 5.62069 11 44 169 0.89655 73 2.24138
150000 28 5.85714 11 43 172 0.92857 71 2.39286
155000 28 5.60714 10 46 169 0.92857 71 2.21429
160000 27 5.70370 10 47 172 0.96296 72 2.33333
165000 27 6.03704 11 50 179 0.96296 72 2.29630
170000 26 5.96154 11 45 166 0.96154 68 2.38462
175000 27 5.70370 9 43 168 0.92593 72 2.29630
180000 29 5.37931 10 39 169 0.93103 70 2.13793
185000 30 5.06667 10 47 169 1.00000 72 2.13333
190000 32 4.75000 11 45 167 1.00000 72 2.09375
195000 29 5.27586 14 38 161 0.96552 71 2.37931
200000 25 5.80000 14 51 168 1.00000 72 2.56000
205000 28 5.60714 19 46 173 1.00000 70 2.46429
210000 26 5.96154 19 47 169 1.00000 72 2.50000
215000 32 5.15625 18 52 171 0.90625 73 2.15625
220000 24 6.62500 21 55 177 0.95833 74 2.87500
225000 23 6.91304 21 55 180 0.95652 69 2.95652
230000 26 6.26923 23 52 174 0.92308 70 2.61538
235000 25 6.52000 23 56 180 0.96000 72 2.80000
240000 26 6.69231 22 48 177 0.84615 72 2.73077
245000 22 7.40909 21 46 183 1.00000 73 3.22727
250000 22 6.90909 19 53 162 1.00000 72 3.09091
255000 24 6.58333 21 51 170 0.95833 74 3.00000
260000 23 6.86957 18 39 172 1.00000 75 3.08696
265000 21 7.09524 17 46 163 1.00000 77 3.42857
270000 21 7.19048 17 51 169 0.95238 76 3.42857
275000 19 7.31579 15 62 164 1.00000 77 3.84211
280000 23 6.26087 13 54 152 0.86957 76 3.21739
285000 22 6.72727 13 54 166 0.95455 77 3.40909
290000 23 6.73913 13 53 173 0.95652 76 3.17391
295000 23 6.47826 13 49 161 0.91304 76 3.21739
300000 23 6.26087 13 60 159 1.00000 75 3.21739
305000 27 5.29630 13 55 155 0.96296 78 2.74074
310000 26 5.34615 12 55 156 0.96154 79 2.76923
315000 24 6.08333 15 53 152 0.91667 77 3.00000
320000 29 5.31034 12 42 161 0.93103 75 2.51724
325000 24 5.91667 13 46 159 0.95833 76 3.08333
330000 26 5.38462 12 45 150 0.96154 75 2.80769
335000 23 5.30435 10 52 143 1.00000 75 3.13043
340000 26 5.00000 10 43 138 0.88462 74 2.73077
345000 26 4.57692 9 51 124 0.88462 70 2.65385
350000 26 4.65385 10 49 128 0.96154 71 2.65385
355000 26 5.00000 10 47 147 0.92308 75 2.69231
360000 24 5.54167 11 58 151 0.91667 75 2.95833
365000 26 5.50000 12 59 161 0.96154 76 2.80769
370000 24 6.25000 13 55 167 0.95833 76 3.08333
375000 29 5.41379 12 46 163 0.96552 72 2.44828
380000 27 5.74074 14 60 162 0.88889 75 2.70370
385000 26 6.26923 14 54 173 1.00000 72 2.69231
390000 29 5.75862 14 50 176 0.89655 72 2.44828
395000 28 5.78571 13 49 180 1.00000 71 2.46429
400000 29 5.55172 12 43 160 0.93103 74 2.44828
405000 24 6.33333 20 49 169 0.95833 76 2.95833
410000 26 5.96154 18 54 176 1.00000 75 2.73077
415000 29 5.93103 26 43 177 0.89655 75 2.51724
420000 27 6.11111 25 44 173 0.96296 73 2.62963
425000 25 6.40000 23 53 180 0.96000 74 2.80000
430000 26 6.34615 23 57 181 0.92308 73 2.57692
435000 27 5.88889 23 55 167 0.92593 74 2.51852
440000 27 6.03704 23 50 169 0.92593 74 2.66667
445000 29 5.79310 25 41 175 0.89655 74 2.48276
450000 29 5.68966 24 39 169 0.93103 74 2.41379
455000 26 6.53846 24 38 177 0.96154 73 2.69231
460000 25 6.72000 26 45 176 0.88000 75 2.72000
465000 25 6.20000 23 53 167 0.92000 75 2.72000
470000 24 6.58333 21 60 175 0.95833 73 2.70833
475000 24 6.58333 17 52 167 0.95833 70 2.79167
480000 25 6.20000 16 52 171 0.92000 73 2.76000
485000 22 6.63636 16 45 159 1.00000 75 3.04545
490000 21 6.61905 18 47 156 1.00000 72 3.14286
495000 24 5.83333 17 45 158 1.00000 72 2.87500
500000 24 5.33333 17 62 145 0.95833 72 2.83333
505000 26 5.23077 16 67 160 1.00000 74 2.61538
510000 29 5.13793 18 57 154 0.89655 74 2.37931
515000 28 5.42857 18 51 158 0.85714 65 2.28571
520000 22 6.36364 17 63 155 0.95455 69 2.95455
525000 26 5.73077 15 48 156 0.88462 68 2.42308
530000 25 5.72000 15 58 158 0.88000 69 2.60000
535000 22 6.04545 15 59 147 0.95455 69 2.90909
540000 24 5.79167 12 47 158 0.95833 71 2.70833
545000 27 5.14815 13 45 148 0.92593 69 2.44444
550000 25 5.56000 14 42 156 1.00000 74 2.80000
555000 24 6.00000 14 47 162 1.00000 72 2.95833
560000 25 5.72000 15 60 158 0.96000 74 2.80000
565000 27 5.25926 16 53 154 0.96296 76 2.74074
570000 25 5.48000 17 57 156 0.96000 76 2.80000
575000 26 5.69231 20 62 167 0.96154 78 2.84615
580000 30 5.23333 18 47 165 0.96667 76 2.43333
585000 25 6.24000 18 55 168 0.84000 74 2.64000
590000 25 6.12000 18 51 164 0.88000 72 2.64000
595000 22 6.77273 19 54 170 1.00000 70 3.04545
600000 23 6.39130 21 54 153 0.82609 70 2.78261
605000 21 7.09524 21 48 162 0.90476 71 3.00000
610000 22 6.68182 20 54 167 1.00000 69 3.00000
615000 24 6.04167 19 53 161 0.95833 71 2.79167
620000 28 5.46429 21 48 160 0.89286 70 2.39286
625000 28 5.42857 20 48 167 0.96429 69 2.35714
630000 25 5.88000 20 54 162 0.92000 69 2.64000
635000 26 5.69231 21 44 160 0.88462 70 2.53846
640000 23 6.08696 21 47 155 0.95652 72 2.95652
645000 26 5.53846 19 44 157 0.88462 72 2.65385
650000 25 5.76000 19 48 152 0.88000 71 2.80000
655000 20 6.80000 22 58 155 1.00000 69 3.40000
660000 23 6.26087 21 52 157 0.95652 73 3.00000
665000 24 6.25000 19 46 161 0.91667 74 2.95833
670000 24 6.33333 20 40 155 0.87500 69 2.87500
675000 22 6.45455 19 40 147 0.90909 71 3.04545
680000 26 5.73077 18 42 158 0.96154 70 2.65385
685000 25 5.84000 15 44 154 0.92000 70 2.64000
690000 22 6.45455 17 48 154 1.00000 71 3.00000
695000 24 6.12500 16 46 155 1.00000 70 2.83333
700000 27 5.70370 14 43 158 0.96296 70 2.51852
705000 25 5.68000 16 54 156 0.96000 71 2.72000
710000 29 5.55172 18 47 173 0.93103 73 2.41379
715000 27 5.88889 18 50 178 0.96296 74 2.62963
720000 27 5.85185 16 48 171 0.96296 72 2.55556
725000 25 6.04000 17 44 168 1.00000 72 2.76000
730000 26 5.96154 16 53 173 1.00000 72 2.73077
735000 26 5.84615 14 57 165 0.88462 70 2.61538
740000 23 6.56522 15 54 171 0.95652 72 2.95652
745000 24 6.54167 17 60 174 0.95833 70 2.79167
750000 25 6.12000 17 55 164 0.92000 71 2.68000
755000 23 6.34783 15 62 166 1.00000 70 2.95652
760000 22 6.90909 17 63 171 1.00000 72 3.18182
765000 26 6.07692 18 53 165 0.88462 73 2.65385
770000 24 6.41667 16 61 168 0.95833 72 2.87500
775000 23 7.04348 19 56 176 0.95652 73 2.91304
780000 22 7.18182 18 59 178 1.00000 77 3.22727
785000 25 6.76000 19 50 181 0.92000 74 2.84000
790000 26 6.46154 20 57 181 1.00000 77 2.80769
795000 25 6.64000 19 53 180 0.92000 79 2.96000
800000 27 6.11111 19 49 173 0.96296 77 2.77778
805000 25 6.16000 18 53 168 1.00000 76 3.00000
810000 30 5.36667 18 41 166 0.90000 78 2.53333
815000 25 6.04000 17 47 166 1.00000 75 2.88000
820000 28 5.42857 15 54 162 0.85714 75 2.46429
825000 27 5.59259 16 62 162 0.96296 73 2.51852
830000 24 6.20833 16 58 162 0.87500 75 2.79167
835000 23 6.43478 17 54 161 0.95652 73 2.91304
840000 23 6.39130 17 52 157 0.95652 71 2.95652
845000 22 6.31818 16 55 149 0.86364 71 3.04545
850000 22 6.45455 15 57 147 0.86364 71 3.09091
855000 23 6.65217 17 52 161 0.91304 71 2.91304
860000 21 6.95238 19 55 153 0.90476 71 3.04762
865000 19 7.26316 16 59 156 0.94737 74 3.42105
870000 22 6.59091 17 62 161 0.90909 69 2.95455
875000 25 5.96000 18 56 164 0.84000 71 2.72000
880000 24 6.25000 17 58 167 0.91667 68 2.75000
885000 28 5.46429 16 47 155 0.96429 73 2.57143
890000 22 6.68182 14 64 170 0.95455 74 3.09091
895000 25 5.92000 15 72 168 0.88000 72 2.76000
900000 22 6.77273 14 67 170 0.95455 69 2.95455
905000 25 6.12000 14 58 161 0.88000 74 2.64000
910000 24 6.16667 16 62 163 0.91667 72 2.87500
915000 27 5.74074 15 56 167 0.96296 73 2.55556
920000 28 5.67857 15 58 169 0.92857 76 2.64286
925000 24 6.54167 22 66 168 0.91667 75 2.91667
930000 22 7.31818 19 54 173 0.95455 77 3.27273
935000 28 5.92857 17 53 181 0.96429 78 2.71429
940000 25 6.60000 15 56 185 1.00000 76 3.00000
945000 31 5.74194 16 55 179 0.74194 76 2.41935
950000 27 6.11111 15 60 175 0.85185 78 2.77778
955000 23 6.95652 16 61 180 0.95652 77 3.21739
960000 26 6.42308 14 44 169 0.92308 77 2.88462
965000 25 6.64000 22 46 171 0.92000 78 3.00000
970000 27 6.00000 22 48 164 0.88889 73 2.70370
975000 23 6.95652 21 59 172 0.95652 76 3.30435
980000 25 6.28000 20 51 168 0.92000 73 2.84000
985000 25 5.64000 19 56 155 0.96000 76 2.88000
990000 24 5.95833 15 62 170 0.95833 75 3.00000
995000 23 6.21739 18 55 161 0.91304 71 3.04348
1000000 25 5.80000 16 57 162 0.92000 74 2.88000
1005000 26 5.80769 19 54 155 0.88462 74 2.69231
1010000 25 5.96000 16 58 164 0.92000 72 2.76000
1015000 29 5.06897 16 61 159 0.86207 70 2.37931
1020000 26 5.34615 16 68 158 0.88462 72 2.65385
1025000 29 5.20690 17 56 165 0.89655 76 2.44828
1030000 27 5.29630 19 51 154 0.92593 75 2.55556
1035000 26 5.69231 18 59 171 0.92308 75 2.76923
1040000 33 5.18182 19 48 175 0.93939 72 2.18182
1045000 26 6.23077 18 52 176 0.96154 73 2.61538
1050000 21 6.71429 18 61 166 1.00000 72 3.19048
1055000 24 6.04167 17 48 154 0.95833 71 2.83333
1060000 21 6.90476 15 39 154 1.00000 71 3.23810
1065000 24 6.20833 15 32 159 0.95833 74 2.95833
1070000 22 6.77273 16 47 165 1.00000 74 3.18182
1075000 23 6.69565 18 47 161 0.91304 73 3.04348
1080000 25 5.84000 16 52 165 0.96000 74 2.80000
1085000 23 6.17391 15 57 156 0.95652 75 3.17391
1090000 25 5.44000 18 51 140 0.88000 72 2.84000
1095000 26 5.53846 16 44 149 0.92308 74 2.73077
1100000 24 5.62500 14 52 147 0.91667 72 2.91667
1105000 23 5.91304 13 52 143 0.91304 73 3.08696
1110000 26 5.53846 10 41 156 0.84615 74 2.73077
1115000 23 6.17391 11 50 157 0.95652 74 3.13043
1120000 24 6.16667 12 57 162 0.95833 76 3.12500
1125000 23 6.43478 16 58 161 0.95652 74 3.17391
1130000 23 6.56522 15 53 165 0.91304 77 3.17391
1135000 27 5.70370 16 45 162 0.92593 77 2.77778
1140000 27 5.51852 13 44 153 0.85185 77 2.81481
1145000 23 6.26087 12 52 157 1.00000 75 3.21739
1150000 24 5.79167 12 47 152 0.95833 74 2.95833
1155000 24 5.79167 13 52 148 0.91667 75 3.00000
1160000 23 5.91304 12 49 147 0.91304 71 3.00000
1165000 25 5.80000 12 54 150 0.88000 70 2.80000
1170000 26 5.34615 13 54 149 0.88462 72 2.69231
1175000 23 5.69565 13 60 149 1.00000 73 3.04348
1180000 27 4.85185 12 59 148 0.92593 73 2.62963
1185000 27 5.07407 13 63 150 0.96296 72 2.59259
1190000 26 5.57692 13 53 160 1.00000 73 2.65385
1195000 27 5.62963 20 50 154 0.85185 74 2.59259
1200000 28 5.50000 19 55 163 0.89286 75 2.53571
1205000 27 5.81481 21 56 174 0.96296 74 2.59259
1210000 24 6.12500 19 64 163 0.91667 73 2.91667
1215000 21 6.71429 16 67 153 0.95238 71 3.00000
1220000 22 6.36364 16 62 157 0.90909 71 2.81818
1225000 21 6.52381 15 56 155 1.00000 72 3.19048
1230000 19 7.10526 15 60 157 1.00000 72 3.42105
1235000 22 6.50000 15 55 151 0.90909 73 3.04545
1240000 20 7.00000 17 52 157 0.90000 74 3.40000
1245000 19 7.84211 18 47 163 0.94737 72 3.52632
1250000 21 6.90476 18 52 157 0.85714 72 3.14286
1255000 25 5.72000 16 51 153 0.92000 71 2.76000
1260000 26 5.38462 16 53 147 0.92308 71 2.61538
1265000 25 5.40000 16 55 145 0.84000 72 2.72000
1270000 21 6.19048 16 58 150 0.95238 70 3.04762
1275000 21 6.23810 13 57 145 1.00000 70 3.09524
1280000 24 5.83333 16 48 155 0.95833 70 2.70833
1285000 25 5.88000 17 51 163 0.92000 69 2.68000
1290000 22 6.36364 15 59 153 0.90909 69 2.90909
1295000 25 6.00000 17 62 160 0.84000 71 2.56000
1300000 22 6.68182 17 61 172 0.95455 70 2.77273
1305000 23 6.47826 18 58 160 1.00000 74 2.95652
1310000 23 6.47826 20 61 166 0.78261 71 2.65217
1315000 23 6.34783 19 55 163 0.95652 71 2.78261
1320000 23 6.52174 18 55 169 0.95652 68 2.86957
1325000 22 7.13636 18 46 170 0.95455 67 2.95455
1330000 23 6.73913 19 46 165 0.91304 70 2.91304
1335000 23 6.47826 17 64 163 1.00000 72 3.08696
1340000 23 6.56522 17 63 174 0.86957 77 3.13043
1345000 21 6.85714 17 64 159 0.85714 72 3.19048
1350000 25 6.08000 15 52 158 0.88000 72 2.72000
1355000 19 7.52632 15 72 170 1.00000 73 3.52632
1360000 24 6.45833 14 63 169 0.87500 72 2.87500
1365000 26 6.11538 14 63 178 0.92308 76 2.80769
1370000 27 5.81481 14 61 172 0.85185 73 2.62963
1375000 28 5.71429 15 51 171 0.89286 73 2.53571
1380000 24 6.33333 17 58 169 0.95833 74 2.91667
1385000 27 5.81481 15 58 173 0.92593 74 2.62963
1390000 21 7.19048 16 57 175 0.95238 73 3.33333
1395000 24 6.33333 15 55 166 0.87500 74 2.95833
1400000 24 6.83333 15 43 171 0.87500 73 2.95833
1405000 20 7.80000 15 58 172 0.95000 73 3.50000
1410000 21 7.14286 16 51 167 1.00000 73 3.38095
1415000 22 6.45455 13 63 165 0.95455 73 3.22727
1420000 23 6.08696 13 50 147 0.91304 74 3.13043
1425000 22 6.00000 14 55 149 0.95455 74 3.31818
1430000 24 5.83333 17 53 159 0.91667 72 2.95833
1435000 24 6.00000 15 45 151 0.87500 73 3.00000
1440000 21 6.28571 19 49 144 0.95238 71 3.38095
1445000 23 5.60870 17 45 136 0.86957 70 3.00000
1450000 25 5.12000 16 45 136 0.84000 71 2.80000
1455000 21 5.76190 17 60 138 0.90476 71 3.33333
1460000 22 5.81818 16 53 138 0.90909 76 3.22727
1465000 22 6.22727 15 60 149 0.86364 76 3.22727
1470000 25 5.48000 13 59 150 0.88000 76 2.92000
1475000 22 6.36364 16 63 156 0.86364 77 3.36364
1480000 25 5.88000 24 53 160 1.00000 75 2.96000
1485000 23 6.52174 22 57 168 0.91304 75 3.17391
1490000 22 7.00000 21 46 165 0.95455 76 3.36364
1495000 20 7.35000 21 45 164 1.00000 76 3.70000
1500000 19 7.00000 19 51 149 0.94737 75 3.84211
1505000 21 6.47619 19 51 150 0.95238 75 3.47619
1510000 19 6.84211 18 58 150 1.00000 75 3.89474
1515000 23 6.56522 20 43 161 0.86957 73 3.17391
1520000 20 7.55000 20 51 160 0.90000 74 3.65000
1525000 24 6.45833 19 53 166 0.91667 73 3.04167
1530000 25 6.08000 18 58 161 0.88000 72 2.88000
1535000 20 7.15000 17 56 155 1.00000 74 3.65000
1540000 23 6.52174 15 46 163 0.95652 73 3.13043
1545000 23 6.69565 15 42 163 0.95652 74 3.13043
1550000 24 5.91667 14 39 151 0.95833 73 3.04167
1555000 23 6.04348 12 51 153 1.00000 71 2.95652
1560000 22 6.31818 12 54 150 0.95455 69 2.95455
1565000 23 6.21739 14 60 160 0.91304 70 2.82609
1570000 22 6.13636 13 60 153 1.00000 73 3.04545
1575000 24 6.00000 14 62 149 0.83333 71 2.79167
1580000 24 5.91667 17 61 157 0.95833 73 2.79167
1585000 24 5.87500 18 68 160 0.95833 76 2.83333
1590000 28 5.89286 19 47 171 0.85714 73 2.60714
1595000 25 6.44000 18 57 175 0.88000 73 2.92000
1600000 23 6.43478 24 62 169 0.95652 74 3.08696
1605000 25 6.00000 22 53 167 0.92000 72 2.80000
1610000 24 6.12500 21 59 154 0.95833 71 2.91667
1615000 23 6.34783 22 61 148 0.82609 73 3.13043
1620000 23 6.65217 23 56 168 0.86957 74 3.13043
1625000 23 6.47826 21 54 162 0.86957 75 3.08696
1630000 24 6.29167 25 53 162 0.91667 74 3.04167
1635000 24 6.25000 24 59 160 0.91667 73 3.00000
1640000 22 6.90909 27 59 173 0.95455 73 3.22727
1645000 26 6.03846 23 48 162 0.88462 75 2.76923
1650000 26 6.00000 23 48 166 0.92308 75 2.76923
1655000 25 5.88000 22 45 156 0.92000 76 2.84000
1660000 27 5.55556 20 46 154 0.85185 74 2.55556
1665000 25 5.48000 19 55 147 0.92000 71 2.68000
1670000 26 5.38462 21 57 145 0.80769 72 2.65385
1675000 24 5.83333 20 56 139 0.79167 73 2.70833
1680000 20 6.65000 19 58 145 0.95000 73 3.40000
1685000 21 6.95238 18 48 158 0.95238 68 3.14286
1690000 22 7.13636 22 41 169 1.00000 70 3.18182
1695000 25 6.52000 22 42 168 0.92000 71 2.80000
1700000 25 6.36000 21 46 168 0.96000 71 2.84000
1705000 23 6.56522 22 46 168 0.95652 71 3.04348
1710000 23 6.47826 19 50 167 0.91304 71 3.04348
1715000 24 6.12500 18 59 160 0.83333 74 2.91667
1720000 25 5.76000 18 63 154 0.88000 72 2.80000
1725000 22 6.77273 24 61 165 0.95455 76 3.31818
1730000 22 6.81818 22 58 166 0.90909 74 3.13636
1735000 23 6.91304 22 46 171 1.00000 75 3.13043
1740000 23 6.52174 24 52 164 0.95652 76 3.17391
1745000 25 6.36000 25 47 170 0.96000 74 2.96000
1750000 25 6.60000 26 45 176 0.96000 74 2.92000
1755000 22 6.95455 25 54 164 0.90909 73 3.27273
1760000 22 6.59091 20 62 163 0.95455 72 3.13636
1765000 26 6.03846 19 56 162 0.76923 72 2.69231
1770000 22 6.72727 21 57 159 0.90909 75 3.22727
1775000 21 7.14286 22 53 172 1.00000 74 3.42857
1780000 25 6.32000 22 51 173 0.96000 73 2.92000
1785000 20 7.75000 25 62 172 1.00000 74 3.65000
1790000 21 7.33333 23 58 170 1.00000 74 3.47619
1795000 21 7.04762 23 60 165 0.95238 73 3.33333
1800000 23 6.73913 22 49 167 0.86957 70 3.00000
1805000 24 6.20833 21 50 154 0.87500 71 2.95833
1810000 25 5.80000 18 50 153 0.88000 73 2.84000
1815000 23 6.21739 16 54 148 0.86957 72 3.04348
1820000 23 5.91304 16 55 152 0.91304 73 3.04348
1825000 19 6.63158 17 60 145 1.00000 70 3.52632
1830000 21 6.33333 18 62 147 1.00000 74 3.23810
1835000 27 5.62963 23 48 156 0.81481 75 2.62963
1840000 24 6.08333 24 50 161 0.95833 72 2.91667
1845000 25 5.80000 27 54 160 0.92000 74 2.80000
1850000 19 6.89474 28 59 150 1.00000 71 3.57895
1855000 22 6.36364 28 59 154 0.95455 74 3.22727
1860000 23 5.95652 24 51 156 0.95652 77 3.13043
1865000 29 5.03448 23 46 153 0.82759 75 2.48276
1870000 26 5.07692 18 58 150 0.88462 74 2.80769
1875000 28 5.17857 20 54 151 0.85714 74 2.60714
1880000 26 5.69231 19 52 153 0.84615 73 2.76923
1885000 26 5.69231 18 49 165 0.96154 74 2.80769
1890000 27 5.29630 16 44 154 0.92593 74 2.66667
1895000 29 5.20690 16 48 165 0.93103 73 2.51724
1900000 29 5.62069 18 50 171 0.89655 77 2.55172
1905000 28 5.64286 20 49 165 0.96429 75 2.67857
1910000 27 5.96296 18 52 171 0.92593 78 2.74074
1915000 28 6.07143 17 42 169 0.89286 76 2.60714
1920000 25 6.04000 15 42 165 0.96000 77 2.96000
1925000 24 6.29167 19 38 161 1.00000 76 3.08333
1930000 25 6.32000 18 43 172 0.96000 76 2.88000
1935000 25 6.12000 17 39 156 0.92000 73 2.80000
1940000 25 5.76000 15 44 161 0.96000 73 2.80000
1945000 25 5.68000 15 52 156 0.92000 73 2.68000
1950000 27 5.03704 16 53 149 0.92593 74 2.59259
1955000 24 5.83333 17 51 155 0.95833 70 2.66667
1960000 25 5.68000 17 49 148 0.92000 73 2.72000
1965000 25 5.80000 16 44 158 0.92000 70 2.64000
1970000 23 6.04348 17 47 152 1.00000 71 2.86957
1975000 24 6.16667 20 42 158 0.95833 68 2.75000
1980000 24 5.87500 19 49 155 0.95833 71 2.87500
1985000 25 5.60000 20 54 151 0.92000 73 2.80000
1990000 26 5.50000 23 67 159 0.88462 73 2.73077
1995000 29 5.34483 24 56 163 0.86207 71 2.41379
2000000 27 5.81481 23 52 158 0.81481 74 2.55556
2005000 23 6.21739 22 55 154 0.95652 73 3.04348
2010000 23 6.26087 21 57 158 1.00000 76 3.04348
2015000 22 6.18182 18 57 154 0.95455 70 3.00000
2020000 24 6.08333 17 45 159 0.95833 68 2.66667
2025000 23 6.08696 16 46 154 0.91304 69 2.82609
2030000 22 6.54545 15 45 151 0.86364 63 2.72727
2035000 19 7.26316 13 45 159 0.94737 64 3.15789
2040000 23 6.30435 13 45 147 0.86957 68 2.65217
2045000 22 6.50000 16 51 152 0.90909 70 2.86364
2050000 25 5.72000 17 54 165 1.00000 72 2.68000
2055000 22 6.68182 20 47 161 0.95455 69 2.95455
2060000 23 6.21739 18 44 159 0.95652 75 2.95652
2065000 23 6.56522 20 47 163 0.95652 76 3.08696
2070000 25 5.96000 21 57 163 0.92000 75 2.84000
2075000 20 7.35000 23 64 169 1.00000 75 3.60000
2080000 24 6.45833 23 56 163 0.95833 76 3.00000
2085000 24 6.04167 21 59 162 0.95833 75 3.04167
2090000 24 6.08333 21 61 160 0.91667 74 3.04167
2095000 24 6.00000 21 55 158 0.91667 74 3.00000
2100000 23 6.56522 20 53 164 0.91304 74 3.08696
2105000 27 5.96296 23 50 167 0.88889 75 2.77778
2110000 24 6.20833 24 63 165 1.00000 71 2.95833
2115000 22 6.68182 21 59 161 0.95455 72 3.04545
2120000 21 6.85714 22 62 162 0.90476 68 3.09524
2125000 25 5.96000 18 56 149 0.84000 66 2.64000
2130000 22 6.45455 17 70 160 0.90909 67 3.00000
2135000 22 7.04545 15 54 167 1.00000 68 3.00000
2140000 24 6.29167 14 50 158 0.95833 66 2.58333
2145000 25 6.16000 13 45 165 0.92000 68 2.64000
2150000 26 5.73077 13 43 155 0.92308 67 2.53846
2155000 23 6.04348 12 49 150 1.00000 66 2.82609
2160000 25 5.96000 12 43 155 0.88000 71 2.68000
2165000 24 5.95833 11 51 155 0.87500 68 2.70833
2170000 24 6.12500 13 48 160 0.87500 71 2.79167
2175000 25 6.24000 15 46 163 0.92000 75 2.84000
2180000 27 5.88889 15 46 163 0.85185 73 2.66667
2185000 25 6.00000 13 49 161 0.92000 76 2.84000
2190000 27 5.55556 11 46 157 0.88889 75 2.74074
2195000 27 5.55556 12 47 158 0.96296 73 2.70370
2200000 25 5.92000 11 52 154 0.92000 74 2.96000
2205000 27 5.62963 14 55 154 0.85185 75 2.74074
2210000 21 6.85714 14 59 163 0.95238 73 3.47619
2215000 23 6.56522 16 52 164 1.00000 74 3.13043
2220000 26 5.84615 17 50 157 0.84615 74 2.76923
2225000 23 6.47826 23 54 164 0.95652 72 3.13043
2230000 23 6.60870 23 44 163 0.95652 71 3.04348
2235000 23 6.78261 21 43 167 0.86957 72 3.04348
2240000 22 6.90909 17 47 163 0.95455 68 3.04545
2245000 23 6.52174 17 49 164 0.91304 71 2.95652
2250000 25 6.28000 17 46 158 0.92000 71 2.80000
2255000 20 7.05000 19 57 158 0.95000 71 3.25000
2260000 23 6.21739 17 57 157 0.91304 70 2.78261
2265000 23 6.13043 18 57 161 0.95652 71 2.86957
2270000 25 6.24000 20 45 167 0.92000 72 2.68000
2275000 28 5.89286 18 52 179 0.89286 72 2.39286
2280000 26 6.26923 18 52 170 0.92308 74 2.69231
2285000 25 6.44000 15 50 178 1.00000 73 2.80000
2290000 25 6.36000 16 49 169 0.96000 71 2.76000
2295000 27 5.96296 14 38 169 0.96296 73 2.62963
2300000 26 6.07692 15 42 162 0.96154 72 2.73077
2305000 25 6.04000 16 43 161 1.00000 74 2.84000
2310000 29 5.17241 15 46 160 0.93103 71 2.44828
2315000 28 5.39286 16 49 163 1.00000 72 2.50000
2320000 27 5.62963 19 43 159 0.96296 71 2.55556
2325000 24 5.87500 18 54 159 0.95833 72 2.87500
2330000 23 5.82609 16 57 145 0.95652 71 3.00000
2335000 22 6.18182 18 58 154 0.95455 70 3.04545
2340000 25 5.60000 17 53 155 1.00000 72 2.76000
2345000 25 5.48000 15 54 156 0.96000 70 2.72000
2350000 27 5.22222 19 56 146 0.81481 70 2.51852
2355000 29 5.06897 20 66 157 0.86207 73 2.34483
2360000 28 5.39286 18 59 163 0.85714 72 2.35714
2365000 28 5.42857 17 57 156 0.82143 72 2.39286
2370000 27 5.22222 17 63 150 0.92593 73 2.59259
2375000 30 4.83333 18 57 153 1.00000 72 2.33333
2380000 28 5.21429 16 62 160 0.96429 74 2.53571
2385000 26 5.73077 20 68 169 0.92308 75 2.80769
2390000 26 5.26923 18 71 154 0.84615 70 2.50000
2395000 24 5.75000 19 66 149 0.91667 72 2.87500
2400000 26 5.42308 16 55 150 0.88462 72 2.73077
2405000 26 5.92308 20 57 163 0.92308 75 2.73077
2410000 25 6.24000 20 50 164 0.96000 74 2.88000
2415000 27 5.70370 19 50 159 0.88889 74 2.62963
2420000 25 5.80000 19 50 154 0.96000 72 2.72000
2425000 27 5.88889 18 43 161 0.88889 72 2.51852
2430000 24 6.04167 17 47 151 0.91667 73 2.91667
2435000 22 5.77273 16 49 134 0.90909 72 3.18182
2440000 25 4.96000 16 47 127 0.84000 74 2.84000
2445000 24 5.12500 15 58 134 0.87500 71 2.83333
2450000 25 4.88000 13 54 133 0.84000 74 2.88000
2455000 19 6.15789 16 63 134 0.94737 75 3.78947
2460000 23 5.21739 16 55 130 0.91304 74 3.08696
2465000 24 5.00000 18 55 137 1.00000 75 3.00000
2470000 24 5.16667 17 62 131 0.87500 73 2.91667
2475000 25 5.12000 23 59 143 0.88000 72 2.88000
2480000 22 5.68182 23 66 141 0.90909 74 3.27273
2485000 26 5.34615 22 59 152 0.84615 74 2.76923
2490000 28 5.10714 20 53 140 0.75000 74 2.64286
2495000 26 5.11538 18 66 139 0.88462 75 2.88462
2500000 24 5.37500 18 77 137 0.91667 76 3.12500
2505000 22 5.54545 20 78 135 0.90909 75 3.31818
2510000 23 5.43478 19 65 142 0.91304 75 3.21739
2515000 22 5.63636 18 75 143 0.90909 74 3.27273
2520000 25 5.20000 16 63 141 0.88000 72 2.84000
2525000 28 5.10714 19 56 143 0.89286 75 2.64286
2530000 24 5.66667 20 65 151 0.95833 74 2.95833
2535000 23 5.69565 18 65 157 1.00000 76 3.04348
2540000 25 5.60000 18 62 157 1.00000 77 2.96000
2545000 26 5.57692 19 54 155 0.92308 74 2.80769
2550000 27 5.33333 21 59 158 0.96296 76 2.77778
2555000 30 5.23333 20 47 163 0.93333 76 2.50000
2560000 29 5.72414 18 39 167 0.96552 72 2.44828
2565000 25 6.52000 20 44 162 0.88000 75 2.88000
2570000 25 6.52000 20 50 169 0.96000 73 2.80000
2575000 22 6.95455 24 54 159 0.95455 73 3.22727
2580000 25 6.28000 25 57 163 0.96000 76 2.96000
2585000 23 7.08696 26 55 165 0.95652 77 3.21739
2590000 27 6.25926 24 47 170 0.88889 76 2.77778
2595000 26 6.65385 22 46 167 0.84615 74 2.84615
2600000 24 6.70833 22 47 173 1.00000 77 3.12500
2605000 23 6.78261 23 55 167 1.00000 77 3.26087
2610000 24 6.54167 23 50 166 0.91667 79 3.16667
2615000 25 6.12000 19 53 154 0.84000 74 2.96000
2620000 23 6.04348 16 63 140 0.95652 71 3.08696
2625000 26 5.50000 14 61 146 0.88462 71 2.69231
2630000 24 6.33333 16 52 165 0.95833 72 2.79167
2635000 28 5.57143 17 46 164 0.92857 71 2.39286
2640000 26 5.65385 18 54 157 0.88462 70 2.57692
2645000 26 5.65385 20 55 161 0.88462 71 2.61538
2650000 25 5.72000 16 52 156 0.96000 73 2.76000
2655000 23 6.65217 16 49 165 0.95652 73 3.00000
2660000 26 6.15385 16 46 174 1.00000 73 2.80769
2665000 22 6.95455 18 55 170 1.00000 72 3.09091
2670000 26 6.11538 16 39 167 0.92308 74 2.69231
2675000 25 6.08000 17 54 160 0.92000 72 2.80000
2680000 25 5.80000 18 57 158 0.92000 73 2.76000
2685000 27 5.55556 17 48 152 0.77778 75 2.44444
2690000 24 6.12500 18 52 157 0.95833 72 2.87500
2695000 26 5.50000 17 49 145 0.88462 72 2.57692
2700000 25 5.72000 18 45 148 0.88000 72 2.64000
2705000 26 5.30769 18 48 146 0.88462 71 2.50000
2710000 22 6.09091 18 46 149 0.86364 68 2.90909
2715000 22 6.27273 21 46 148 0.90909 66 2.90909
2720000 19 6.42105 18 57 141 1.00000 67 3.26316
2725000 22 5.50000 16 56 133 0.90909 67 2.77273
2730000 21 5.85714 17 59 138 0.95238 71 3.19048
2735000 22 6.00000 19 55 147 0.90909 69 2.90909
2740000 22 6.04545 20 48 153 0.95455 69 3.00000
2745000 21 5.61905 19 49 126 0.90476 67 3.04762
2750000 24 5.25000 18 60 139 0.91667 68 2.70833
2755000 23 5.52174 21 56 141 1.00000 71 2.91304
2760000 24 5.33333 19 64 143 0.91667 72 2.83333
2765000 29 4.86207 19 54 151 0.86207 71 2.37931
2770000 26 5.38462 19 67 158 1.00000 72 2.69231
2775000 26 5.23077 18 64 158 0.96154 72 2.65385
2780000 25 5.48000 19 51 152 0.96000 70 2.72000
2785000 24 5.70833 20 62 165 1.00000 73 2.75000
2790000 27 5.40741 18 57 158 0.88889 73 2.44444
2795000 25 5.96000 16 52 165 1.00000 74 2.72000
2800000 25 6.04000 16 54 169 0.96000 73 2.72000
2805000 26 5.92308 18 60 170 0.92308 73 2.61538
2810000 27 5.88889 17 53 168 0.88889 70 2.51852
2815000 25 6.20000 16 54 165 0.96000 69 2.68000
2820000 21 7.00000 16 54 162 0.95238 72 3.23810
2825000 22 6.81818 16 51 167 1.00000 70 3.00000
2830000 26 6.07692 15 57 173 0.96154 71 2.57692
2835000 26 6.26923 14 49 169 0.84615 71 2.61538
2840000 23 6.26087 12 54 160 0.95652 71 3.00000
2845000 27 5.33333 12 48 152 0.92593 73 2.59259
2850000 27 5.40741 13 54 159 0.88889 74 2.59259
2855000 27 5.44444 13 50 158 1.00000 74 2.70370
2860000 27 5.51852 18 43 158 0.96296 73 2.66667
2865000 27 5.81481 17 43 172 1.00000 74 2.59259
2870000 26 5.88462 15 57 163 0.88462 73 2.69231
2875000 30 5.23333 16 51 158 0.86667 73 2.36667
2880000 27 5.96296 20 48 169 0.92593 75 2.70370
2885000 23 6.82609 16 53 171 1.00000 73 3.00000
2890000 25 6.60000 14 44 179 0.96000 75 2.92000
2895000 26 6.42308 15 42 177 0.96154 75 2.80769
2900000 23 6.95652 15 43 170 1.00000 74 3.00000
2905000 28 6.03571 15 51 174 0.89286 75 2.57143
2910000 32 5.59375 14 56 191 0.96875 75 2.28125
2915000 27 6.66667 21 52 188 0.92593 75 2.70370
2920000 27 6.44444 20 46 176 0.88889 76 2.70370
2925000 27 6.48148 19 38 186 1.00000 75 2.74074
2930000 25 6.68000 22 50 185 0.92000 76 2.96000
2935000 24 6.87500 21 55 180 0.95833 76 3.12500
2940000 26 6.30769 21 42 161 0.88462 75 2.84615
2945000 23 6.78261 19 40 163 0.95652 73 3.13043
2950000 25 6.36000 21 46 162 0.92000 74 2.72000
2955000 23 6.34783 23 53 156 0.95652 73 2.91304
2960000 24 6.04167 23 50 161 0.91667 76 2.95833
2965000 23 6.47826 24 43 156 0.91304 73 3.04348
2970000 21 6.61905 25 48 154 0.95238 72 3.33333
2975000 24 5.95833 22 50 156 0.83333 76 2.95833
2980000 25 5.72000 23 62 162 0.92000 77 2.96000
2985000 26 6.03846 23 48 160 0.84615 75 2.84615
2990000 24 6.25000 22 52 161 0.91667 73 3.04167
2995000 24 6.29167 21 52 159 0.91667 73 3.00000
3000000 24 6.41667 21 57 164 0.87500 73 2.95833
3005000 23 6.39130 22 49 157 1.00000 73 3.04348
3010000 23 6.39130 23 56 157 0.91304 74 3.17391
3015000 26 5.80769 23 55 165 0.84615 73 2.76923
3020000 23 6.43478 23 57 159 0.95652 74 3.17391
3025000 22 6.63636 22 57 158 1.00000 74 3.27273
3030000 24 6.25000 19 58 165 0.95833 73 2.95833
3035000 24 5.95833 20 55 147 0.91667 72 2.95833
3040000 23 6.21739 24 55 160 1.00000 75 3.17391
3045000 23 6.04348 24 59 151 0.91304 74 3.13043
3050000 24 6.08333 21 54 162 0.95833 73 2.95833
3055000 25 6.04000 21 48 168 0.96000 73 2.88000
3060000 24 6.04167 20 49 151 0.91667 71 2.87500
3065000 23 6.26087 17 45 164 1.00000 75 3.13043
3070000 23 6.04348 16 45 153 0.91304 74 3.00000
3075000 24 6.16667 15 50 158 0.87500 75 2.95833
3080000 23 6.52174 19 64 162 0.91304 73 3.08696
3085000 23 6.73913 20 59 170 0.91304 75 3.00000
3090000 23 6.69565 22 56 172 0.95652 74 3.04348
3095000 23 6.82609 26 55 174 0.91304 75 3.08696
3100000 23 6.60870 24 60 174 1.00000 72 2.91304
3105000 26 5.57692 20 60 158 0.84615 72 2.61538
3110000 27 5.29630 20 54 148 0.85185 75 2.55556
3115000 23 5.95652 20 54 149 0.91304 72 3.00000
3120000 26 5.38462 21 48 153 0.96154 73 2.80769
3125000 26 5.07692 18 57 145 0.88462 76 2.73077
3130000 29 4.79310 15 62 156 0.96552 74 2.48276
3135000 31 4.96774 15 52 159 0.90323 74 2.38710
3140000 29 5.03448 16 59 151 0.86207 75 2.55172
3145000 29 5.06897 16 60 157 0.86207 76 2.51724
3150000 26 5.61538 17 62 162 0.96154 76 2.80769
3155000 25 5.88000 17 58 159 0.96000 75 2.96000
3160000 26 5.57692 13 53 151 0.88462 75 2.84615
3165000 27 5.66667 15 45 160 0.88889 73 2.70370
3170000 22 6.68182 17 48 153 0.95455 76 3.36364
3175000 25 5.88000 15 52 157 0.88000 73 2.88000
3180000 21 6.66667 18 54 153 0.95238 74 3.42857
3185000 21 6.57143 19 56 152 0.95238 73 3.33333
3190000 26 6.00000 19 46 157 0.84615 74 2.80769
3195000 26 5.80769 17 50 157 0.88462 74 2.76923
3200000 22 6.63636 19 49 155 0.86364 71 3.13636
3205000 23 6.65217 19 48 163 0.86957 71 3.00000
3210000 22 7.00000 17 53 164 0.95455 72 3.13636
3215000 24 6.50000 17 49 165 0.91667 71 2.87500
3220000 22 6.45455 15 60 157 0.90909 74 3.13636
3225000 23 5.73913 13 65 152 0.91304 75 3.13043
3230000 21 6.47619 13 64 151 0.95238 75 3.42857
3235000 22 6.40909 15 59 156 1.00000 70 3.13636
3240000 19 7.84211 16 61 169 1.00000 72 3.68421
3245000 26 6.57692 17 44 173 0.92308 73 2.73077
3250000 22 7.04545 18 49 167 0.95455 72 3.13636
3255000 24 6.58333 18 45 165 0.87500 71 2.91667
3260000 24 6.45833 18 54 166 0.95833 71 2.83333
3265000 25 6.12000 18 56 168 0.96000 72 2.84000
3270000 24 6.20833 17 54 161 0.91667 73 3.00000
3275000 25 6.28000 17 52 169 0.96000 73 2.92000
3280000 26 6.00000 15 48 164 0.92308 74 2.80769
3285000 24 6.20833 16 51 158 0.95833 72 2.91667
3290000 22 6.68182 15 56 164 0.95455 74 3.22727
3295000 27 5.70370 15 55 160 0.81481 75 2.70370
3300000 25 5.92000 16 61 163 0.96000 76 2.92000
3305000 27 5.40741 15 59 164 0.92593 77 2.70370
3310000 26 5.80769 18 60 167 0.96154 74 2.76923
3315000 25 6.24000 17 60 170 0.92000 72 2.80000
3320000 30 5.26667 16 59 157 0.80000 71 2.30000
3325000 28 5.64286 16 59 163 0.92857 73 2.53571
3330000 26 6.34615 18 52 168 0.84615 71 2.69231
3335000 22 6.90909 18 55 166 0.90909 71 3.13636
3340000 24 6.16667 16 60 155 0.87500 69 2.79167
3345000 24 6.12500 14 62 163 0.83333 76 2.91667
3350000 26 5.69231 16 57 155 0.84615 71 2.65385
3355000 27 5.62963 16 58 156 0.85185 72 2.59259
3360000 23 6.21739 17 66 159 0.95652 72 3.08696
3365000 27 5.59259 17 59 166 0.92593 72 2.62963
3370000 27 5.22222 16 53 156 0.96296 72 2.59259
3375000 21 6.47619 28 51 156 0.95238 73 3.28571
3380000 20 6.80000 30 63 152 0.95000 71 3.20000
3385000 22 6.54545 29 60 165 0.95455 70 2.90909
3390000 24 6.54167 30 53 166 0.91667 71 2.70833
3395000 25 5.84000 24 58 153 0.92000 69 2.52000
3400000 25 5.64000 22 59 153 0.92000 71 2.68000
3405000 25 5.72000 24 63 153 0.84000 71 2.72000
3410000 25 5.88000 24 57 158 0.92000 72 2.68000
3415000 26 5.73077 23 56 166 0.96154 73 2.73077
3420000 31 5.29032 21 45 172 0.90323 73 2.32258
3425000 28 5.57143 22 58 172 0.92857 74 2.50000
3430000 29 5.75862 31 47 173 0.86207 74 2.48276
3435000 29 5.72414 25 47 175 0.96552 76 2.51724
3440000 26 5.88462 25 49 167 0.96154 76 2.76923
3445000 26 5.50000 20 46 154 1.00000 75 2.84615
3450000 23 6.13043 19 49 160 1.00000 75 3.13043
3455000 25 6.04000 20 41 162 0.96000 73 2.88000
3460000 25 5.84000 18 40 154 0.96000 76 2.96000
3465000 22 6.40909 18 49 155 1.00000 73 3.04545
3470000 26 5.73077 19 44 159 0.92308 72 2.65385
3475000 21 6.85714 19 52 157 1.00000 73 3.42857
3480000 22 6.36364 20 51 157 0.95455 70 3.13636
3485000 25 5.72000 20 53 151 0.88000 72 2.80000
3490000 21 6.52381 21 62 153 0.95238 72 3.33333
3495000 23 5.91304 19 69 149 0.91304 72 2.91304
3500000 26 5.76923 21 56 153 0.88462 69 2.53846
3505000 23 5.95652 17 56 156 0.95652 69 2.69565
3510000 29 4.93103 15 49 152 0.89655 69 2.24138
3515000 26 5.26923 13 57 156 0.92308 70 2.57692
3520000 22 6.18182 16 58 155 0.95455 66 2.77273
3525000 26 5.65385 15 54 157 0.96154 70 2.46154
3530000 26 5.96154 19 52 169 1.00000 72 2.53846
3535000 25 6.20000 19 45 162 0.88000 69 2.64000
3540000 25 6.12000 18 48 165 0.96000 71 2.60000
3545000 25 5.96000 17 49 158 0.96000 68 2.56000
3550000 24 5.95833 16 64 154 0.91667 69 2.54167
3555000 22 6.63636 19 60 155 0.90909 67 2.72727
3560000 21 7.09524 18 60 162 0.95238 64 2.85714
3565000 18 8.22222 20 67 169 1.00000 66 3.38889
3570000 22 7.18182 21 54 167 0.95455 68 2.95455
3575000 26 6.34615 22 47 170 0.96154 69 2.50000
3580000 24 6.79167 25 48 164 0.95833 70 2.83333
3585000 22 7.36364 23 49 171 0.95455 67 2.86364
3590000 24 6.58333 20 54 169 0.91667 70 2.66667
3595000 27 6.51852 23 40 178 0.92593 69 2.44444
3600000 25 6.60000 22 49 181 1.00000 69 2.64000
3605000 24 7.00000 20 49 180 0.91667 70 2.75000
3610000 26 6.30769 19 45 179 0.92308 72 2.50000
3615000 28 5.92857 18 44 178 1.00000 76 2.57143
3620000 31 5.29032 17 39 167 0.90323 74 2.32258
3625000 27 5.85185 16 43 172 0.96296 75 2.70370
3630000 24 6.45833 18 50 170 1.00000 74 3.00000
3635000 25 6.44000 23 42 177 1.00000 75 2.96000
3640000 27 6.00000 20 38 160 0.85185 75 2.66667
3645000 22 6.77273 18 48 159 0.95455 75 3.27273
3650000 22 6.63636 16 46 152 0.90909 75 3.18182
3655000 21 7.09524 18 39 157 0.90476 73 3.19048
3660000 22 6.54545 22 44 155 0.95455 76 3.31818
3665000 20 7.30000 23 45 165 1.00000 71 3.45000
3670000 20 6.95000 20 55 148 0.90000 72 3.30000
3675000 19 7.00000 20 60 158 1.00000 70 3.31579
3680000 19 6.84211 19 52 150 0.89474 65 3.21053
3685000 21 5.95238 17 49 146 0.95238 68 2.95238
3690000 21 5.85714 17 55 144 0.95238 66 2.80952
3695000 25 4.92000 16 62 143 0.92000 68 2.56000
3700000 26 5.07692 14 58 146 0.88462 68 2.46154
3705000 27 5.44444 19 51 163 0.92593 71 2.48148
3710000 28 5.03571 15 59 151 0.96429 68 2.39286
3715000 30 4.83333 15 60 154 0.93333 69 2.13333
3720000 26 5.34615 15 51 157 0.96154 72 2.61538
3725000 25 5.80000 16 51 162 1.00000 70 2.68000
3730000 30 5.13333 16 39 162 0.93333 69 2.16667
3735000 27 5.66667 16 52 170 1.00000 71 2.44444
3740000 29 5.62069 16 45 171 0.89655 72 2.31034
3745000 26 6.34615 18 48 180 1.00000 69 2.53846
3750000 29 5.86207 19 45 178 0.93103 71 2.34483
3755000 27 6.00000 18 43 177 0.96296 73 2.48148
3760000 25 6.40000 21 40 172 1.00000 70 2.72000
3765000 28 5.71429 19 42 170 0.96429 71 2.50000
3770000 28 5.67857 18 43 167 0.96429 72 2.50000
3775000 25 5.88000 15 54 162 1.00000 73 2.80000
3780000 26 5.61538 16 56 157 0.88462 71 2.50000
3785000 26 5.76923 16 55 165 0.88462 70 2.46154
3790000 24 6.29167 24 47 169 0.91667 72 2.79167
3795000 26 5.92308 22 49 161 0.88462 72 2.57692
3800000 30 5.43333 23 57 169 0.86667 75 2.40000
3805000 30 5.26667 22 47 169 0.93333 76 2.40000
3810000 28 5.17857 18 48 150 0.92857 75 2.50000
3815000 29 5.10345 17 46 158 0.93103 78 2.55172
3820000 26 5.76923 18 52 163 1.00000 76 2.80769
3825000 24 6.20833 18 52 160 1.00000 72 2.95833
3830000 25 5.80000 15 56 160 0.96000 74 2.84000
3835000 23 6.60870 14 53 164 0.95652 74 3.13043
3840000 22 6.36364 15 64 161 0.95455 72 3.18182
3845000 24 6.37500 17 56 160 0.95833 72 2.95833
3850000 22 6.77273 20 52 162 1.00000 74 3.13636
3855000 23 6.43478 21 55 167 0.95652 74 3.13043
3860000 22 6.54545 26 59 161 0.95455 74 3.22727
3865000 21 6.90476 27 56 156 0.90476 74 3.23810
3870000 20 7.40000 25 53 165 1.00000 73 3.45000
3875000 21 7.23810 26 53 170 1.00000 74 3.38095
3880000 25 6.40000 21 42 166 0.92000 73 2.88000
3885000 24 6.50000 20 48 169 0.95833 73 2.95833
3890000 21 7.38095 23 59 175 0.95238 74 3.42857
3895000 26 6.26923 23 60 171 0.80769 75 2.84615
3900000 22 6.63636 20 62 158 0.90909 74 3.22727
3905000 25 5.80000 19 66 152 0.88000 75 2.80000
3910000 28 5.42857 19 51 156 0.82143 72 2.50000
3915000 23 6.00000 18 63 155 0.91304 72 3.04348
3920000 22 6.22727 20 66 146 0.86364 71 3.09091
3925000 20 6.95000 22 66 161 0.90000 73 3.40000
3930000 22 6.72727 21 61 161 0.90909 73 3.09091
3935000 19 7.63158 21 55 166 1.00000 72 3.52632
3940000 21 6.85714 20 56 159 1.00000 72 3.23810
3945000 22 6.22727 18 55 153 1.00000 72 3.13636
3950000 24 5.66667 19 51 147 0.91667 72 2.79167
3955000 22 6.27273 19 55 157 0.90909 73 3.13636
3960000 25 5.84000 20 59 163 0.96000 73 2.68000
3965000 20 6.95000 21 75 162 1.00000 75 3.35000
3970000 25 5.96000 20 57 161 0.84000 74 2.64000
3975000 23 6.21739 17 71 161 0.86957 75 2.95652
3980000 24 6.04167 16 55 160 0.83333 73 2.91667
3985000 25 5.72000 14 52 153 0.84000 76 2.84000
3990000 27 5.66667 15 51 157 0.85185 74 2.62963
3995000 26 5.69231 16 54 151 0.88462 74 2.69231
4000000 24 5.62500 15 59 151 0.95833 76 2.95833
4005000 24 5.75000 16 59 157 0.95833 76 3.00000
4010000 26 5.69231 17 61 158 0.92308 76 2.76923
4015000 26 5.96154 16 57 171 0.96154 77 2.96154
4020000 29 5.34483 17 55 166 0.89655 77 2.58621
4025000 27 5.51852 16 60 154 0.85185 77 2.77778
4030000 29 5.24138 16 56 160 0.82759 73 2.48276
4035000 25 5.52000 13 56 151 1.00000 72 2.88000
4040000 25 5.56000 12 59 154 0.96000 74 2.88000
4045000 26 5.61538 15 59 162 0.96154 74 2.80769
4050000 26 5.80769 16 59 162 0.92308 75 2.65385
4055000 24 6.08333 14 53 158 1.00000 72 2.95833
4060000 22 6.18182 14 60 150 1.00000 73 3.22727
4065000 27 5.25926 13 53 152 0.81481 72 2.55556
4070000 24 5.33333 14 64 143 0.91667 74 2.87500
4075000 27 5.11111 14 57 148 0.85185 74 2.51852
4080000 26 5.34615 12 50 150 0.96154 71 2.57692
4085000 24 5.83333 13 51 156 0.91667 71 2.75000
4090000 22 5.95455 12 65 157 0.95455 74 2.95455
4095000 26 5.03846 12 64 139 0.80769 72 2.61538
4100000 21 5.80952 21 66 147 0.95238 70 3.19048
4105000 24 5.50000 20 61 143 0.91667 75 2.95833
4110000 26 5.30769 21 58 156 1.00000 73 2.57692
4115000 25 5.84000 23 62 154 0.84000 68 2.60000
4120000 24 6.41667 20 49 162 0.91667 64 2.58333
4125000 22 7.13636 20 53 174 0.95455 66 2.77273
4130000 22 7.04545 20 54 168 1.00000 69 3.00000
4135000 24 6.54167 20 50 166 0.83333 72 2.83333
4140000 26 6.15385 18 52 168 0.92308 73 2.61538
4145000 22 7.31818 23 53 174 0.95455 73 3.18182
4150000 23 7.21739 20 47 180 0.95652 72 3.00000
4155000 24 6.62500 20 47 170 0.87500 73 2.83333
4160000 21 7.23810 19 47 162 0.95238 71 3.19048
4165000 21 7.23810 22 48 162 1.00000 71 3.19048
4170000 22 6.40909 18 50 153 1.00000 73 3.04545
4175000 18 7.00000 16 54 144 1.00000 72 3.66667
4180000 22 5.90909 16 50 142 0.86364 72 3.04545
4185000 19 7.00000 18 53 146 0.94737 70 3.42105
4190000 21 7.14286 17 49 160 0.85714 70 3.14286
4195000 20 7.50000 18 64 158 0.90000 73 3.25000
4200000 20 7.40000 18 60 157 0.95000 72 3.35000
4205000 20 7.45000 17 53 157 0.90000 70 3.40000
4210000 20 7.05000 16 62 156 0.95000 71 3.40000
4215000 22 6.95455 15 51 165 0.90909 72 3.04545
4220000 21 7.00000 15 47 161 1.00000 72 3.28571
4225000 24 6.50000 15 46 163 0.87500 70 2.83333
4230000 21 7.14286 18 48 164 0.95238 70 3.28571
4235000 23 6.47826 17 39 157 0.91304 71 3.00000
4240000 24 6.33333 17 38 160 0.87500 75 3.08333
4245000 22 7.00000 23 47 165 0.95455 75 3.31818
4250000 24 6.20833 23 49 163 1.00000 73 3.00000
4255000 23 6.73913 24 51 159 0.91304 73 3.17391
4260000 20 7.35000 24 56 159 0.95000 74 3.50000
4265000 22 6.86364 23 60 164 0.95455 74 3.22727
4270000 18 8.11111 21 68 171 1.00000 72 4.00000
4275000 22 6.77273 19 54 161 0.90909 72 3.27273
4280000 24 6.41667 21 49 162 0.95833 75 3.00000
4285000 23 6.56522 20 44 158 0.86957 76 3.13043
4290000 20 7.00000 17 52 157 1.00000 77 3.55000
4295000 22 6.40909 16 50 150 0.90909 76 3.27273
4300000 22 6.50000 18 46 150 0.95455 74 3.27273
4305000 23 6.56522 20 50 162 0.91304 74 3.08696
4310000 22 6.59091 21 55 158 0.86364 74 3.22727
4315000 23 6.60870 20 52 162 0.82609 76 3.13043
4320000 21 7.09524 21 49 164 0.95238 75 3.47619
4325000 20 7.50000 25 54 166 1.00000 76 3.60000
4330000 21 7.19048 25 48 163 1.00000 71 3.28571
4335000 20 7.10000 24 53 155 0.95000 73 3.45000
4340000 21 6.66667 22 54 152 0.95238 72 3.23810
4345000 24 6.20833 24 46 155 0.91667 75 3.00000
4350000 23 6.34783 20 47 160 0.95652 77 3.17391
4355000 21 7.04762 19 59 159 0.95238 74 3.33333
4360000 22 6.81818 17 55 164 0.95455 73 3.18182
4365000 25 6.20000 16 47 166 0.88000 76 2.88000
4370000 23 6.26087 17 51 154 0.95652 74 3.13043
4375000 21 7.00000 19 47 163 1.00000 72 3.33333
4380000 21 6.95238 21 50 165 1.00000 72 3.23810
4385000 23 6.56522 22 53 159 0.86957 73 3.04348
4390000 20 7.10000 23 60 157 0.95000 72 3.30000
4395000 25 6.08000 21 56 168 0.80000 73 2.72000
4400000 24 6.33333 19 53 166 0.87500 73 2.87500
4405000 21 7.28571 22 46 167 1.00000 73 3.33333
4410000 20 7.15000 21 52 161 1.00000 72 3.55000
4415000 22 6.72727 20 52 164 1.00000 73 3.27273
4420000 22 6.59091 19 61 164 0.95455 73 3.27273
4425000 21 7.04762 20 59 158 0.95238 75 3.33333
4430000 20 7.50000 22 57 163 0.95000 73 3.45000
4435000 24 6.62500 23 52 172 0.87500 73 2.95833
4440000 25 6.12000 21 50 162 0.92000 73 2.84000
4445000 23 6.43478 20 56 161 0.95652 74 3.17391
4450000 23 6.30435 19 53 154 0.95652 73 3.08696
4455000 22 6.63636 19 51 158 0.95455 71 3.18182
4460000 22 7.00000 19 47 160 0.90909 73 3.18182
4465000 23 6.65217 23 50 168 0.91304 77 3.13043
4470000 23 6.82609 23 47 174 0.95652 76 3.08696
4475000 23 7.00000 24 46 169 0.91304 73 3.13043
4480000 25 6.20000 21 44 161 0.92000 75 2.96000
4485000 23 6.21739 20 51 158 0.95652 73 3.13043
4490000 23 6.13043 18 50 151 0.95652 71 3.08696
4495000 23 5.91304 16 59 151 0.91304 75 3.04348
4500000 22 6.09091 15 63 150 1.00000 75 3.18182
4505000 23 5.82609 17 63 150 0.95652 70 3.04348
4510000 24 5.66667 15 50 142 0.87500 69 2.79167
4515000 22 6.13636 17 56 150 0.86364 69 3.00000
4520000 19 7.31579 19 61 162 1.00000 67 3.31579
4525000 17 7.58824 17 62 158 1.00000 66 3.70588
4530000 21 6.47619 17 65 151 0.85714 65 2.95238
4535000 20 6.55000 18 71 147 0.95000 70 3.20000
4540000 23 6.04348 20 66 151 0.86957 70 2.86957
4545000 20 7.05000 19 67 155 0.95000 68 3.30000
4550000 25 6.04000 18 54 156 0.84000 71 2.72000
4555000 22 6.50000 16 62 150 0.86364 70 2.95455
4560000 22 6.72727 17 59 158 0.90909 70 3.00000
4565000 22 6.54545 16 61 158 0.90909 71 3.04545
4570000 23 6.82609 16 53 165 0.91304 72 2.91304
4575000 23 6.91304 17 52 177 0.86957 75 2.91304
4580000 22 6.68182 16 55 161 0.90909 75 3.22727
4585000 22 6.72727 16 56 162 0.95455 74 3.22727
4590000 22 6.45455 16 59 157 1.00000 74 3.22727
4595000 22 6.45455 14 64 160 0.95455 75 3.27273
4600000 23 6.08696 15 57 146 0.86957 75 3.04348
4605000 21 6.42857 13 65 153 0.90476 76 3.33333
4610000 25 5.76000 14 52 148 0.88000 73 2.88000
4615000 23 6.04348 13 55 151 0.95652 74 3.17391
4620000 25 5.76000 17 44 158 0.88000 76 3.00000
4625000 25 5.92000 16 44 153 0.92000 75 2.96000
4630000 25 5.64000 15 55 151 0.92000 74 2.84000
4635000 22 5.81818 13 64 151 0.95455 71 2.95455
4640000 26 5.07692 12 55 145 0.84615 72 2.53846
4645000 22 5.81818 11 59 139 0.90909 75 3.09091
4650000 21 6.09524 13 66 144 0.95238 72 3.14286
4655000 29 4.93103 13 60 159 0.82759 72 2.37931
4660000 26 5.26923 16 65 147 0.84615 75 2.73077
4665000 23 5.65217 17 60 150 1.00000 73 2.95652
4670000 31 5.00000 20 48 153 0.74194 73 2.19355
4675000 27 5.55556 19 50 161 0.92593 75 2.62963
4680000 30 4.96667 22 39 152 0.90000 76 2.46667
4685000 26 5.92308 23 40 152 0.92308 75 2.80769
4690000 25 6.00000 27 44 153 0.88000 77 2.96000
4695000 24 6.16667 27 53 167 0.95833 77 3.12500
4700000 25 5.88000 23 48 156 0.96000 77 3.00000
4705000 20 6.95000 23 60 161 1.00000 74 3.55000
4710000 25 6.08000 23 67 179 0.96000 75 2.84000
4715000 24 6.50000 26 63 174 0.83333 75 3.00000
4720000 24 6.66667 26 68 174 0.95833 75 3.08333
4725000 26 6.46154 24 53 177 0.96154 75 2.84615
4730000 23 7.00000 25 60 179 0.95652 76 3.21739
4735000 26 6.57692 24 49 179 0.84615 75 2.84615
4740000 23 7.17391 25 54 178 0.95652 76 3.26087
4745000 22 7.45455 24 47 174 0.95455 77 3.45455
4750000 22 7.50000 24 51 174 0.90909 74 3.36364
4755000 22 7.68182 22 46 178 1.00000 76 3.36364
4760000 25 7.08000 24 42 177 0.76000 76 2.96000
4765000 21 8.00000 25 55 182 0.95238 75 3.47619
4770000 21 8.04762 24 56 179 1.00000 74 3.47619
4775000 23 6.95652 19 56 172 0.91304 71 3.04348
4780000 23 6.86957 22 58 171 0.91304 72 3.04348
4785000 25 6.36000 20 55 163 0.92000 74 2.84000
4790000 25 6.60000 21 56 175 0.92000 75 2.88000
4795000 24 7.00000 19 47 177 0.91667 76 3.08333
4800000 22 7.59091 22 55 175 0.90909 75 3.36364
4805000 23 7.21739 22 55 177 0.91304 75 3.21739
4810000 23 6.95652 23 53 171 0.86957 75 3.17391
4815000 28 5.85714 20 40 164 0.75000 74 2.57143
4820000 22 6.63636 18 49 159 0.95455 73 3.27273
4825000 23 6.21739 19 57 158 0.95652 76 3.26087
4830000 21 6.66667 19 52 158 1.00000 75 3.57143
4835000 21 7.04762 31 60 158 0.95238 77 3.57143
4840000 21 6.85714 27 58 160 0.95238 73 3.42857
4845000 23 6.39130 21 56 159 0.95652 75 3.21739
4850000 26 6.23077 21 49 163 0.84615 75 2.80769
4855000 25 6.32000 22 49 166 0.88000 73 2.92000
4860000 24 6.50000 21 46 160 0.87500 76 3.04167
4865000 19 7.52632 19 48 152 0.94737 75 3.78947
4870000 20 6.95000 17 46 147 0.90000 73 3.55000
4875000 21 6.28571 17 47 145 0.95238 75 3.47619
4880000 22 6.45455 17 48 155 0.95455 75 3.31818
4885000 23 6.21739 19 47 157 0.91304 75 3.17391
4890000 25 5.92000 18 45 150 0.84000 75 2.96000
4895000 23 6.13043 18 50 142 0.95652 74 3.21739
4900000 23 6.08696 18 59 152 0.95652 73 3.13043
4905000 23 6.30435 22 64 160 0.91304 76 3.13043
4910000 21 6.76190 23 55 151 0.85714 75 3.23810
4915000 20 6.95000 24 62 154 0.85000 75 3.55000
4920000 21 6.14286 21 54 148 1.00000 74 3.38095
4925000 20 5.95000 18 55 130 0.90000 71 3.30000
4930000 21 6.14286 20 60 138 0.85714 71 3.23810
4935000 17 6.94118 21 62 137 0.94118 69 3.76471
4940000 16 6.93750 19 69 140 1.00000 68 4.00000
4945000 23 5.39130 19 67 134 0.86957 69 2.86957
4950000 18 7.11111 21 69 151 0.94444 69 3.72222
4955000 17 7.47059 21 71 148 1.00000 70 3.88235
4960000 22 6.13636 19 59 150 0.90909 74 3.09091
4965000 21 6.00000 17 72 147 0.90476 73 3.23810
4970000 19 6.36842 17 63 146 1.00000 71 3.57895
4975000 19 6.42105 19 63 136 0.89474 71 3.57895
4980000 20 6.40000 18 63 144 0.90000 72 3.45000
4985000 20 6.55000 18 61 152 0.95000 73 3.45000
4990000 20 6.50000 18 61 146 0.95000 73 3.45000
4995000 20 6.35000 17 57 145 0.90000 72 3.45000
5000000 24 5.91667 18 60 159 0.95833 77 3.00000
5005000 29 5.10345 19 52 152 0.82759 76 2.51724
5010000 26 5.69231 20 61 159 0.92308 77 2.92308
5015000 23 6.39130 21 64 169 0.91304 76 3.30435
5020000 24 6.41667 21 53 166 0.91667 75 3.12500
5025000 29 5.51724 19 47 167 0.86207 74 2.55172
5030000 26 6.19231 25 54 176 0.92308 75 2.88462
5035000 24 6.37500 25 61 167 0.91667 75 3.04167
5040000 22 6.54545 20 66 159 0.90909 76 3.31818
5045000 23 6.17391 19 75 162 0.95652 75 3.04348
5050000 25 5.64000 18 57 155 0.92000 75 2.96000
5055000 25 5.56000 17 51 152 0.96000 77 2.96000
5060000 23 6.17391 24 53 159 0.95652 78 3.30435
5065000 24 5.62500 19 53 145 0.87500 73 3.04167
5070000 25 5.36000 22 50 133 0.80000 75 2.88000
5075000 19 6.42105 22 66 148 0.94737 75 3.78947
5080000 22 6.22727 22 60 147 0.90909 75 3.40909
5085000 21 6.52381 20 60 144 0.90476 76 3.47619
5090000 21 6.71429 23 55 151 0.95238 77 3.52381
5095000 21 6.23810 21 61 146 0.85714 76 3.47619
5100000 24 5.66667 21 62 148 0.87500 77 3.04167
5105000 21 6.23810 19 59 151 0.95238 76 3.42857
5110000 22 6.00000 16 62 148 0.95455 75 3.22727
5115000 21 6.19048 16 68 146 0.85714 73 3.28571
5120000 27 5.33333 15 60 157 0.81481 75 2.70370
5125000 25 5.44000 14 61 144 0.88000 73 2.92000
5130000 25 5.28000 14 73 142 0.84000 74 2.84000
5135000 24 5.62500 19 67 151 0.95833 72 2.87500
5140000 19 6.94737 28 65 148 0.89474 72 3.42105
5145000 22 5.86364 27 58 142 0.81818 74 3.00000
5150000 22 6.09091 27 66 144 0.81818 71 3.00000
5155000 25 5.92000 28 63 158 0.84000 73 2.72000
5160000 20 7.00000 32 65 149 1.00000 71 3.55000
5165000 18 7.94444 30 56 154 1.00000 73 3.94444
5170000 22 6.77273 32 52 159 0.95455 76 3.45455
5175000 20 7.25000 30 52 160 0.95000 78 3.80000
5180000 22 6.90909 33 39 156 0.86364 77 3.40909
5185000 22 7.04545 32 47 166 0.86364 77 3.45455
5190000 21 7.00000 29 52 159 0.90476 76 3.61905
5195000 21 7.14286 30 49 162 0.90476 77 3.66667
5200000 20 7.15000 29 56 161 0.95000 77 3.85000
5205000 21 7.23810 31 50 164 0.90476 76 3.57143
5210000 25 6.32000 29 41 166 0.92000 76 3.00000
5215000 21 6.80952 28 55 156 0.95238 75 3.57143
5220000 23 6.39130 26 46 162 0.91304 74 3.17391
5225000 21 6.80952 27 51 153 0.90476 74 3.52381
5230000 22 6.72727 28 53 156 0.90909 76 3.40909
5235000 21 7.33333 30 51 175 1.00000 77 3.61905
5240000 24 6.83333 35 47 170 0.91667 77 3.20833
5245000 19 7.89474 34 56 168 1.00000 77 4.00000
5250000 19 7.57895 33 62 159 0.94737 75 3.89474
5255000 23 6.04348 35 57 150 0.91304 76 3.26087
5260000 19 6.89474 34 59 149 0.94737 78 3.84211
5265000 23 5.95652 34 42 136 0.78261 75 3.13043
5270000 21 5.90476 29 49 128 0.90476 74 3.42857
5275000 19 6.78947 29 54 139 0.94737 72 3.73684
5280000 22 6.27273 27 57 146 0.90909 72 3.18182
5285000 25 5.60000 26 58 140 0.72000 72 2.80000
5290000 22 5.95455 25 72 153 0.90909 74 3.09091
5295000 26 5.65385 25 60 161 0.88462 76 2.76923
5300000 27 5.25926 24 58 151 0.81481 77 2.70370
5305000 22 6.31818 33 58 152 0.90909 75 3.27273
5310000 21 6.57143 35 71 152 0.80952 72 3.38095
5315000 22 6.31818 34 68 154 0.81818 74 3.13636
5320000 18 7.38889 33 73 153 0.88889 74 4.00000
5325000 23 6.30435 32 56 154 0.82609 73 3.08696
5330000 20 6.80000 25 56 146 0.90000 75 3.55000
5335000 22 6.45455 22 63 157 0.90909 75 3.31818
5340000 22 6.50000 23 66 158 0.86364 73 3.22727
5345000 22 6.77273 25 60 162 0.90909 74 3.36364
5350000 19 7.73684 28 63 159 0.94737 74 3.84211
5355000 24 6.25000 29 56 159 0.87500 76 3.04167
5360000 20 7.10000 28 61 161 1.00000 76 3.60000
5365000 24 6.20833 27 50 161 0.87500 78 3.08333
5370000 24 6.33333 28 48 153 0.83333 73 2.87500
5375000 22 6.36364 24 55 155 0.95455 71 3.09091
5380000 22 6.04545 24 55 149 0.95455 70 3.09091
5385000 25 5.76000 24 44 148 0.88000 71 2.84000
5390000 22 6.13636 22 50 147 0.95455 70 3.09091
5395000 23 5.65217 21 58 138 0.91304 70 3.00000
5400000 24 5.54167 24 47 145 0.95833 72 2.95833
5405000 20 6.65000 22 66 152 0.90000 74 3.40000
5410000 24 6.00000 21 69 161 0.87500 75 2.87500
5415000 25 5.60000 21 61 157 0.96000 75 2.92000
5420000 24 5.75000 18 62 153 0.83333 71 2.83333
5425000 26 5.46154 17 60 144 0.76923 72 2.53846
5430000 24 5.79167 18 59 152 0.91667 73 2.95833
5435000 25 5.60000 20 57 149 0.84000 71 2.68000
5440000 23 5.78261 17 65 152 0.86957 68 2.78261
5445000 21 6.23810 20 58 145 0.95238 73 3.23810
5450000 24 5.50000 19 62 141 0.75000 71 2.66667
5455000 27 4.96296 18 61 140 0.81481 70 2.44444
5460000 22 5.40909 18 61 141 0.90909 66 2.90909
5465000 24 4.87500 17 70 129 0.95833 69 2.79167
5470000 26 5.00000 16 67 142 0.88462 68 2.46154
5475000 29 4.75862 18 58 147 0.86207 69 2.13793
5480000 21 5.42857 18 79 137 0.95238 65 2.85714
5485000 28 4.75000 18 68 149 0.89286 73 2.39286
5490000 25 5.72000 22 61 152 0.88000 69 2.64000
5495000 29 5.24138 24 54 155 0.86207 68 2.24138
5500000 28 5.35714 22 53 161 0.85714 70 2.39286
5505000 28 5.50000 23 48 157 0.92857 70 2.39286
5510000 28 5.39286 20 52 167 1.00000 72 2.42857
5515000 25 5.80000 17 58 165 1.00000 70 2.68000
5520000 26 6.23077 17 53 178 0.96154 72 2.53846
5525000 25 6.40000 16 46 167 0.96000 68 2.60000
5530000 24 6.16667 14 51 170 0.95833 69 2.70833
5535000 28 5.35714 13 52 159 0.96429 71 2.50000
5540000 28 5.75000 14 44 160 0.96429 72 2.50000
5545000 27 5.70370 14 46 161 0.96296 71 2.59259
5550000 24 6.29167 11 49 163 0.95833 71 2.83333
5555000 25 6.16000 13 44 162 0.96000 69 2.72000
5560000 26 5.80769 15 44 158 0.96154 71 2.53846
5565000 27 5.33333 15 45 154 0.92593 70 2.55556
5570000 26 5.76923 16 36 158 0.96154 70 2.69231
5575000 25 5.64000 18 44 152 0.96000 71 2.76000
5580000 27 5.33333 18 46 152 0.92593 72 2.59259
5585000 24 5.66667 16 52 150 0.91667 70 2.87500
5590000 23 5.82609 13 48 142 0.95652 67 2.86957
5595000 27 5.40741 14 46 154 0.92593 66 2.40741
5600000 24 6.04167 16 46 153 0.91667 69 2.75000
5605000 26 5.61538 15 47 148 0.92308 68 2.57692
5610000 24 5.87500 20 51 150 0.91667 73 2.87500
5615000 27 5.40741 17 46 155 0.92593 74 2.51852
5620000 24 5.83333 16 58 153 0.95833 75 3.00000
5625000 26 5.76923 20 53 161 0.92308 74 2.73077
5630000 25 6.20000 18 53 175 1.00000 73 2.80000
5635000 23 6.95652 18 56 176 1.00000 74 3.08696
5640000 24 6.79167 17 47 175 0.95833 75 3.08333
5645000 25 6.88000 26 33 182 0.92000 73 2.84000
5650000 21 7.47619 23 46 173 1.00000 73 3.33333
5655000 26 6.03846 20 41 167 0.96154 71 2.69231
5660000 24 6.16667 20 44 169 0.95833 71 2.87500
5665000 24 6.16667 21 50 160 0.95833 72 2.91667
5670000 22 6.45455 21 58 155 1.00000 71 3.04545
5675000 22 6.18182 16 56 148 1.00000 69 2.95455
5680000 23 6.00000 14 53 153 0.86957 71 2.86957
5685000 23 6.47826 13 51 168 0.91304 74 2.95652
5690000 24 6.41667 16 42 168 0.95833 76 3.08333
5695000 25 6.32000 15 37 166 0.96000 73 2.84000
5700000 24 6.45833 15 39 160 0.91667 74 2.95833
5705000 24 6.16667 15 37 160 0.91667 73 2.95833
5710000 24 6.00000 18 50 155 1.00000 73 2.95833
5715000 27 5.77778 19 46 169 0.96296 74 2.74074
5720000 28 5.39286 20 45 152 0.89286 73 2.57143
5725000 21 6.71429 18 49 162 1.00000 74 3.47619
5730000 25 5.76000 16 43 160 1.00000 75 2.96000
5735000 24 5.95833 16 41 153 1.00000 74 3.08333
5740000 23 6.21739 15 45 158 0.95652 74 3.08696
5745000 24 6.25000 16 49 167 0.91667 75 2.95833
5750000 26 5.84615 15 48 158 0.84615 71 2.69231
5755000 24 6.12500 14 57 154 0.87500 72 2.91667
5760000 25 6.08000 12 58 163 0.88000 70 2.76000
5765000 25 6.16000 14 59 169 0.92000 71 2.84000
5770000 30 5.43333 16 53 172 0.90000 73 2.40000
5775000 25 5.96000 15 63 156 0.88000 72 2.80000
5780000 24 6.29167 15 66 169 0.95833 73 2.95833
5785000 23 6.52174 15 63 166 0.95652 75 3.17391
5790000 24 6.45833 16 59 169 0.91667 76 3.00000
5795000 27 5.74074 15 56 174 0.88889 76 2.74074
5800000 26 5.53846 13 55 154 0.96154 75 2.84615
5805000 21 6.66667 13 53 161 1.00000 76 3.42857
5810000 23 6.21739 12 44 155 0.95652 73 3.17391
5815000 21 6.19048 12 47 147 1.00000 73 3.47619
5820000 22 6.13636 13 50 151 0.95455 75 3.27273
5825000 24 6.16667 13 48 158 0.95833 74 3.08333
5830000 24 6.33333 16 48 167 1.00000 74 3.08333
5835000 22 6.77273 17 54 165 0.95455 75 3.31818
5840000 21 6.95238 17 58 167 1.00000 75 3.47619
5845000 28 5.71429 15 52 167 0.85714 77 2.71429
5850000 23 6.69565 16 60 168 0.95652 76 3.26087
5855000 28 5.89286 13 53 171 0.85714 75 2.67857
5860000 23 6.78261 12 57 169 0.95652 76 3.26087
5865000 24 6.00000 11 51 154 1.00000 76 3.08333
5870000 23 5.73913 9 56 145 1.00000 76 3.21739
5875000 23 5.91304 12 48 154 1.00000 74 3.21739
5880000 24 5.62500 10 54 149 1.00000 74 3.04167
5885000 24 6.04167 11 52 157 1.00000 75 3.04167
5890000 25 5.96000 12 51 160 0.92000 74 2.92000
5895000 26 5.65385 12 45 164 1.00000 72 2.76923
5900000 25 5.92000 14 44 155 0.92000 74 2.84000
5905000 23 6.04348 14 52 147 0.95652 73 3.00000
5910000 22 6.40909 13 50 158 0.95455 72 3.13636
5915000 21 6.71429 14 45 152 1.00000 74 3.38095
5920000 24 6.04167 13 54 156 0.95833 73 2.95833
5925000 23 5.86957 13 54 150 0.91304 71 2.95652
5930000 24 5.50000 12 58 143 0.87500 73 2.83333
5935000 27 5.00000 12 61 139 0.85185 72 2.44444
5940000 27 5.14815 13 66 152 0.81481 73 2.44444
5945000 24 5.75000 18 65 150 0.91667 74 2.87500
5950000 23 5.86957 20 74 157 0.95652 72 2.91304
5955000 28 5.21429 15 59 157 0.85714 70 2.39286
5960000 23 5.69565 13 63 146 0.91304 71 2.91304
5965000 25 5.56000 14 62 149 0.80000 72 2.68000
5970000 28 5.10714 14 58 150 0.82143 73 2.42857
5975000 23 6.08696 17 60 164 0.95652 73 3.00000
5980000 25 5.56000 16 52 157 0.92000 74 2.80000
5985000 27 5.62963 16 46 161 0.92593 74 2.66667
5990000 26 5.38462 14 49 149 1.00000 74 2.80769
5995000 26 5.65385 14 50 154 0.84615 74 2.76923
6000000 23 6.34783 13 52 160 0.95652 75 3.21739
6005000 22 6.68182 15 54 165 0.95455 77 3.36364
6010000 23 6.43478 16 44 160 0.86957 73 3.08696
6015000 22 6.27273 23 57 155 0.86364 74 3.18182
6020000 21 6.52381 21 65 154 0.90476 74 3.47619
6025000 23 5.56522 23 64 146 0.91304 73 3.13043
6030000 20 6.40000 29 60 148 0.95000 75 3.50000
6035000 25 5.28000 29 50 144 0.80000 73 2.72000
6040000 20 5.70000 26 76 139 0.90000 75 3.40000
6045000 25 4.92000 27 68 141 0.88000 70 2.72000
6050000 25 5.16000 27 67 147 0.88000 72 2.84000
6055000 22 6.00000 22 70 149 0.90909 76 3.18182
6060000 22 6.09091 23 76 149 0.90909 75 3.18182
6065000 24 5.75000 21 57 147 0.79167 71 2.83333
6070000 23 5.73913 20 58 142 0.91304 73 3.08696
6075000 29 5.06897 19 54 148 0.82759 72 2.44828
6080000 24 6.16667 20 55 156 0.83333 73 2.95833
6085000 24 6.41667 21 58 165 0.83333 71 2.91667
6090000 26 5.80769 21 62 159 0.80769 71 2.65385
6095000 21 6.61905 20 57 145 0.80952 75 3.19048
6100000 20 6.80000 20 67 150 0.90000 73 3.20000
6105000 21 6.80952 21 57 153 0.90476 73 3.09524
6110000 24 5.95833 21 51 155 0.91667 73 2.87500
6115000 24 6.04167 22 50 151 0.87500 71 2.87500
6120000 22 6.40909 18 50 155 0.90909 70 3.04545
6125000 23 6.00000 19 52 152 0.91304 70 3.00000
6130000 27 5.14815 18 49 144 0.85185 73 2.62963
6135000 22 5.59091 17 62 138 0.95455 67 3.00000
6140000 21 6.19048 16 68 148 0.85714 72 3.33333
6145000 21 6.28571 19 68 146 0.90476 71 3.28571
6150000 21 6.76190 17 61 153 0.85714 72 3.28571
6155000 23 6.17391 17 59 153 0.86957 69 2.78261
6160000 21 6.57143 17 67 157 0.95238 68 3.19048
6165000 22 6.54545 17 61 154 0.90909 73 3.13636
6170000 21 7.04762 16 59 165 0.95238 72 3.28571
6175000 24 6.50000 17 56 172 0.91667 74 2.87500
6180000 25 5.92000 16 64 164 0.92000 76 2.96000
6185000 24 6.29167 16 59 167 0.91667 76 2.83333
6190000 25 6.72000 17 49 181 0.92000 75 2.80000
6195000 22 7.27273 18 53 176 1.00000 74 3.22727
6200000 22 6.81818 17 60 169 1.00000 74 3.22727
6205000 27 6.14815 18 48 165 0.81481 75 2.62963
6210000 24 6.58333 21 54 166 0.87500 72 2.91667
6215000 22 6.86364 22 53 164 0.90909 73 3.09091
6220000 20 7.50000 22 55 169 1.00000 73 3.50000
6225000 21 7.38095 24 51 161 0.90476 75 3.42857
6230000 24 6.66667 22 49 166 0.83333 73 2.95833
6235000 22 6.90909 23 53 163 0.90909 73 3.31818
6240000 20 7.35000 22 62 166 0.95000 73 3.55000
6245000 21 6.90476 22 54 153 0.95238 75 3.52381
6250000 22 6.90909 20 54 163 0.90909 76 3.40909
6255000 25 6.00000 21 47 158 0.84000 76 3.04000
6260000 23 6.43478 21 50 162 0.95652 77 3.21739
6265000 23 5.95652 20 49 144 0.91304 76 3.21739
6270000 24 5.50000 21 64 140 0.95833 75 3.04167
6275000 23 5.86957 24 64 147 0.95652 74 3.08696
6280000 17 7.47059 26 70 152 1.00000 73 4.05882
6285000 21 6.61905 27 56 153 0.95238 72 3.33333
6290000 21 6.42857 25 56 151 0.95238 70 3.33333
6295000 22 5.95455 22 53 147 0.95455 69 3.13636
6300000 26 5.34615 23 52 144 0.76923 71 2.65385
6305000 22 6.09091 24 56 145 0.95455 75 3.22727
6310000 25 5.84000 27 49 144 0.84000 72 2.76000
6315000 23 6.34783 26 49 155 0.91304 73 3.13043
6320000 21 6.71429 25 52 155 0.90476 70 3.28571
6325000 20 6.90000 23 57 153 0.90000 73 3.40000
6330000 17 7.76471 21 61 156 1.00000 72 3.76471
6335000 20 7.00000 24 50 155 0.90000 72 3.40000
6340000 21 6.47619 22 51 153 0.95238 72 3.23810
6345000 24 5.95833 24 46 154 0.87500 72 2.91667
6350000 20 7.10000 22 50 164 1.00000 73 3.50000
6355000 21 6.76190 21 52 157 0.90476 72 3.23810
6360000 20 6.85000 20 50 153 1.00000 68 3.30000
6365000 24 6.08333 19 52 159 0.95833 68 2.75000
6370000 23 6.30435 19 60 159 0.95652 72 2.91304
6375000 28 5.35714 17 48 159 0.89286 70 2.35714
6380000 22 6.18182 18 53 156 1.00000 71 2.95455
6385000 23 6.04348 18 62 157 1.00000 71 2.82609
6390000 24 5.62500 18 61 153 1.00000 71 2.91667
6395000 29 5.06897 19 51 160 0.96552 70 2.41379
6400000 25 5.76000 20 58 154 1.00000 69 2.72000
6405000 25 5.80000 19 63 163 0.92000 70 2.68000
6410000 24 5.95833 20 57 154 0.91667 71 2.79167
6415000 23 5.95652 20 57 152 0.95652 73 3.04348
6420000 27 5.37037 20 50 156 0.92593 71 2.55556
6425000 23 6.17391 20 56 156 1.00000 71 2.95652
6430000 22 6.77273 20 57 173 1.00000 72 3.04545
6435000 20 7.60000 20 61 167 1.00000 72 3.40000
6440000 24 6.45833 20 53 166 0.95833 72 2.95833
6445000 30 5.20000 20 50 165 0.93333 74 2.40000
6450000 27 5.85185 22 54 169 0.92593 75 2.62963
6455000 27 5.85185 22 50 166 0.88889 74 2.62963
6460000 26 6.11538 21 56 166 0.92308 75 2.84615
6465000 26 5.69231 20 53 160 0.92308 72 2.76923
6470000 28 5.46429 19 46 162 0.89286 74 2.53571
6475000 27 5.55556 20 44 159 0.92593 72 2.51852
6480000 24 5.91667 20 47 153 0.95833 72 2.83333
6485000 24 5.62500 17 48 151 1.00000 71 2.75000
6490000 23 5.73913 18 55 149 0.95652 70 2.91304
6495000 26 5.73077 18 55 161 0.88462 73 2.69231
6500000 26 5.61538 16 59 160 0.92308 74 2.57692
6505000 25 5.88000 15 56 158 0.92000 74 2.72000
6510000 29 5.27586 14 56 160 0.86207 72 2.31034
6515000 29 5.17241 13 60 160 0.96552 71 2.34483
6520000 25 5.68000 14 65 159 1.00000 71 2.68000
6525000 23 6.39130 14 54 159 0.95652 69 2.82609
6530000 24 6.04167 18 53 160 0.95833 71 2.87500
6535000 21 6.66667 13 57 161 1.00000 71 3.33333
6540000 24 6.45833 16 58 168 0.95833 73 2.91667
6545000 25 6.36000 17 59 172 0.92000 72 2.80000
6550000 25 6.08000 16 59 166 0.92000 72 2.76000
6555000 24 6.50000 15 55 169 0.95833 73 3.00000
6560000 25 6.12000 15 51 164 0.92000 74 2.92000
6565000 25 6.00000 17 52 165 0.92000 74 2.96000
6570000 24 6.08333 15 62 150 0.83333 75 3.04167
6575000 22 6.22727 14 69 154 0.95455 73 3.22727
6580000 23 6.21739 14 75 157 0.86957 73 2.91304
6585000 26 6.00000 24 56 161 0.84615 73 2.65385
6590000 20 6.75000 23 66 143 0.85000 75 3.45000
6595000 23 6.21739 22 56 151 0.86957 73 3.00000
6600000 21 6.33333 21 60 146 0.90476 74 3.28571
6605000 20 6.45000 19 76 151 0.95000 74 3.45000
6610000 21 6.76190 19 54 150 0.90476 68 3.09524
6615000 22 6.50000 19 51 152 0.95455 68 2.86364
6620000 27 5.44444 20 45 159 0.92593 73 2.44444
6625000 20 7.00000 20 66 168 1.00000 73 3.40000
6630000 21 6.71429 19 57 154 0.85714 75 3.38095
6635000 24 6.66667 21 52 170 0.79167 73 2.95833
6640000 22 6.68182 18 55 156 0.86364 72 3.13636
6645000 21 6.85714 18 48 158 0.95238 72 3.33333
6650000 21 6.52381 18 52 150 0.95238 72 3.28571
6655000 22 6.22727 20 56 148 0.81818 71 3.09091
6660000 20 6.55000 20 64 147 0.95000 74 3.50000
6665000 20 6.65000 22 57 148 0.95000 75 3.70000
6670000 20 6.35000 21 63 141 0.85000 75 3.45000
6675000 17 7.52941 21 57 137 0.94118 71 3.94118
6680000 22 6.40909 21 57 156 0.86364 71 3.13636
6685000 22 6.81818 18 62 167 1.00000 71 3.09091
6690000 21 6.95238 21 66 170 0.85714 73 3.33333
6695000 21 7.04762 19 69 173 0.95238 74 3.42857
6700000 21 7.57143 26 62 175 0.95238 74 3.42857
6705000 19 8.10526 23 63 173 0.94737 73 3.78947
6710000 19 7.94737 20 54 163 0.94737 72 3.73684
6715000 24 6.50000 19 53 164 0.91667 74 3.04167
6720000 22 7.04545 18 52 164 0.90909 76 3.36364
6725000 21 6.71429 16 50 155 0.90476 78 3.61905
6730000 20 7.05000 22 59 157 0.95000 77 3.80000
6735000 18 7.72222 19 72 157 0.88889 76 4.05556
6740000 19 7.63158 22 62 165 1.00000 77 3.84211
6745000 20 7.55000 23 62 168 0.95000 76 3.75000
6750000 25 6.16000 23 61 162 0.84000 75 2.92000
6755000 22 6.40909 22 68 150 0.77273 73 3.18182
6760000 19 7.26316 31 70 147 0.78947 72 3.47368
6765000 23 6.34783 31 56 148 0.86957 71 2.95652
6770000 16 8.50000 29 63 149 0.87500 72 4.06250
6775000 19 7.78947 28 47 153 0.68421 69 3.42105
6780000 20 7.25000 30 44 150 0.85000 72 3.35000
6785000 18 7.72222 31 52 155 0.83333 72 3.66667
6790000 20 6.90000 32 47 144 0.85000 72 3.40000
6795000 17 8.00000 32 57 151 0.94118 67 3.88235
6800000 19 7.31579 34 57 153 0.89474 70 3.42105
6805000 20 7.05000 28 49 153 0.75000 68 3.05000
6810000 19 7.00000 29 61 143 0.89474 68 3.31579
6815000 19 7.31579 29 65 161 0.84211 72 3.31579
6820000 20 6.80000 26 61 151 0.80000 72 3.20000
6825000 22 6.27273 25 66 158 0.90909 73 3.00000
6830000 20 6.95000 27 59 156 0.95000 73 3.35000
6835000 23 6.30435 23 60 158 0.86957 73 2.78261
6840000 23 6.13043 21 67 157 0.78261 73 2.78261
6845000 20 7.15000 24 67 157 0.95000 72 3.25000
6850000 26 5.84615 24 52 160 0.80769 74 2.65385
6855000 19 7.21053 24 61 149 0.89474 69 3.42105
6860000 24 6.00000 23 68 153 0.87500 72 2.75000
6865000 26 6.03846 26 58 162 0.80769 70 2.57692
6870000 26 5.88462 22 57 159 0.84615 70 2.61538
6875000 25 6.24000 22 62 164 0.88000 72 2.76000
6880000 28 5.82143 22 54 175 0.92857 74 2.57143
6885000 24 6.33333 23 47 163 0.91667 75 2.95833
6890000 21 6.80952 22 49 161 1.00000 74 3.38095
6895000 24 6.08333 21 44 158 0.95833 74 2.95833
6900000 24 5.83333 20 48 148 0.91667 73 2.95833
6905000 23 6.04348 23 54 157 1.00000 74 3.13043
6910000 24 5.62500 22 46 149 1.00000 71 2.91667
6915000 24 5.62500 21 49 149 0.95833 69 2.79167
6920000 24 5.50000 23 55 146 0.95833 70 2.83333
6925000 23 5.78261 26 56 147 0.91304 71 2.95652
6930000 24 5.91667 25 57 148 0.87500 69 2.70833
6935000 20 6.45000 23 70 148 1.00000 70 3.05000
6940000 23 6.00000 23 70 157 0.91304 72 2.69565
6945000 26 5.50000 19 65 161 0.88462 69 2.50000
6950000 27 5.29630 18 66 165 0.96296 71 2.48148
6955000 25 5.64000 17 61 162 0.96000 71 2.68000
6960000 25 5.60000 19 55 159 0.92000 69 2.48000
6965000 27 5.00000 19 53 146 0.92593 70 2.40741
6970000 23 5.82609 16 58 149 1.00000 67 2.73913
6975000 22 5.95455 15 57 150 1.00000 62 2.68182
6980000 24 5.50000 16 63 147 0.87500 66 2.50000
6985000 22 5.86364 17 65 154 1.00000 72 2.81818
6990000 26 5.38462 16 55 158 0.92308 65 2.42308
6995000 21 6.42857 16 56 147 1.00000 65 3.00000
7000000 24 5.54167 13 51 145 0.87500 70 2.75000
7005000 24 5.37500 14 60 152 0.95833 70 2.66667
7010000 25 5.04000 13 65 144 0.92000 70 2.44000
7015000 21 6.19048 17 58 144 1.00000 70 3.09524
7020000 23 5.91304 17 60 155 0.95652 74 3.00000
7025000 24 5.83333 18 50 156 0.95833 74 3.00000
7030000 26 5.46154 16 50 154 0.92308 75 2.76923
7035000 26 5.84615 15 44 156 0.80769 72 2.65385
7040000 24 5.87500 14 57 155 0.91667 73 2.79167
7045000 24 5.95833 17 61 160 0.87500 74 2.83333
7050000 26 5.42308 16 60 164 0.92308 73 2.65385
7055000 28 5.17857 16 52 157 0.92857 70 2.46429
7060000 25 5.84000 20 50 158 0.96000 70 2.72000
7065000 27 5.81481 20 47 164 0.92593 74 2.51852
7070000 19 6.84211 17 59 149 1.00000 72 3.57895
7075000 19 7.15789 17 58 157 0.94737 69 3.42105
7080000 19 6.84211 16 56 149 1.00000 69 3.42105
7085000 20 6.60000 16 51 141 0.95000 67 3.25000
7090000 23 6.13043 17 50 148 0.95652 68 2.86957
7095000 26 5.38462 16 46 154 0.92308 71 2.61538
7100000 21 6.23810 17 65 160 0.95238 74 3.23810
7105000 27 5.33333 18 60 161 0.85185 73 2.62963
7110000 24 5.95833 20 58 149 0.83333 74 2.95833
7115000 22 6.31818 22 58 152 0.90909 75 3.18182
7120000 20 6.65000 24 58 150 0.90000 73 3.55000
7125000 18 7.61111 24 58 153 0.94444 73 3.88889
7130000 22 6.77273 24 56 157 0.86364 77 3.27273
7135000 22 6.95455 26 52 165 0.90909 77 3.36364
7140000 23 6.65217 24 45 165 0.95652 73 3.00000
7145000 21 6.80952 22 51 155 0.95238 73 3.38095
7150000 23 6.26087 22 42 153 0.91304 72 3.13043
7155000 24 6.00000 20 38 151 1.00000 72 2.95833
7160000 24 5.70833 18 50 150 0.87500 73 3.00000
7165000 25 5.76000 17 46 142 0.84000 72 2.84000
7170000 26 5.73077 20 43 149 0.84615 71 2.69231
7175000 21 6.09524 16 47 139 0.95238 72 3.28571
7180000 22 5.95455 17 50 140 0.95455 72 3.27273
7185000 23 5.91304 16 58 156 0.95652 68 2.86957
7190000 21 6.57143 16 57 155 0.90476 69 3.14286
7195000 19 7.05263 18 54 146 0.89474 74 3.68421
7200000 21 6.38095 16 60 146 0.90476 75 3.38095
7205000 24 6.37500 20 55 161 0.87500 75 3.08333
7210000 19 7.26316 20 65 150 0.94737 73 3.78947
7215000 18 7.94444 23 65 165 0.88889 71 3.83333
7220000 21 6.85714 20 57 149 0.80952 71 3.19048
7225000 19 7.21053 18 58 159 0.89474 73 3.63158
7230000 21 6.76190 20 53 151 0.85714 71 3.23810
7235000 24 6.50000 19 55 165 0.91667 73 2.95833
7240000 22 6.77273 21 59 162 0.86364 72 3.13636
7245000 24 6.70833 24 53 176 0.95833 70 2.83333
7250000 23 6.56522 24 48 162 0.95652 72 3.08696
7255000 22 6.72727 24 45 160 0.95455 71 3.18182
7260000 21 6.47619 22 54 152 0.95238 72 3.33333
7265000 21 6.57143 18 58 157 0.95238 71 3.28571
7270000 21 6.52381 17 56 154 0.90476 71 3.04762
7275000 20 6.65000 16 56 144 1.00000 68 3.15000
7280000 24 5.87500 15 52 155 0.87500 68 2.83333
7285000 26 5.69231 18 47 154 0.84615 71 2.69231
7290000 21 6.52381 20 62 151 0.90476 71 3.23810
7295000 21 6.47619 19 58 146 0.90476 72 3.28571
7300000 24 5.95833 21 57 151 0.87500 71 2.79167
7305000 26 5.69231 22 57 160 0.92308 70 2.61538
7310000 26 5.23077 19 63 144 0.92308 72 2.61538
7315000 26 5.07692 19 68 157 1.00000 73 2.65385
7320000 26 5.11538 20 57 140 0.88462 69 2.61538
7325000 22 5.77273 21 63 143 1.00000 71 3.09091
7330000 23 5.52174 21 54 130 0.91304 71 2.95652
7335000 23 5.26087 23 61 142 0.95652 75 3.04348
7340000 23 5.13043 22 64 138 0.91304 74 3.04348
7345000 24 5.16667 21 70 140 0.91667 72 2.83333
7350000 27 4.77778 19 55 138 0.85185 73 2.55556
7355000 24 5.12500 17 60 135 0.91667 72 2.91667
7360000 25 5.08000 17 66 145 0.96000 71 2.80000
7365000 25 5.64000 21 54 152 0.92000 71 2.64000
7370000 25 5.80000 21 48 155 0.92000 70 2.72000
7375000 22 5.90909 17 57 149 0.95455 73 2.95455
7380000 28 5.25000 20 46 150 0.85714 74 2.39286
7385000 29 5.06897 19 51 161 0.93103 76 2.51724
7390000 28 5.00000 17 59 156 0.92857 78 2.64286
7395000 26 4.84615 17 64 133 0.96154 74 2.80769
7400000 28 4.89286 18 56 147 0.92857 73 2.60714
7405000 27 5.11111 20 60 155 0.92593 74 2.70370
7410000 26 5.15385 21 61 147 0.88462 76 2.69231
7415000 24 5.54167 20 67 150 0.91667 74 2.91667
7420000 23 5.39130 19 66 140 0.95652 73 3.00000
7425000 21 5.90476 18 63 150 1.00000 74 3.23810
7430000 24 5.50000 22 58 143 0.91667 74 2.87500
7435000 23 5.95652 25 59 150 0.82609 71 2.82609
7440000 26 5.57692 25 54 159 1.00000 71 2.53846
7445000 23 5.95652 23 55 148 1.00000 70 2.91304
7450000 20 6.40000 20 62 146 0.95000 68 3.10000
7455000 21 6.57143 23 45 154 0.95238 71 3.00000
7460000 21 6.28571 20 54 156 0.95238 67 2.85714
7465000 22 6.00000 18 55 142 0.90909 68 2.90909
7470000 23 5.86957 18 58 155 0.91304 70 2.78261
7475000 24 5.79167 17 55 149 0.87500 68 2.66667
7480000 25 5.52000 16 54 152 0.88000 71 2.56000
7485000 24 5.87500 18 54 151 0.87500 72 2.54167
7490000 26 5.53846 18 49 158 0.96154 70 2.50000
7495000 21 6.19048 17 57 146 0.90476 70 2.95238
7500000 24 5.95833 15 52 165 1.00000 74 2.70833
7505000 29 5.41379 20 39 156 0.79310 75 2.41379
7510000 27 5.88889 20 41 160 0.85185 75 2.59259
7515000 23 6.65217 25 51 166 0.91304 74 2.82609
7520000 24 6.25000 23 46 156 0.91667 72 2.83333
7525000 26 5.84615 21 48 158 0.84615 72 2.65385
7530000 24 6.04167 19 40 148 0.87500 71 2.83333
7535000 24 6.12500 19 39 152 0.95833 74 2.91667
7540000 27 5.48148 17 38 149 0.96296 74 2.59259
7545000 23 5.86957 16 50 144 0.91304 72 3.00000
7550000 26 5.42308 17 45 140 0.92308 68 2.53846
7555000 21 6.38095 19 50 148 0.95238 70 3.14286
7560000 25 5.68000 20 49 144 0.84000 69 2.72000
7565000 19 6.26316 25 62 140 1.00000 72 3.63158
7570000 23 5.65217 24 56 138 0.91304 72 3.04348
7575000 22 5.68182 18 60 139 0.95455 72 3.22727
7580000 23 5.43478 17 59 138 0.95652 71 3.00000
7585000 23 5.52174 15 58 136 0.91304 71 3.04348
7590000 23 5.30435 14 62 139 1.00000 70 2.95652
7595000 26 4.73077 13 70 138 0.92308 73 2.61538
7600000 30 4.30000 12 63 144 0.83333 74 2.30000
7605000 26 4.73077 12 70 141 0.96154 75 2.73077
7610000 30 4.76667 15 60 157 1.00000 74 2.36667
7615000 27 5.48148 18 63 163 0.88889 72 2.55556
7620000 27 5.40741 20 68 167 0.96296 75 2.59259
7625000 25 6.04000 18 60 167 1.00000 77 2.80000
7630000 29 5.31034 16 55 153 0.86207 75 2.48276
7635000 28 5.17857 15 62 158 0.92857 72 2.50000
7640000 31 5.09677 16 61 166 0.93548 72 2.29032
7645000 26 5.61538 16 70 166 1.00000 73 2.69231
7650000 27 5.44444 16 56 160 0.92593 72 2.59259
7655000 27 5.70370 20 53 161 0.88889 70 2.55556
7660000 25 5.88000 15 65 164 0.88000 71 2.72000
7665000 29 5.31034 15 54 161 0.86207 72 2.31034
7670000 27 5.70370 15 54 159 0.85185 75 2.55556
7675000 24 5.95833 17 60 158 0.91667 76 2.95833
7680000 24 5.87500 16 52 152 0.91667 76 2.87500
7685000 28 5.17857 14 48 155 0.89286 72 2.50000
7690000 27 5.37037 16 58 159 0.96296 73 2.51852
7695000 25 5.68000 15 50 155 0.96000 73 2.76000
7700000 22 6.00000 15 52 145 0.95455 73 3.04545
7705000 23 5.86957 15 54 152 0.91304 73 2.91304
7710000 21 6.28571 17 53 147 0.95238 72 3.14286
7715000 21 6.33333 15 56 155 1.00000 72 3.23810
7720000 21 6.38095 13 52 151 1.00000 72 3.19048
7725000 21 6.47619 16 51 148 0.95238 71 3.23810
7730000 22 6.50000 18 58 150 0.86364 71 3.00000
7735000 23 6.13043 18 62 151 0.91304 72 2.95652
7740000 23 6.13043 15 62 153 0.95652 73 3.00000
7745000 21 6.80952 15 58 157 0.95238 73 3.23810
7750000 24 6.12500 14 49 163 1.00000 75 2.95833
7755000 26 6.19231 14 37 167 0.92308 74 2.73077
7760000 25 6.08000 12 46 162 0.96000 75 2.76000
7765000 24 6.25000 14 53 160 0.95833 73 2.83333
7770000 25 5.84000 13 51 152 0.88000 74 2.72000
7775000 24 5.66667 12 52 144 0.87500 73 2.83333
7780000 23 6.00000 14 57 148 0.95652 76 3.04348
7785000 22 6.45455 15 58 148 0.90909 77 3.22727
7790000 24 6.12500 18 55 153 0.95833 74 3.00000
7795000 24 6.41667 18 43 164 0.95833 69 2.83333
7800000 22 6.81818 17 47 156 1.00000 69 3.09091
7805000 23 6.21739 18 53 152 0.95652 69 2.95652
7810000 23 6.69565 19 54 167 0.86957 70 2.86957
7815000 24 6.37500 17 55 166 0.87500 71 2.79167
7820000 22 6.68182 16 60 160 1.00000 73 3.18182
7825000 26 6.00000 18 46 159 0.96154 70 2.65385
7830000 22 6.77273 16 57 169 0.95455 70 3.13636
7835000 23 6.91304 17 54 167 0.95652 66 2.86957
7840000 23 6.47826 16 56 159 0.91304 69 2.86957
7845000 22 6.40909 17 53 156 0.95455 67 3.00000
7850000 24 6.12500 19 51 158 0.87500 71 2.83333
7855000 21 7.00000 16 51 160 1.00000 71 3.28571
7860000 25 6.36000 15 42 162 0.92000 71 2.76000
7865000 25 6.20000 15 39 152 0.92000 71 2.84000
7870000 23 6.21739 13 48 153 0.91304 73 2.86957
7875000 24 6.04167 15 55 160 0.95833 68 2.79167
7880000 25 5.80000 14 60 163 0.84000 73 2.68000
7885000 24 6.75000 17 52 173 0.95833 73 2.91667
7890000 27 6.22222 19 45 175 0.88889 73 2.59259
7895000 23 6.82609 18 51 176 0.95652 74 3.13043
7900000 23 6.60870 17 53 159 0.91304 74 3.13043
7905000 23 6.43478 17 60 155 0.95652 70 2.95652
7910000 23 6.21739 15 59 159 1.00000 72 3.04348
7915000 23 6.47826 16 52 158 1.00000 72 3.08696
7920000 24 6.58333 18 51 163 0.87500 72 2.95833
7925000 22 6.72727 17 54 164 0.90909 74 3.27273
7930000 19 6.89474 18 61 147 0.94737 75 3.73684
7935000 20 6.50000 17 53 142 0.95000 75 3.60000
7940000 23 6.26087 20 45 151 0.91304 76 3.21739
7945000 23 5.78261 17 51 142 0.95652 75 3.21739
7950000 22 5.86364 15 61 150 0.95455 75 3.36364
7955000 27 4.88889 13 54 134 0.88889 72 2.55556
7960000 22 5.63636 14 59 134 0.81818 72 3.09091
7965000 20 6.35000 14 71 142 0.85000 68 3.30000
7970000 21 6.09524 14 61 146 0.85714 70 3.28571
7975000 21 5.71429 16 63 138 0.90476 72 3.33333
7980000 25 5.24000 16 64 140 0.84000 70 2.76000
7985000 28 4.78571 14 63 145 0.82143 68 2.35714
7990000 24 5.62500 12 60 145 0.87500 69 2.66667
7995000 23 5.95652 13 65 158 0.91304 70 2.69565
8000000 28 5.21429 14 65 164 0.92857 71 2.39286
8005000 25 5.64000 13 68 160 0.92000 72 2.60000
8010000 28 5.35714 13 46 156 0.92857 69 2.39286
8015000 26 5.65385 14 51 161 1.00000 72 2.69231
8020000 23 6.60870 17 47 169 1.00000 73 3.00000
8025000 27 5.96296 16 45 170 0.85185 72 2.55556
8030000 25 6.28000 19 57 175 0.96000 71 2.76000
8035000 26 5.88462 19 53 160 0.88462 73 2.65385
8040000 25 5.80000 19 57 164 0.96000 74 2.84000
8045000 28 5.75000 21 39 160 0.85714 73 2.53571
8050000 21 7.09524 19 49 165 0.95238 74 3.42857
8055000 22 6.63636 20 46 153 0.95455 76 3.31818
8060000 23 6.21739 20 57 157 1.00000 70 2.91304
8065000 24 6.12500 21 61 158 0.87500 70 2.83333
8070000 25 5.76000 18 64 158 0.84000 71 2.68000
8075000 25 5.80000 19 57 157 0.96000 69 2.68000
8080000 22 6.50000 20 62 167 1.00000 72 3.09091
8085000 26 5.73077 19 58 169 0.92308 72 2.65385
8090000 26 6.00000 20 51 162 0.84615 72 2.65385
8095000 22 6.81818 20 54 164 0.95455 71 3.13636
8100000 20 7.25000 21 64 166 0.95000 70 3.40000
8105000 24 6.37500 21 59 162 0.91667 75 2.95833
8110000 22 6.72727 21 64 159 0.95455 72 3.22727
8115000 27 5.55556 19 59 163 0.92593 72 2.66667
8120000 25 6.00000 20 58 159 0.88000 72 2.88000
8125000 22 6.59091 21 73 172 0.95455 74 3.36364
8130000 23 6.34783 24 65 157 0.91304 73 3.17391
8135000 21 6.57143 24 68 155 0.95238 74 3.47619
8140000 28 5.07143 22 65 150 0.82143 76 2.67857
8145000 25 5.68000 19 59 147 0.92000 75 2.96000
8150000 30 5.03333 19 59 152 0.76667 74 2.43333
8155000 29 5.10345 20 57 160 0.89655 76 2.51724
8160000 27 5.14815 20 64 156 0.88889 77 2.70370
8165000 29 5.00000 18 63 152 0.82759 73 2.44828
8170000 23 5.86957 17 61 155 0.95652 70 2.95652
8175000 20 6.55000 14 62 149 1.00000 73 3.45000
8180000 22 6.13636 15 60 153 0.90909 70 3.04545
8185000 21 6.19048 15 69 153 1.00000 71 3.23810
8190000 23 5.73913 15 66 149 1.00000 71 3.04348
8195000 22 6.04545 16 59 146 0.90909 71 3.13636
8200000 20 6.45000 15 70 152 0.90000 73 3.35000
8205000 22 6.00000 14 67 153 0.86364 76 3.13636
8210000 25 5.52000 14 55 153 1.00000 75 2.88000
8215000 24 5.87500 14 52 155 0.95833 76 3.00000
8220000 25 5.80000 13 46 154 0.88000 74 2.84000
8225000 21 6.33333 13 52 153 1.00000 73 3.38095
8230000 21 6.00000 13 56 138 1.00000 73 3.38095
8235000 25 5.20000 11 61 150 0.96000 73 2.84000
8240000 24 5.58333 13 58 146 0.95833 72 2.87500
8245000 24 5.54167 17 62 153 0.95833 68 2.83333
8250000 27 5.37037 17 49 150 0.88889 71 2.59259
8255000 24 5.70833 16 57 146 0.87500 72 2.79167
8260000 24 5.75000 14 54 155 0.91667 72 2.79167
8265000 21 6.09524 15 59 147 0.90476 73 3.00000
8270000 22 6.13636 15 52 149 0.95455 73 3.00000
8275000 22 5.86364 15 57 149 0.95455 70 3.00000
8280000 20 6.25000 15 56 147 0.95000 69 3.25000
8285000 19 6.94737 17 54 153 1.00000 68 3.36842
8290000 20 6.75000 17 46 144 1.00000 68 3.35000
8295000 21 6.33333 18 58 146 0.95238 70 3.04762
8300000 20 6.70000 18 59 160 0.95000 70 3.35000
8305000 25 5.56000 18 57 150 0.92000 71 2.76000
8310000 22 5.95455 16 64 152 0.90909 68 2.81818
8315000 23 6.00000 17 63 153 0.91304 68 2.73913
8320000 28 5.71429 18 54 167 0.89286 69 2.39286
8325000 26 5.92308 17 64 174 0.92308 69 2.53846
8330000 24 6.08333 15 54 155 0.87500 68 2.75000
8335000 25 5.80000 15 60 157 0.88000 71 2.72000
8340000 26 5.53846 14 53 151 0.84615 72 2.61538
8345000 23 6.00000 14 49 153 0.91304 71 2.91304
8350000 26 5.53846 14 55 158 0.92308 73 2.61538
8355000 23 5.91304 17 56 147 0.86957 74 3.04348
8360000 24 5.87500 17 53 151 0.87500 75 2.83333
8365000 23 5.73913 15 67 154 0.95652 76 2.91304
8370000 24 5.83333 17 68 161 0.91667 74 3.00000
8375000 27 5.59259 22 56 165 0.96296 72 2.55556
8380000 25 6.04000 19 63 171 1.00000 74 2.76000
8385000 23 6.91304 20 64 173 0.86957 73 3.00000
8390000 27 5.96296 21 57 171 0.92593 73 2.66667
8395000 26 6.11538 23 57 173 0.88462 74 2.76923
8400000 22 7.04545 24 54 167 0.95455 73 3.18182
8405000 20 7.30000 22 56 158 1.00000 72 3.50000
8410000 21 6.80952 22 51 154 0.90476 70 3.23810
8415000 21 6.42857 19 60 151 1.00000 71 3.28571
8420000 19 6.68421 18 60 149 0.89474 72 3.52632
8425000 19 7.00000 17 52 143 0.89474 72 3.57895
8430000 20 7.10000 17 58 156 0.85000 69 3.35000
8435000 21 6.66667 16 52 155 0.95238 69 3.14286
8440000 21 6.71429 18 47 156 0.95238 68 3.23810
8445000 21 6.80952 20 54 154 1.00000 70 3.19048
8450000 24 6.37500 19 43 164 0.87500 73 2.87500
8455000 19 7.21053 19 58 157 0.94737 68 3.21053
8460000 22 6.72727 20 53 160 0.86364 66 2.81818
8465000 18 7.88889 19 59 160 1.00000 64 3.50000
8470000 22 6.63636 16 56 154 0.86364 68 2.95455
8475000 23 6.43478 19 63 162 0.91304 72 2.95652
8480000 24 6.20833 19 71 172 0.91667 73 2.91667
8485000 25 5.84000 22 63 156 0.84000 72 2.80000
8490000 24 6.04167 19 61 152 0.83333 73 2.83333
8495000 29 5.24138 17 59 152 0.72414 70 2.34483
8500000 20 6.65000 16 62 152 1.00000 73 3.35000
8505000 24 5.54167 16 51 141 0.95833 71 2.91667
8510000 22 5.81818 14 62 147 0.95455 74 3.13636
8515000 22 6.31818 14 51 153 0.90909 73 3.00000
8520000 24 5.66667 14 54 153 0.87500 71 2.75000
8525000 21 5.90476 14 65 145 0.95238 72 3.14286
8530000 21 5.80952 14 57 134 0.90476 72 3.19048
8535000 23 5.47826 16 56 145 0.86957 71 2.86957
8540000 21 5.85714 19 61 143 0.90476 74 3.09524
8545000 19 6.42105 18 67 151 1.00000 76 3.57895
8550000 23 5.69565 19 51 143 0.86957 75 3.04348
8555000 24 5.83333 18 52 148 0.87500 70 2.75000
8560000 28 5.14286 17 47 157 0.96429 70 2.35714
8565000 23 5.86957 20 57 149 0.95652 70 2.91304
8570000 23 5.69565 20 55 149 1.00000 69 2.82609
8575000 27 5.29630 24 48 150 0.88889 69 2.29630
8580000 25 5.60000 26 57 147 0.92000 67 2.56000
8585000 27 5.48148 25 54 156 0.92593 69 2.37037
8590000 27 5.40741 24 59 163 0.92593 70 2.33333
8595000 27 5.40741 23 63 159 0.92593 70 2.44444
8600000 25 5.60000 21 68 163 0.92000 67 2.52000
8605000 30 5.40000 22 64 172 0.86667 69 2.13333
8610000 25 5.88000 21 60 160 0.92000 68 2.64000
8615000 23 6.26087 23 59 166 1.00000 68 2.82609
8620000 28 5.78571 21 45 161 0.82143 68 2.42857
8625000 27 5.77778 21 51 172 1.00000 68 2.51852
8630000 27 5.55556 19 54 160 0.92593 70 2.48148
8635000 25 5.96000 24 55 163 0.92000 69 2.68000
8640000 22 6.40909 24 68 165 1.00000 68 2.86364
8645000 26 5.65385 22 63 158 0.80769 69 2.46154
8650000 21 6.80952 23 70 162 0.80952 69 2.85714
8655000 27 5.51852 22 66 167 0.88889 69 2.37037
8660000 25 5.84000 20 62 159 0.84000 70 2.60000
8665000 26 5.53846 17 64 166 0.96154 73 2.69231
8670000 28 5.60714 17 56 166 0.85714 75 2.50000
8675000 24 6.16667 17 61 167 1.00000 71 2.83333
8680000 27 5.77778 16 57 170 0.92593 74 2.51852
8685000 27 5.96296 18 58 167 0.92593 73 2.51852
8690000 25 6.28000 18 60 174 1.00000 77 2.80000
8695000 24 6.87500 21 56 176 0.91667 76 2.75000
8700000 25 6.52000 19 54 175 0.84000 74 2.72000
8705000 25 6.44000 20 56 181 0.84000 75 2.84000
8710000 25 6.32000 18 55 173 0.84000 78 2.84000
8715000 23 6.56522 18 53 169 1.00000 76 3.21739
8720000 24 6.58333 18 52 172 0.87500 74 2.95833
8725000 27 5.51852 17 58 154 0.85185 73 2.62963
8730000 24 5.95833 17 64 158 0.91667 75 2.91667
8735000 25 5.92000 17 51 157 0.96000 73 2.80000
8740000 23 6.21739 16 51 159 0.91304 73 2.95652
8745000 25 5.76000 15 44 154 0.92000 74 2.80000
8750000 23 6.17391 16 60 156 0.86957 71 2.91304
8755000 21 5.90476 17 59 137 0.90476 68 3.04762
8760000 22 6.09091 16 53 148 0.95455 67 2.86364
8765000 25 5.68000 19 56 150 0.84000 71 2.68000
8770000 23 6.26087 19 59 152 0.86957 72 2.91304
8775000 23 6.43478 18 58 160 0.78261 69 2.91304
8780000 19 7.15789 19 72 152 0.94737 71 3.47368
8785000 23 6.04348 21 64 162 1.00000 74 3.04348
8790000 25 5.88000 23 59 165 0.92000 79 2.92000
8795000 26 5.38462 17 63 153 0.88462 76 2.76923
8800000 27 5.22222 14 64 156 0.92593 74 2.70370
8805000 27 5.77778 16 62 175 0.88889 75 2.74074
8810000 25 6.16000 16 54 163 0.96000 76 2.96000
8815000 25 6.40000 17 56 171 0.96000 74 2.96000
8820000 26 5.80769 14 51 163 0.92308 71 2.69231
8825000 25 5.56000 14 57 158 0.88000 71 2.76000
8830000 24 5.79167 13 64 151 0.95833 72 2.91667
8835000 25 5.84000 15 63 154 0.88000 70 2.72000
8840000 23 5.78261 14 80 156 0.86957 70 2.95652
8845000 23 6.21739 18 64 148 0.91304 71 3.04348
8850000 28 5.42857 15 59 155 0.82143 72 2.50000
8855000 26 5.61538 15 63 155 0.92308 74 2.69231
8860000 23 6.34783 17 75 168 0.95652 73 3.08696
8865000 24 5.91667 16 64 160 0.87500 76 2.83333
8870000 25 5.76000 14 64 152 0.84000 74 2.72000
8875000 26 5.65385 19 65 164 0.92308 73 2.69231
8880000 23 6.00000 20 69 157 0.95652 74 3.00000
8885000 24 6.37500 23 59 158 0.83333 74 2.87500
8890000 26 6.07692 20 50 156 0.76923 75 2.57692
8895000 25 5.96000 21 58 157 0.88000 72 2.80000
8900000 23 6.56522 23 50 158 0.86957 73 3.00000
8905000 23 6.86957 22 51 156 0.91304 74 3.13043
8910000 26 6.34615 20 45 165 0.88462 74 2.76923
8915000 22 7.00000 18 62 164 0.90909 76 3.22727
8920000 22 6.95455 19 67 160 0.90909 72 3.18182
8925000 22 6.81818 19 66 164 0.95455 71 3.18182
8930000 27 5.85185 21 56 158 0.85185 73 2.70370
8935000 23 6.65217 19 64 171 1.00000 73 3.13043
8940000 27 6.25926 19 58 184 0.92593 77 2.70370
8945000 22 6.72727 16 59 165 1.00000 74 3.27273
8950000 24 6.16667 22 60 163 0.87500 73 3.00000
8955000 25 5.96000 21 61 157 0.84000 74 2.92000
8960000 25 6.24000 21 58 166 0.96000 75 2.88000
8965000 26 6.19231 22 52 168 0.88462 74 2.80769
8970000 23 6.39130 20 56 166 0.95652 76 3.21739
8975000 23 6.65217 20 59 171 0.91304 75 3.17391
8980000 26 5.96154 23 45 164 0.92308 76 2.88462
8985000 27 6.00000 23 46 167 0.88889 75 2.70370
8990000 25 6.36000 23 46 157 0.92000 74 2.92000
8995000 24 6.33333 21 48 166 0.95833 77 3.12500
9000000 22 6.95455 22 39 165 1.00000 75 3.36364
9005000 21 7.00000 20 52 166 1.00000 78 3.52381
9010000 24 6.16667 21 48 159 0.95833 76 3.08333
9015000 26 5.57692 15 47 152 0.88462 77 2.80769
9020000 18 7.38889 15 63 151 0.94444 74 3.88889
9025000 19 7.00000 15 60 158 1.00000 74 3.73684
9030000 19 7.26316 16 49 150 0.89474 72 3.63158
9035000 19 6.78947 16 52 144 0.94737 72 3.68421
9040000 20 6.60000 17 52 151 0.90000 72 3.55000
9045000 22 5.72727 18 57 140 0.90909 74 3.27273
9050000 23 5.91304 19 49 142 0.91304 74 3.17391
9055000 23 6.04348 21 50 149 0.86957 73 3.08696
9060000 23 5.65217 22 55 141 0.95652 71 3.04348
9065000 21 6.23810 22 63 149 0.90476 73 3.28571
9070000 20 6.15000 18 64 139 0.90000 71 3.50000
9075000 21 5.95238 16 65 134 0.95238 70 3.28571
9080000 21 6.00000 20 64 137 0.85714 70 3.23810
9085000 24 5.50000 20 60 143 0.95833 71 2.87500
9090000 21 6.23810 20 58 147 0.95238 73 3.23810
9095000 23 5.73913 18 57 145 0.91304 70 2.95652
9100000 24 5.83333 17 61 156 1.00000 69 2.70833
9105000 19 6.89474 17 62 149 1.00000 68 3.52632
9110000 21 6.52381 17 62 159 0.95238 70 3.14286
9115000 24 6.04167 17 61 156 0.87500 69 2.70833
9120000 22 6.31818 15 74 155 0.86364 74 3.13636
9125000 20 7.20000 16 73 169 1.00000 74 3.50000
9130000 24 6.33333 19 66 171 0.95833 72 2.91667
9135000 21 6.85714 18 67 157 0.90476 71 3.28571
9140000 22 6.95455 16 57 165 0.95455 72 3.18182
9145000 22 6.81818 16 63 162 0.86364 73 3.22727
9150000 22 6.90909 17 58 170 0.90909 74 3.27273
9155000 26 6.53846 18 49 183 0.92308 75 2.80769
9160000 24 6.54167 17 55 164 0.87500 71 2.91667
9165000 22 6.90909 18 56 170 0.95455 69 3.09091
9170000 22 6.95455 16 60 162 0.90909 69 3.09091
9175000 25 6.36000 17 52 161 0.92000 71 2.84000
9180000 24 6.45833 17 50 166 0.91667 71 2.91667
9185000 19 7.47368 18 56 164 0.94737 66 3.31579
9190000 22 6.68182 16 55 165 0.90909 69 2.95455
9195000 23 6.34783 17 48 156 0.91304 71 2.82609
9200000 21 5.95238 13 57 141 0.90476 71 3.09524
9205000 24 6.00000 14 56 155 0.91667 71 2.83333
9210000 23 6.34783 15 51 154 1.00000 67 2.82609
9215000 22 6.40909 17 54 164 1.00000 69 3.00000
9220000 23 6.39130 18 59 167 1.00000 72 2.95652
9225000 28 5.60714 19 45 159 0.92857 73 2.50000
9230000 28 5.53571 19 48 164 0.92857 77 2.57143
9235000 27 6.07407 22 47 176 0.88889 77 2.70370
9240000 24 6.50000 24 56 171 0.95833 76 2.95833
9245000 21 7.28571 22 61 175 1.00000 72 3.38095
9250000 23 6.69565 24 53 165 1.00000 74 3.13043
9255000 23 6.60870 21 59 166 0.95652 75 3.08696
9260000 21 6.90476 17 58 165 0.95238 73 3.33333
9265000 25 6.24000 17 52 172 0.96000 74 2.88000
9270000 22 6.50000 19 61 156 1.00000 72 3.18182
9275000 23 6.13043 16 50 148 0.91304 72 3.04348
9280000 25 5.76000 15 47 153 0.92000 74 2.84000
9285000 22 6.13636 13 52 146 0.95455 73 3.27273
9290000 22 6.31818 14 53 150 0.90909 73 3.27273
9295000 24 6.16667 21 42 152 0.91667 74 3.00000
9300000 24 5.62500 19 54 147 0.91667 72 3.00000
9305000 20 6.45000 19 60 141 0.95000 70 3.50000
9310000 24 5.95833 18 66 158 0.95833 75 3.00000
9315000 26 5.61538 20 64 164 0.88462 78 2.96154
9320000 26 5.65385 22 66 161 0.92308 76 2.84615
9325000 26 5.84615 23 61 159 0.88462 74 2.80769
9330000 25 6.44000 27 55 170 0.84000 77 3.04000
9335000 25 6.32000 27 56 168 0.92000 76 3.00000
9340000 25 6.36000 27 55 176 0.96000 76 2.96000
9345000 31 5.54839 24 48 164 0.77419 74 2.35484
9350000 25 6.44000 22 69 178 0.96000 75 3.00000
9355000 29 5.68966 20 65 167 0.82759 74 2.51724
9360000 27 6.29630 23 61 185 0.92593 76 2.70370
9365000 28 6.00000 16 52 174 0.82143 76 2.64286
9370000 23 6.47826 15 61 163 0.91304 75 3.04348
9375000 23 6.82609 14 56 171 0.91304 77 3.26087
9380000 24 6.37500 15 49 166 0.87500 78 3.16667
9385000 22 6.81818 17 61 168 0.95455 76 3.31818
9390000 22 6.63636 15 57 163 0.95455 75 3.31818
9395000 27 6.03704 16 49 172 0.85185 76 2.74074
9400000 20 7.70000 15 61 164 1.00000 77 3.65000
9405000 22 7.04545 16 57 174 0.90909 74 3.22727
9410000 24 6.79167 15 49 172 0.91667 74 2.95833
9415000 28 5.50000 15 42 157 0.82143 72 2.53571
9420000 23 5.78261 14 54 143 0.95652 74 3.08696
9425000 23 5.91304 14 50 148 0.95652 71 3.00000
9430000 21 6.47619 15 47 149 0.95238 73 3.28571
9435000 25 5.96000 15 45 161 0.96000 73 2.84000
9440000 22 6.27273 15 53 157 0.95455 72 3.00000
9445000 23 6.13043 15 49 157 1.00000 72 2.95652
9450000 22 6.40909 16 56 161 1.00000 72 3.13636
9455000 26 5.53846 15 60 157 0.80769 72 2.61538
9460000 25 5.44000 15 60 151 0.96000 71 2.80000
9465000 25 5.84000 16 53 162 1.00000 72 2.76000
9470000 23 5.95652 17 60 152 0.95652 70 2.91304
9475000 24 5.50000 18 55 151 0.87500 71 2.75000
9480000 22 6.18182 17 64 156 1.00000 70 3.00000
9485000 26 5.46154 19 61 153 0.80769 72 2.50000
9490000 25 5.56000 18 61 159 0.92000 71 2.56000
9495000 24 6.20833 19 57 165 0.87500 69 2.75000
9500000 22 6.22727 18 56 153 0.95455 68 2.72727
9505000 26 5.69231 17 48 156 0.88462 70 2.38462
9510000 24 6.16667 17 48 158 0.91667 67 2.54167
9515000 23 6.26087 15 46 154 0.91304 68 2.86957
9520000 22 6.31818 13 48 154 0.95455 67 2.95455
9525000 24 5.58333 13 50 142 0.95833 70 2.75000
9530000 21 6.09524 12 57 143 0.95238 73 3.04762
9535000 19 6.52632 12 56 140 0.94737 67 3.21053
9540000 25 5.72000 16 44 148 0.88000 66 2.48000
9545000 21 6.61905 16 57 152 0.90476 69 3.04762
9550000 27 5.70370 17 49 150 0.81481 68 2.44444
9555000 26 5.88462 16 53 162 0.84615 67 2.50000
9560000 24 6.04167 20 53 152 0.87500 66 2.66667
9565000 24 5.91667 21 59 156 0.83333 71 2.62500
9570000 25 5.12000 20 65 150 0.96000 76 2.48000
9575000 26 5.00000 20 65 152 0.96154 73 2.61538
9580000 31 4.64516 19 55 148 0.87097 70 2.12903
9585000 23 5.82609 19 59 149 0.95652 68 2.65217
9590000 26 5.30769 18 55 153 0.88462 65 2.34615
9595000 21 6.14286 18 72 162 1.00000 68 2.85714
9600000 21 6.52381 20 65 160 0.95238 72 2.85714
9605000 27 5.51852 17 48 156 0.96296 73 2.51852
9610000 25 5.80000 17 48 162 0.96000 73 2.80000
9615000 26 5.42308 17 58 153 0.88462 72 2.65385
9620000 26 5.50000 16 58 157 0.96154 73 2.76923
9625000 27 5.77778 18 53 165 0.81481 74 2.62963
9630000 22 6.54545 15 50 164 0.95455 71 3.13636
9635000 23 6.26087 15 49 150 0.86957 71 3.00000
9640000 26 5.84615 14 51 158 0.84615 71 2.69231
9645000 26 5.84615 15 51 158 0.80769 74 2.76923
9650000 25 6.20000 16 51 167 0.96000 75 2.88000
9655000 25 6.04000 16 46 158 0.88000 74 2.88000
9660000 23 6.30435 15 51 163 0.95652 71 3.04348
9665000 26 5.46154 14 46 158 0.92308 72 2.61538
9670000 26 5.19231 12 52 142 0.88462 71 2.53846
9675000 27 5.14815 14 49 154 0.92593 76 2.51852
9680000 25 5.84000 18 45 162 0.96000 76 2.80000
9685000 26 5.53846 18 44 161 0.96154 74 2.69231
9690000 28 5.50000 21 44 155 0.85714 74 2.50000
9695000 28 5.21429 17 45 143 0.85714 73 2.50000
9700000 24 5.66667 16 51 153 0.95833 73 2.79167
9705000 26 5.26923 18 50 150 0.96154 72 2.61538
9710000 25 5.28000 16 61 153 0.96000 71 2.72000
9715000 32 4.71875 17 53 162 0.84375 72 2.15625
9720000 29 4.89655 17 56 156 0.89655 74 2.41379
9725000 27 5.00000 15 59 151 0.92593 73 2.55556
9730000 26 5.19231 16 54 147 0.92308 74 2.69231
9735000 28 4.89286 16 57 149 0.89286 75 2.50000
9740000 30 4.90000 16 48 148 0.83333 73 2.36667
9745000 27 5.37037 17 58 157 0.96296 75 2.70370
9750000 24 5.70833 18 59 145 0.95833 73 2.79167
9755000 22 5.63636 17 58 144 0.95455 71 2.86364
9760000 28 5.17857 17 47 142 0.96429 71 2.46429
9765000 26 5.65385 20 52 153 0.96154 70 2.57692
9770000 25 5.88000 19 53 153 0.92000 70 2.68000
9775000 24 5.75000 18 54 148 0.95833 71 2.87500
9780000 24 6.20833 21 53 167 0.95833 73 2.87500
9785000 26 5.73077 19 53 162 0.88462 72 2.61538
9790000 24 6.37500 19 52 166 1.00000 72 2.87500
9795000 27 6.00000 19 53 167 0.88889 72 2.51852
9800000 26 6.23077 19 55 173 0.92308 72 2.57692
9805000 24 7.00000 22 42 177 0.95833 72 2.83333
9810000 23 6.91304 20 42 171 0.95652 71 2.91304
9815000 23 6.69565 18 48 163 0.95652 71 2.73913
9820000 27 6.29630 19 43 176 0.88889 72 2.55556
9825000 23 7.04348 16 52 177 0.95652 74 3.00000
9830000 23 6.69565 15 48 168 1.00000 73 2.95652
9835000 21 6.80952 13 50 159 1.00000 71 3.14286
9840000 22 6.72727 16 50 160 0.95455 69 3.00000
9845000 21 6.80952 14 44 159 0.90476 71 2.95238
9850000 23 6.34783 15 46 154 0.86957 72 2.73913
9855000 22 6.59091 16 57 165 0.95455 74 3.00000
9860000 24 6.20833 15 47 161 0.95833 72 2.79167
9865000 23 6.60870 15 44 164 0.95652 71 2.86957
9870000 25 6.00000 14 54 173 0.92000 76 2.68000
9875000 25 5.80000 15 54 165 1.00000 75 2.76000
9880000 23 6.65217 17 51 173 1.00000 75 2.95652
9885000 29 5.62069 17 45 169 0.89655 75 2.37931
9890000 32 5.46875 17 35 182 1.00000 75 2.31250
9895000 29 5.72414 16 51 182 1.00000 77 2.51724
9900000 27 6.03704 16 41 170 0.96296 76 2.74074
9905000 24 6.20833 15 43 162 1.00000 73 2.91667
9910000 27 5.62963 14 47 162 0.92593 75 2.59259
9915000 26 5.65385 15 52 162 0.96154 75 2.73077
9920000 24 6.20833 17 52 167 1.00000 77 3.04167
9925000 26 5.73077 16 56 162 1.00000 76 2.88462
9930000 25 6.04000 15 49 164 0.96000 75 2.96000
9935000 26 6.03846 16 44 157 0.84615 74 2.73077
9940000 23 6.60870 17 47 164 0.95652 77 3.13043
9945000 22 6.50000 16 52 159 1.00000 77 3.13636
9950000 24 5.91667 15 54 159 1.00000 75 2.91667
9955000 26 5.73077 17 39 162 0.96154 74 2.76923
9960000 22 6.18182 15 45 147 0.95455 73 3.04545
9965000 25 5.68000 17 45 151 0.92000 74 2.72000
9970000 25 5.64000 16 43 154 0.96000 73 2.88000
9975000 21 6.47619 15 46 157 1.00000 71 3.33333
9980000 25 6.00000 15 52 160 0.96000 72 2.84000
9985000 23 6.34783 16 53 155 0.86957 72 3.08696
9990000 28 6.03571 15 39 170 0.85714 73 2.57143
9995000 23 6.73913 15 48 167 1.00000 75 3.08696
10000000 23 6.60870 17 48 171 1.00000 74 3.08696
