# V2 - Timesteps, No of clusters, Mean cluster size, Size largest cluster, No clusters size 1, No prot bound to poly, Fraction clusters bound to poly, No type 2 poly bound to prot, Mean no type 2 in prot cluster
0 21 2.09524 3 265 101 0.47619 5 0.04762
5000 59 2.71186 6 144 179 0.81356 64 0.72881
10000 52 3.61538 8 109 205 0.86538 68 1.09615
15000 47 4.40426 13 96 229 0.89362 71 1.29787
20000 50 4.30000 12 79 217 0.88000 73 1.40000
25000 47 4.68085 14 76 221 0.87234 75 1.55319
30000 46 5.06522 13 77 253 0.95652 76 1.60870
35000 46 5.19565 15 75 240 0.86957 78 1.63043
40000 44 5.06818 14 79 237 0.90909 78 1.65909
45000 43 4.93023 14 80 226 0.88372 75 1.72093
50000 45 4.95556 12 72 226 0.93333 78 1.68889
55000 39 5.61538 15 74 224 0.92308 77 1.89744
60000 37 5.70270 16 66 225 0.89189 76 1.97297
65000 40 5.55000 17 67 231 0.87500 76 1.85000
70000 34 6.67647 16 84 233 0.88235 75 2.14706
75000 39 6.25641 17 71 250 0.87179 74 1.87179
80000 36 6.75000 15 67 249 0.86111 76 2.05556
85000 33 7.21212 13 77 241 0.93939 77 2.30303
90000 41 6.24390 16 74 261 0.85366 76 1.85366
95000 38 6.23684 13 80 246 0.86842 77 1.94737
100000 37 6.10811 15 69 237 0.89189 76 2.00000
105000 35 6.51429 16 75 235 0.77143 73 1.97143
110000 31 7.06452 14 86 232 0.96774 75 2.32258
115000 34 6.88235 15 73 238 1.00000 73 2.08824
120000 34 6.88235 16 67 245 0.88235 74 2.11765
125000 33 6.78788 13 80 232 0.84848 73 2.12121
130000 30 7.16667 19 101 233 0.93333 71 2.26667
135000 31 7.45161 19 78 240 0.87097 72 2.19355
140000 39 6.02564 18 73 237 0.82051 74 1.82051
145000 34 6.61765 20 74 238 0.91176 72 2.08824
150000 34 6.38235 26 81 221 0.85294 70 2.00000
155000 33 6.18182 23 84 214 0.87879 74 2.12121
160000 34 6.38235 22 80 224 0.88235 74 2.08824
165000 37 6.08108 17 80 235 0.81081 75 1.91892
170000 42 5.76190 19 74 231 0.73810 74 1.69048
175000 36 6.38889 20 76 238 0.83333 78 2.05556
180000 34 6.38235 20 86 225 0.88235 75 2.14706
185000 31 6.96774 22 91 241 0.90323 75 2.25806
190000 33 6.72727 23 82 233 0.87879 78 2.21212
195000 33 6.27273 21 85 220 0.81818 78 2.27273
200000 38 5.76316 17 75 228 0.86842 81 2.05263
205000 34 6.20588 18 82 219 0.88235 77 2.20588
210000 42 5.42857 16 78 229 0.80952 80 1.76190
215000 36 5.94444 15 82 227 0.91667 73 2.00000
220000 39 5.76923 15 67 219 0.79487 76 1.92308
225000 41 5.26829 12 85 224 0.82927 75 1.82927
230000 42 5.45238 13 82 228 0.85714 78 1.83333
235000 39 5.89744 17 74 228 0.76923 80 1.97436
240000 34 6.73529 19 88 244 0.91176 77 2.14706
245000 38 6.31579 17 72 230 0.78947 74 1.94737
250000 34 6.67647 17 84 234 0.88235 77 2.20588
255000 34 6.41176 17 95 223 0.82353 78 2.23529
260000 36 5.94444 16 85 214 0.83333 77 2.11111
265000 33 5.96970 14 89 201 0.81818 76 2.15152
270000 33 6.00000 15 90 213 0.87879 76 2.24242
275000 32 5.93750 17 105 203 0.84375 75 2.28125
280000 34 5.64706 14 93 200 0.88235 78 2.14706
285000 37 5.51351 15 85 201 0.81081 77 1.97297
290000 35 5.57143 20 85 204 0.85714 75 2.11429
295000 38 5.63158 17 73 209 0.76316 79 1.97368
300000 38 5.34211 17 83 208 0.84211 75 1.97368
305000 38 5.42105 19 79 206 0.73684 75 1.89474
310000 34 5.91176 22 84 209 0.88235 75 2.17647
315000 38 5.47368 17 84 220 0.86842 77 1.97368
320000 39 5.05128 16 88 203 0.82051 75 1.89744
325000 38 5.26316 14 94 213 0.86842 77 1.97368
330000 33 6.12121 15 97 212 0.87879 76 2.27273
335000 37 5.27027 12 94 198 0.78378 75 2.02703
340000 37 5.32432 12 96 204 0.89189 75 2.02703
345000 35 6.05714 16 93 218 0.80000 76 2.08571
350000 32 6.75000 14 83 227 0.93750 77 2.34375
355000 35 6.77143 15 87 247 0.88571 79 2.22857
360000 39 6.28205 15 72 239 0.76923 78 1.94872
365000 33 6.69697 16 89 238 0.84848 78 2.12121
370000 38 6.13158 23 82 232 0.78947 77 1.94737
375000 34 6.73529 27 80 231 0.91176 77 2.17647
380000 28 8.28571 26 80 245 0.89286 80 2.64286
385000 25 9.24000 25 87 239 0.88000 79 3.00000
390000 30 7.63333 20 80 231 0.86667 75 2.46667
395000 33 7.30303 24 80 231 0.78788 76 2.18182
400000 29 7.48276 21 86 230 0.93103 76 2.51724
405000 38 5.65789 18 83 225 0.86842 76 1.94737
410000 29 6.86207 18 109 220 0.89655 75 2.41379
415000 38 5.81579 18 84 216 0.76316 74 1.86842
420000 38 5.97368 18 87 237 0.78947 77 1.94737
425000 37 5.78378 17 90 218 0.83784 74 1.97297
430000 35 5.88571 19 95 224 0.80000 75 2.11429
435000 35 6.11429 22 76 223 0.91429 78 2.17143
440000 29 6.82759 22 87 215 0.93103 77 2.48276
445000 35 6.11429 21 78 218 0.88571 77 2.20000
450000 32 6.43750 22 95 217 0.93750 77 2.40625
455000 37 5.67568 18 88 204 0.72973 75 2.00000
460000 33 6.21212 16 84 210 0.84848 75 2.18182
465000 31 6.25806 19 108 218 0.87097 77 2.38710
470000 33 6.18182 23 89 209 0.78788 76 2.21212
475000 33 6.24242 23 95 221 0.81818 76 2.30303
480000 33 6.33333 18 96 211 0.81818 76 2.30303
485000 37 5.51351 16 95 205 0.75676 78 2.08108
490000 32 6.46875 16 88 220 0.87500 77 2.40625
495000 38 5.94737 16 80 232 0.73684 78 2.02632
500000 35 6.45714 17 92 221 0.85714 78 2.20000
505000 34 6.55882 18 96 231 0.85294 79 2.17647
510000 31 7.54839 22 87 236 0.77419 78 2.38710
515000 33 6.51515 23 85 215 0.78788 79 2.27273
520000 35 6.20000 25 82 222 0.80000 79 2.25714
525000 36 6.38889 26 94 237 0.80556 78 2.05556
530000 37 5.97297 21 92 226 0.72973 79 2.02703
535000 35 6.00000 19 89 220 0.85714 79 2.22857
540000 31 6.35484 19 94 219 0.96774 80 2.58065
545000 31 6.32258 18 84 206 0.87097 79 2.54839
550000 34 5.61765 19 97 201 0.91176 78 2.29412
555000 36 5.30556 17 101 198 0.77778 77 2.11111
560000 34 6.00000 17 92 212 0.82353 76 2.23529
565000 30 7.00000 17 80 230 0.90000 76 2.53333
570000 28 7.32143 17 88 223 0.85714 77 2.64286
575000 29 7.68966 18 90 233 0.86207 77 2.58621
580000 33 6.63636 20 81 228 0.90909 77 2.24242
585000 31 6.45161 20 92 218 0.83871 76 2.32258
590000 30 6.76667 23 90 220 0.93333 74 2.36667
595000 33 6.21212 20 89 213 0.78788 77 2.18182
600000 32 6.34375 19 96 227 0.81250 78 2.25000
605000 33 6.12121 19 93 203 0.78788 77 2.18182
610000 29 6.68966 15 91 202 0.82759 74 2.44828
615000 31 6.32258 16 95 211 0.90323 76 2.45161
620000 30 6.63333 15 89 212 0.86667 76 2.46667
625000 29 6.72414 15 88 211 0.93103 76 2.55172
630000 36 6.08333 18 79 234 0.88889 78 2.11111
635000 33 5.96970 18 91 214 0.87879 75 2.24242
640000 31 6.51613 21 84 215 0.87097 74 2.32258
645000 33 6.42424 22 92 229 0.90909 72 2.12121
650000 35 6.14286 22 86 225 0.85714 72 2.00000
655000 31 6.70968 19 90 219 0.87097 74 2.32258
660000 32 6.37500 15 82 223 0.90625 78 2.34375
665000 32 6.18750 14 79 213 0.87500 79 2.37500
670000 37 5.45946 14 72 214 0.91892 80 2.10811
675000 34 5.82353 17 94 214 0.88235 76 2.23529
680000 41 5.24390 16 80 208 0.82927 78 1.87805
685000 34 6.44118 17 84 223 0.79412 77 2.17647
690000 37 5.86486 15 70 216 0.81081 80 2.10811
695000 36 6.00000 14 72 222 0.86111 78 2.16667
700000 33 6.57576 18 72 214 0.81818 79 2.36364
705000 32 6.75000 17 79 232 0.90625 79 2.40625
710000 35 6.08571 18 73 212 0.74286 77 2.17143
715000 31 6.12903 18 102 203 0.83871 77 2.45161
720000 32 6.09375 20 102 220 0.87500 78 2.37500
725000 31 6.19355 18 99 210 0.87097 79 2.54839
730000 31 6.19355 14 90 216 0.90323 77 2.48387
735000 33 6.21212 15 76 208 0.84848 76 2.27273
740000 34 5.38235 16 95 198 0.82353 77 2.20588
745000 37 5.10811 15 84 206 0.83784 77 2.08108
750000 39 5.15385 14 86 205 0.74359 77 1.92308
755000 36 5.58333 16 93 208 0.75000 79 2.19444
760000 34 5.91176 20 92 217 0.91176 80 2.35294
765000 36 5.80556 19 92 210 0.80556 80 2.22222
770000 39 5.41026 16 86 216 0.84615 79 2.02564
775000 39 5.41026 19 89 210 0.79487 79 2.02564
780000 37 5.81081 17 92 225 0.81081 79 2.13514
785000 38 5.71053 18 91 230 0.86842 80 2.07895
790000 38 6.15789 17 90 223 0.68421 79 2.07895
795000 33 6.84848 17 87 232 0.81818 81 2.45455
800000 32 7.00000 17 93 234 0.84375 79 2.43750
805000 32 7.03125 19 90 233 0.81250 79 2.43750
810000 31 7.19355 23 98 234 0.87097 78 2.51613
815000 30 7.73333 20 83 227 0.86667 78 2.60000
820000 33 6.69697 18 92 230 0.75758 78 2.36364
825000 38 6.10526 17 68 228 0.78947 78 2.02632
830000 28 7.10714 16 101 214 0.82143 77 2.71429
835000 30 6.66667 17 96 199 0.80000 78 2.60000
840000 32 6.18750 17 105 203 0.75000 79 2.40625
845000 28 7.21429 20 95 201 0.78571 78 2.75000
850000 29 7.37931 22 98 222 0.82759 78 2.65517
855000 25 8.16000 24 98 221 0.84000 79 3.08000
860000 28 7.67857 22 91 224 0.82143 80 2.71429
865000 26 8.07692 20 87 222 0.92308 79 2.92308
870000 34 6.35294 18 71 215 0.82353 79 2.29412
875000 30 7.00000 21 79 209 0.83333 77 2.53333
880000 38 5.71053 21 86 210 0.73684 78 2.02632
885000 34 6.08824 18 79 201 0.70588 80 2.29412
890000 32 6.15625 16 82 193 0.71875 78 2.40625
895000 27 6.88889 18 91 195 0.88889 79 2.88889
900000 32 5.78125 16 96 184 0.75000 78 2.40625
905000 39 5.07692 16 88 174 0.74359 75 1.92308
910000 37 5.67568 16 84 200 0.72973 77 2.05405
915000 30 6.80000 17 85 201 0.83333 79 2.50000
920000 30 7.06667 21 86 214 0.76667 77 2.50000
925000 34 5.91176 19 89 208 0.88235 76 2.20588
930000 37 5.59459 21 88 218 0.75676 79 2.08108
935000 34 5.79412 21 84 213 0.91176 79 2.26471
940000 40 5.95000 24 82 242 0.87500 79 1.90000
945000 32 7.28125 27 102 241 0.81250 78 2.34375
950000 37 6.05405 21 87 226 0.81081 80 2.08108
955000 35 6.34286 20 77 217 0.82857 77 2.17143
960000 35 6.37143 25 74 220 0.82857 78 2.17143
965000 28 7.28571 23 93 215 0.89286 80 2.71429
970000 37 5.86486 20 73 216 0.78378 79 2.05405
975000 34 6.05882 18 92 213 0.73529 74 1.94118
980000 29 7.13793 15 90 215 0.79310 73 2.41379
985000 30 6.26667 15 98 211 0.90000 75 2.46667
990000 31 6.32258 16 98 201 0.80645 73 2.32258
995000 34 6.08824 18 91 213 0.73529 75 2.14706
1000000 31 6.41935 17 93 215 0.87097 75 2.35484
1005000 37 5.81081 15 77 213 0.75676 75 2.02703
1010000 34 6.38235 25 77 214 0.85294 80 2.29412
1015000 31 6.96774 22 92 216 0.70968 78 2.45161
1020000 33 6.78788 22 95 237 0.75758 75 2.24242
1025000 38 5.94737 23 87 233 0.78947 76 1.94737
1030000 30 7.26667 19 102 241 0.96667 77 2.50000
1035000 38 5.89474 21 91 221 0.78947 77 2.00000
1040000 41 5.60976 21 76 215 0.73171 76 1.85366
1045000 34 6.35294 22 92 227 0.85294 78 2.29412
1050000 31 7.16129 24 90 241 0.90323 80 2.51613
1055000 33 7.03030 20 80 231 0.81818 79 2.33333
1060000 34 6.91176 19 71 227 0.73529 79 2.26471
1065000 33 6.72727 19 88 230 0.81818 76 2.27273
1070000 35 6.20000 25 75 211 0.68571 75 2.11429
1075000 34 6.47059 26 92 216 0.70588 76 2.17647
1080000 28 7.42857 24 109 225 0.92857 77 2.64286
1085000 33 6.90909 22 96 233 0.75758 76 2.24242
1090000 31 7.67742 23 98 255 0.83871 77 2.45161
1095000 35 6.68571 25 85 237 0.85714 78 2.22857
1100000 29 7.27586 23 87 227 0.82759 77 2.65517
1105000 32 6.65625 20 87 224 0.75000 77 2.37500
1110000 33 6.27273 18 92 223 0.84848 80 2.39394
1115000 35 6.28571 18 85 218 0.77143 79 2.25714
1120000 30 7.30000 20 96 231 0.86667 80 2.60000
1125000 36 6.44444 19 85 227 0.63889 80 2.22222
1130000 29 7.62069 19 81 229 0.86207 81 2.75862
1135000 33 6.78788 20 81 224 0.78788 80 2.36364
1140000 34 6.55882 24 87 223 0.73529 80 2.32353
1145000 35 6.02857 22 88 204 0.74286 81 2.31429
1150000 32 6.59375 19 92 213 0.93750 79 2.46875
1155000 35 6.25714 15 89 205 0.74286 79 2.22857
1160000 38 5.84211 14 90 216 0.76316 79 2.02632
1165000 34 6.17647 15 96 211 0.82353 77 2.26471
1170000 38 5.47368 14 81 199 0.76316 77 2.02632
1175000 34 5.85294 14 96 199 0.73529 77 2.20588
1180000 35 6.02857 14 81 202 0.74286 76 2.14286
1185000 31 6.67742 15 95 209 0.77419 78 2.45161
1190000 38 5.76316 18 91 211 0.73684 79 2.02632
1195000 33 6.33333 20 99 215 0.87879 78 2.30303
1200000 33 6.33333 19 96 214 0.78788 77 2.30303
1205000 32 6.59375 19 94 213 0.75000 77 2.34375
1210000 34 6.11765 20 93 205 0.73529 76 2.08824
1215000 35 5.71429 27 102 202 0.77143 75 2.11429
1220000 37 5.72973 27 104 197 0.67568 76 2.05405
1225000 36 5.66667 21 103 206 0.77778 76 2.05556
1230000 38 5.44737 20 93 195 0.68421 75 1.94737
1235000 36 6.13889 25 91 215 0.80556 76 2.08333
1240000 34 5.94118 18 88 202 0.79412 75 2.17647
1245000 33 6.03030 19 90 193 0.78788 78 2.30303
1250000 31 6.54839 20 83 211 0.80645 74 2.38710
1255000 28 6.71429 17 93 194 0.78571 75 2.64286
1260000 34 5.85294 20 91 196 0.67647 75 2.17647
1265000 29 6.65517 24 108 201 0.79310 76 2.58621
1270000 28 6.67857 28 107 203 0.78571 74 2.60714
1275000 36 5.80556 29 90 206 0.77778 78 2.13889
1280000 29 6.65517 26 92 204 0.79310 77 2.58621
1285000 33 5.78788 24 94 196 0.69697 74 2.21212
1290000 26 7.19231 24 96 216 0.84615 76 2.80769
1295000 29 7.41379 24 80 232 0.82759 77 2.58621
1300000 33 7.00000 23 97 229 0.75758 76 2.24242
1305000 29 7.31034 25 102 215 0.79310 78 2.68966
1310000 35 6.31429 22 95 223 0.71429 77 2.17143
1315000 33 6.66667 22 95 223 0.69697 80 2.33333
1320000 29 6.93103 22 99 206 0.68966 80 2.62069
1325000 30 6.46667 23 100 196 0.66667 77 2.53333
1330000 30 5.66667 20 106 181 0.80000 76 2.50000
1335000 32 5.34375 17 95 165 0.78125 73 2.28125
1340000 37 4.75676 16 93 173 0.59459 77 1.97297
1345000 34 5.20588 17 103 179 0.76471 75 2.11765
1350000 31 5.61290 20 102 183 0.74194 75 2.32258
1355000 35 5.00000 18 104 175 0.77143 75 2.00000
1360000 30 5.60000 23 113 184 0.90000 78 2.36667
1365000 37 5.35135 21 90 183 0.70270 80 2.02703
1370000 31 6.16129 20 93 195 0.83871 78 2.45161
1375000 35 5.60000 20 95 202 0.77143 75 2.11429
1380000 37 5.48649 22 84 189 0.70270 76 2.00000
1385000 31 5.80645 20 100 184 0.77419 78 2.41935
1390000 32 5.84375 25 104 205 0.87500 77 2.37500
1395000 31 5.96774 24 108 199 0.80645 80 2.51613
1400000 36 5.55556 20 93 197 0.61111 80 2.22222
1405000 32 6.28125 24 94 212 0.81250 79 2.46875
1410000 30 6.06667 22 93 184 0.73333 78 2.53333
1415000 29 5.93103 22 102 185 0.82759 78 2.68966
1420000 37 5.18919 21 96 184 0.72973 77 1.97297
1425000 35 5.34286 21 99 196 0.74286 75 2.02857
1430000 30 5.90000 17 95 188 0.80000 75 2.46667
1435000 31 5.77419 19 83 181 0.80645 76 2.38710
1440000 28 6.96429 22 94 225 0.89286 78 2.78571
1445000 33 6.27273 24 86 220 0.84848 77 2.33333
1450000 36 5.75000 23 79 203 0.75000 79 2.16667
1455000 33 6.09091 23 93 204 0.78788 78 2.30303
1460000 35 6.25714 23 82 220 0.74286 79 2.20000
1465000 29 7.20690 23 82 218 0.89655 77 2.65517
1470000 29 7.75862 22 91 227 0.75862 78 2.65517
1475000 29 7.27586 24 89 227 0.79310 78 2.62069
1480000 25 7.24000 19 96 200 0.92000 74 2.92000
1485000 27 7.00000 22 90 206 0.81481 75 2.70370
1490000 33 6.18182 21 80 205 0.84848 76 2.21212
1495000 35 5.74286 18 76 208 0.80000 73 2.05714
1500000 32 6.18750 23 92 220 0.93750 75 2.31250
1505000 31 6.03226 24 89 193 0.80645 76 2.38710
1510000 35 5.85714 25 92 208 0.82857 79 2.22857
1515000 33 6.27273 22 92 208 0.78788 79 2.33333
1520000 29 6.48276 20 91 195 0.86207 78 2.65517
1525000 34 5.82353 17 78 203 0.88235 77 2.23529
1530000 39 5.48718 17 75 204 0.79487 74 1.89744
1535000 35 6.00000 18 83 214 0.82857 76 2.17143
1540000 37 6.02703 16 80 223 0.70270 78 2.05405
1545000 36 6.00000 16 79 220 0.80556 75 2.08333
1550000 35 6.34286 20 78 219 0.80000 77 2.20000
1555000 30 6.70000 16 82 206 0.86667 76 2.46667
1560000 28 6.89286 15 90 203 0.85714 76 2.64286
1565000 37 5.24324 15 95 194 0.78378 73 1.94595
1570000 34 5.76471 17 98 209 0.79412 73 2.02941
1575000 30 6.53333 18 92 211 0.90000 74 2.36667
1580000 37 5.67568 17 97 213 0.78378 76 2.02703
1585000 34 6.05882 15 89 214 0.85294 77 2.26471
1590000 33 6.21212 16 98 209 0.78788 78 2.36364
1595000 41 5.21951 17 90 203 0.73171 77 1.82927
1600000 37 5.62162 17 83 222 0.83784 76 2.05405
1605000 37 5.70270 16 90 211 0.83784 77 2.02703
1610000 33 6.03030 15 99 214 0.90909 76 2.27273
1615000 33 6.12121 14 101 212 0.81818 76 2.27273
1620000 35 6.31429 18 93 230 0.82857 76 2.11429
1625000 36 6.38889 16 83 230 0.86111 77 2.02778
1630000 39 6.10256 17 72 229 0.87179 78 2.00000
1635000 38 5.89474 17 71 221 0.78947 80 2.07895
1640000 29 7.44828 19 79 234 1.00000 81 2.75862
1645000 42 5.69048 20 67 231 0.76190 80 1.90476
1650000 39 5.89744 17 79 229 0.84615 79 2.00000
1655000 35 6.42857 19 85 219 0.80000 80 2.25714
1660000 35 6.14286 24 83 207 0.71429 80 2.28571
1665000 30 6.53333 22 104 193 0.80000 79 2.50000
1670000 36 5.83333 17 90 196 0.72222 79 2.11111
1675000 32 6.56250 21 100 213 0.78125 79 2.37500
1680000 37 5.83784 18 96 218 0.72973 81 2.05405
1685000 38 5.68421 18 93 210 0.71053 80 2.07895
1690000 35 6.31429 21 96 228 0.74286 79 2.22857
1695000 35 6.40000 19 95 238 0.80000 78 2.22857
1700000 30 7.03333 20 105 229 0.83333 76 2.50000
1705000 32 6.40625 22 103 229 0.84375 77 2.34375
1710000 27 7.55556 25 94 213 0.88889 75 2.70370
1715000 36 6.00000 26 79 212 0.75000 75 2.05556
1720000 29 6.72414 23 96 208 0.82759 76 2.51724
1725000 32 6.25000 26 99 215 0.81250 73 2.25000
1730000 36 5.50000 23 108 219 0.83333 74 2.00000
1735000 34 5.88235 25 108 220 0.79412 78 2.26471
1740000 36 6.02778 24 99 232 0.86111 78 2.13889
1745000 33 6.66667 24 92 237 0.84848 77 2.30303
1750000 33 6.54545 24 84 225 0.87879 76 2.30303
1755000 35 5.82857 23 100 213 0.77143 78 2.17143
1760000 38 5.26316 21 101 209 0.81579 77 2.00000
1765000 32 6.06250 17 99 210 0.87500 78 2.37500
1770000 33 6.21212 17 91 217 0.87879 78 2.36364
1775000 36 5.97222 13 93 222 0.80556 78 2.16667
1780000 33 6.00000 13 107 214 0.87879 77 2.33333
1785000 35 5.94286 18 93 200 0.74286 75 2.11429
1790000 35 6.14286 27 95 213 0.71429 74 2.08571
1795000 38 5.73684 24 96 213 0.76316 76 1.97368
1800000 33 6.30303 19 107 215 0.81818 76 2.30303
1805000 29 7.17241 24 101 204 0.75862 76 2.55172
1810000 37 5.97297 25 91 212 0.75676 76 2.05405
1815000 34 6.26471 21 98 221 0.79412 74 2.17647
1820000 33 6.24242 19 99 219 0.87879 78 2.21212
1825000 34 6.44118 21 98 237 0.85294 77 2.14706
1830000 30 7.06667 23 102 218 0.80000 76 2.46667
1835000 33 6.57576 21 92 214 0.72727 76 2.06061
1840000 38 6.42105 24 91 236 0.78947 75 1.94737
1845000 35 6.85714 26 95 236 0.80000 77 2.17143
1850000 37 6.45946 26 97 227 0.83784 78 2.10811
1855000 33 6.87879 24 98 221 0.75758 78 2.36364
1860000 34 6.50000 25 78 213 0.79412 79 2.23529
1865000 25 7.80000 24 96 201 0.88000 76 2.92000
1870000 27 7.59259 23 94 205 0.81481 77 2.74074
1875000 26 7.80769 23 93 215 0.84615 78 2.92308
1880000 32 6.34375 15 90 202 0.78125 76 2.34375
1885000 33 6.24242 16 99 216 0.81818 77 2.27273
1890000 39 5.28205 17 98 204 0.76923 76 1.89744
1895000 35 5.51429 19 98 205 0.74286 77 2.14286
1900000 33 5.48485 16 104 189 0.81818 77 2.18182
1905000 36 5.08333 17 100 188 0.72222 73 1.94444
1910000 38 5.15789 18 103 205 0.73684 78 1.92105
1915000 28 6.67857 19 112 204 0.92857 77 2.64286
1920000 32 6.06250 20 106 215 0.87500 78 2.34375
1925000 33 6.33333 24 95 218 0.78788 76 2.30303
1930000 29 7.17241 21 93 215 0.82759 76 2.58621
1935000 34 6.20588 19 89 228 0.88235 73 2.14706
1940000 36 5.80556 19 87 215 0.77778 78 2.08333
1945000 34 6.23529 20 80 220 0.76471 78 2.26471
1950000 31 6.77419 21 90 223 0.83871 79 2.48387
1955000 33 6.57576 18 88 215 0.78788 80 2.33333
1960000 35 6.05714 19 76 213 0.77143 79 2.20000
1965000 36 6.16667 20 81 221 0.80556 79 2.13889
1970000 28 7.32143 17 90 213 0.92857 77 2.75000
1975000 33 6.39394 21 82 218 0.78788 77 2.33333
1980000 29 7.20690 21 89 216 0.82759 80 2.65517
1985000 30 7.10000 22 90 231 0.83333 79 2.60000
1990000 31 6.51613 22 89 210 0.80645 79 2.48387
1995000 35 6.22857 20 80 218 0.77143 76 2.14286
2000000 30 6.70000 19 87 212 0.86667 73 2.43333
2005000 34 6.20588 19 76 206 0.73529 74 2.17647
2010000 31 6.54839 19 91 209 0.83871 74 2.35484
2015000 31 6.35484 19 91 208 0.80645 75 2.32258
2020000 32 6.15625 20 95 202 0.78125 74 2.21875
2025000 32 6.18750 22 98 209 0.84375 72 2.21875
2030000 32 6.43750 25 93 209 0.81250 81 2.28125
2035000 35 6.05714 23 85 217 0.85714 77 2.17143
2040000 32 6.90625 23 66 223 0.90625 75 2.28125
2045000 37 5.75676 23 78 213 0.78378 75 2.00000
2050000 32 6.31250 20 88 218 0.84375 77 2.31250
2055000 33 6.33333 20 90 224 0.84848 76 2.21212
2060000 36 5.91667 21 89 220 0.80556 75 2.08333
2065000 40 5.75000 20 83 221 0.72500 76 1.90000
2070000 35 6.57143 21 72 225 0.85714 78 2.05714
2075000 38 6.13158 19 78 223 0.81579 76 2.00000
2080000 32 7.28125 21 83 232 0.87500 77 2.34375
2085000 33 7.12121 19 81 225 0.90909 77 2.24242
2090000 27 8.00000 17 83 221 1.00000 75 2.74074
2095000 33 6.84848 20 76 226 0.87879 74 2.18182
2100000 34 6.58824 17 80 233 0.85294 73 2.14706
2105000 32 6.65625 19 80 220 0.84375 74 2.25000
2110000 34 6.26471 21 85 222 0.88235 78 2.20588
2115000 39 5.92308 20 88 235 0.74359 77 1.82051
2120000 39 6.02564 21 91 236 0.84615 77 1.89744
2125000 37 6.56757 20 88 242 0.81081 74 2.00000
2130000 35 6.80000 20 85 233 0.85714 73 2.05714
2135000 35 6.51429 20 89 226 0.80000 73 2.00000
2140000 38 6.26316 17 68 232 0.78947 76 1.94737
2145000 31 7.00000 19 96 232 0.83871 76 2.41935
2150000 31 6.64516 16 96 223 0.96774 79 2.45161
2155000 32 6.50000 17 98 222 0.81250 77 2.34375
2160000 36 6.25000 16 81 218 0.80556 79 2.11111
2165000 34 6.26471 17 96 218 0.82353 77 2.17647
2170000 40 5.47500 16 83 203 0.77500 78 1.85000
2175000 37 5.83784 17 79 204 0.75676 78 2.05405
2180000 34 6.67647 18 85 223 0.88235 77 2.23529
2185000 36 6.33333 18 79 223 0.83333 77 2.11111
2190000 37 6.32432 23 77 227 0.78378 78 2.08108
2195000 31 6.51613 17 86 211 0.80645 78 2.41935
2200000 33 6.00000 15 91 205 0.78788 77 2.21212
2205000 32 6.59375 16 84 208 0.84375 77 2.37500
2210000 35 6.00000 18 80 211 0.82857 78 2.17143
2215000 32 6.12500 17 89 196 0.90625 78 2.37500
2220000 30 6.46667 15 88 215 0.96667 77 2.56667
2225000 30 6.13333 14 94 196 0.93333 75 2.50000
2230000 31 5.87097 14 90 188 0.77419 75 2.38710
2235000 38 5.34211 16 88 208 0.78947 78 2.02632
2240000 36 6.00000 17 84 215 0.77778 81 2.13889
2245000 36 6.33333 17 76 215 0.86111 76 2.08333
2250000 34 6.11765 19 90 207 0.73529 76 2.20588
2255000 29 6.41379 17 97 189 0.75862 76 2.55172
2260000 31 5.90323 16 89 188 0.83871 75 2.38710
2265000 32 5.96875 17 96 198 0.78125 78 2.31250
2270000 30 6.56667 17 104 219 0.83333 76 2.36667
2275000 32 6.87500 17 87 217 0.81250 73 2.25000
2280000 33 6.72727 18 85 235 0.87879 77 2.27273
2285000 33 6.84848 22 84 232 0.84848 79 2.24242
2290000 44 5.31818 19 71 221 0.77273 79 1.77273
2295000 32 6.15625 18 94 216 0.90625 77 2.34375
2300000 31 6.25806 19 92 202 0.80645 76 2.41935
2305000 33 6.24242 20 90 219 0.84848 78 2.24242
2310000 33 6.60606 20 89 215 0.75758 75 2.15152
2315000 35 6.14286 18 99 220 0.77143 77 2.17143
2320000 39 6.02564 21 81 229 0.74359 77 1.94872
2325000 35 6.31429 21 87 225 0.77143 77 2.17143
2330000 30 6.26667 18 110 206 0.80000 77 2.53333
2335000 38 5.39474 19 93 202 0.73684 77 2.02632
2340000 33 5.96970 20 108 209 0.69697 77 2.30303
2345000 36 5.97222 25 86 220 0.77778 78 2.08333
2350000 28 7.32143 24 96 221 0.78571 80 2.75000
2355000 31 6.80645 25 88 212 0.77419 77 2.48387
2360000 29 7.51724 23 92 215 0.82759 77 2.65517
2365000 26 7.76923 25 90 218 0.88462 77 2.96154
2370000 31 7.03226 24 84 221 0.77419 76 2.45161
2375000 28 7.57143 25 83 215 0.78571 76 2.67857
2380000 23 8.00000 20 110 213 0.91304 78 3.26087
2385000 33 6.21212 20 89 212 0.72727 76 2.27273
2390000 31 6.12903 20 96 192 0.70968 76 2.41935
2395000 32 6.28125 19 87 199 0.75000 77 2.40625
2400000 29 6.48276 18 113 208 0.86207 77 2.51724
2405000 30 6.40000 18 109 201 0.76667 77 2.46667
2410000 32 6.21875 19 100 209 0.75000 76 2.31250
2415000 33 5.96970 17 104 207 0.84848 75 2.24242
2420000 34 6.02941 17 107 204 0.70588 76 2.08824
2425000 36 6.38889 20 91 222 0.69444 79 2.11111
2430000 35 6.54286 18 91 212 0.62857 79 2.17143
2435000 31 6.83871 22 93 227 0.80645 77 2.32258
2440000 29 6.79310 21 75 205 0.86207 75 2.51724
2445000 25 7.32000 22 93 214 0.88000 75 2.88000
2450000 29 5.93103 18 93 190 0.89655 73 2.48276
2455000 30 6.20000 18 100 200 0.80000 73 2.36667
2460000 34 6.08824 15 84 207 0.67647 74 2.05882
2465000 30 6.30000 14 95 205 0.90000 73 2.40000
2470000 33 6.15152 14 84 209 0.78788 75 2.18182
2475000 35 5.65714 18 86 212 0.82857 77 2.14286
2480000 33 6.03030 18 92 204 0.75758 80 2.33333
2485000 34 5.73529 20 94 198 0.82353 80 2.29412
2490000 33 6.00000 18 103 198 0.84848 80 2.42424
2495000 41 5.12195 16 92 195 0.75610 79 1.90244
2500000 38 5.71053 18 91 230 0.81579 78 2.02632
2505000 37 5.81081 19 81 212 0.75676 77 2.08108
2510000 39 5.43590 15 87 201 0.71795 78 1.94872
2515000 38 5.10526 16 101 201 0.78947 77 1.92105
2520000 34 5.76471 18 97 200 0.79412 78 2.26471
2525000 31 5.83871 18 106 202 0.87097 78 2.45161
2530000 35 5.68571 20 94 193 0.80000 80 2.22857
2535000 33 6.09091 18 105 204 0.81818 79 2.36364
2540000 33 6.15152 20 99 202 0.78788 78 2.33333
2545000 40 5.65000 18 89 217 0.67500 77 1.90000
2550000 32 6.59375 22 99 225 0.75000 79 2.34375
2555000 35 6.51429 25 81 222 0.85714 78 2.22857
2560000 30 7.13333 20 86 214 0.86667 77 2.50000
2565000 34 6.61765 21 79 219 0.79412 77 2.26471
2570000 32 6.59375 20 76 203 0.81250 78 2.40625
2575000 33 6.57576 22 80 205 0.78788 76 2.21212
2580000 29 6.93103 24 96 214 0.96552 77 2.62069
2585000 34 6.50000 22 90 216 0.70588 74 2.11765
2590000 33 6.75758 20 88 213 0.78788 75 2.21212
2595000 32 6.90625 21 100 224 0.75000 73 2.21875
2600000 32 6.90625 20 92 227 0.84375 73 2.15625
2605000 34 6.52941 20 83 224 0.85294 75 2.11765
2610000 36 6.02778 24 82 216 0.80556 74 2.02778
2615000 36 6.27778 23 78 209 0.77778 75 2.00000
2620000 37 6.10811 22 74 225 0.86486 78 2.10811
2625000 36 5.97222 23 81 211 0.75000 77 2.13889
2630000 36 6.05556 19 83 221 0.77778 77 2.13889
2635000 32 6.18750 23 90 207 0.84375 77 2.40625
2640000 33 6.21212 19 96 213 0.75758 77 2.27273
2645000 35 5.97143 17 89 225 0.82857 76 2.17143
2650000 40 5.32500 19 91 218 0.77500 77 1.87500
2655000 38 5.50000 17 86 221 0.89474 76 1.92105
2660000 38 5.63158 14 82 224 0.86842 75 1.97368
2665000 35 5.65714 13 101 210 0.85714 76 2.17143
2670000 37 5.89189 13 83 228 0.91892 76 2.02703
2675000 40 5.95000 15 76 225 0.82500 76 1.90000
2680000 39 5.82051 16 91 224 0.82051 76 1.89744
2685000 38 6.05263 19 93 240 0.76316 77 1.92105
2690000 35 6.37143 19 87 228 0.85714 76 2.11429
2695000 34 6.23529 18 84 217 0.88235 75 2.11765
2700000 29 6.96552 16 91 212 0.96552 77 2.58621
2705000 42 5.52381 15 67 223 0.73810 74 1.76190
2710000 35 6.02857 18 74 214 0.88571 75 2.05714
2715000 32 6.46875 15 74 220 0.93750 76 2.31250
2720000 32 6.62500 15 72 213 0.87500 76 2.34375
2725000 32 6.40625 14 79 219 0.90625 78 2.37500
2730000 34 5.88235 13 78 207 0.85294 75 2.17647
2735000 35 6.08571 15 88 225 0.85714 78 2.20000
2740000 37 5.51351 15 85 217 0.86486 78 2.10811
2745000 34 6.61765 17 77 230 0.88235 78 2.29412
2750000 35 6.74286 23 85 243 0.91429 80 2.25714
2755000 36 6.50000 20 83 232 0.88889 80 2.22222
2760000 35 6.54286 19 84 226 0.82857 79 2.25714
2765000 34 6.88235 21 75 223 0.82353 79 2.29412
2770000 34 7.00000 22 83 229 0.85294 79 2.32353
2775000 35 7.00000 21 75 229 0.85714 80 2.25714
2780000 37 6.51351 19 73 223 0.72973 80 2.13514
2785000 34 6.47059 19 94 216 0.79412 79 2.17647
2790000 35 5.94286 18 93 210 0.80000 77 2.08571
2795000 38 5.94737 15 74 202 0.81579 76 1.92105
2800000 34 5.94118 16 103 211 0.82353 76 2.08824
2805000 37 5.94595 17 97 221 0.78378 78 1.94595
2810000 35 6.37143 18 98 229 0.80000 78 2.17143
2815000 39 5.79487 18 86 226 0.82051 78 1.94872
2820000 33 6.45455 18 79 215 0.81818 77 2.24242
2825000 34 6.23529 19 87 223 0.88235 78 2.20588
2830000 35 5.74286 18 86 198 0.77143 77 2.14286
2835000 35 5.51429 17 81 205 0.88571 77 2.20000
2840000 35 5.54286 18 83 200 0.80000 79 2.20000
2845000 32 6.00000 19 78 188 0.78125 79 2.40625
2850000 32 5.84375 20 92 201 0.87500 77 2.34375
2855000 38 5.36842 18 93 197 0.68421 77 1.92105
2860000 33 6.21212 17 109 208 0.75758 75 2.21212
2865000 36 5.86111 16 96 206 0.75000 75 2.08333
2870000 32 6.43750 16 87 207 0.78125 72 2.18750
2875000 38 5.65789 15 83 208 0.78947 73 1.89474
2880000 32 6.21875 15 99 210 0.75000 75 2.25000
2885000 39 5.76923 15 89 211 0.74359 76 1.94872
2890000 35 5.97143 17 105 196 0.74286 79 2.17143
2895000 38 5.73684 19 97 219 0.81579 80 2.05263
2900000 37 6.05405 21 94 207 0.72973 79 2.10811
2905000 34 6.47059 21 87 212 0.82353 78 2.26471
2910000 32 7.03125 23 89 215 0.78125 77 2.40625
2915000 35 6.57143 22 74 219 0.80000 77 2.14286
2920000 28 7.75000 25 83 224 0.82143 78 2.64286
2925000 30 6.66667 22 75 192 0.80000 80 2.56667
2930000 29 6.72414 23 89 207 0.79310 78 2.55172
2935000 31 6.32258 19 87 211 0.83871 77 2.45161
2940000 33 6.21212 16 90 208 0.78788 74 2.21212
2945000 31 6.58065 17 91 203 0.83871 73 2.32258
2950000 31 6.48387 19 97 212 0.74194 74 2.25806
2955000 30 6.30000 16 106 190 0.76667 73 2.30000
2960000 34 5.50000 13 103 191 0.73529 73 2.02941
2965000 32 5.90625 14 86 200 0.87500 74 2.28125
2970000 37 5.21622 17 89 195 0.72973 76 1.91892
2975000 36 5.33333 16 97 206 0.88889 75 2.02778
2980000 36 5.52778 19 82 202 0.77778 76 2.00000
2985000 35 5.48571 16 94 214 0.82857 77 2.11429
2990000 40 5.12500 15 93 202 0.75000 73 1.82500
2995000 32 6.09375 15 94 205 0.78125 73 2.18750
3000000 36 5.86111 15 75 210 0.72222 76 2.05556
3005000 32 6.50000 18 86 231 0.84375 76 2.31250
3010000 32 6.56250 19 86 236 0.96875 79 2.37500
3015000 30 7.53333 20 78 236 0.86667 78 2.56667
3020000 35 6.74286 20 72 233 0.85714 76 2.17143
3025000 30 7.60000 19 84 243 0.90000 77 2.53333
3030000 34 6.76471 19 74 232 0.76471 76 2.23529
3035000 30 7.40000 20 89 229 0.83333 78 2.56667
3040000 37 6.24324 22 85 223 0.72973 76 2.02703
3045000 34 6.70588 23 76 222 0.76471 76 2.20588
3050000 35 6.28571 19 89 218 0.77143 76 2.14286
3055000 35 6.57143 22 79 233 0.82857 77 2.08571
3060000 29 7.13793 21 90 219 0.89655 79 2.58621
3065000 35 6.31429 18 70 219 0.85714 76 2.11429
3070000 33 6.15152 17 92 217 0.87879 79 2.30303
3075000 39 5.76923 19 65 221 0.79487 78 2.00000
3080000 38 5.86842 19 78 215 0.78947 76 1.97368
3085000 35 6.22857 28 79 217 0.82857 76 2.17143
3090000 29 7.24138 27 75 212 0.89655 75 2.51724
3095000 35 6.08571 24 76 213 0.77143 72 2.02857
3100000 32 6.28125 20 93 210 0.78125 75 2.25000
3105000 31 6.58065 25 98 214 0.80645 75 2.35484
3110000 34 5.88235 19 92 204 0.76471 73 2.00000
3115000 41 5.14634 16 80 203 0.68293 76 1.73171
3120000 35 6.00000 17 86 206 0.82857 75 2.08571
3125000 35 6.05714 15 97 213 0.74286 76 2.08571
3130000 38 5.84211 15 94 223 0.81579 76 1.97368
3135000 36 6.11111 16 101 227 0.83333 75 2.08333
3140000 36 6.19444 17 86 230 0.83333 77 2.05556
3145000 37 5.83784 17 85 227 0.83784 77 2.00000
3150000 35 6.17143 20 80 224 0.80000 77 2.11429
3155000 34 6.26471 19 84 216 0.79412 75 2.17647
3160000 38 5.68421 23 82 218 0.78947 76 1.97368
3165000 41 5.31707 23 81 205 0.73171 75 1.80488
3170000 38 5.52632 19 88 225 0.89474 76 1.97368
3175000 37 5.45946 19 91 219 0.81081 76 1.91892
3180000 39 5.61538 16 84 230 0.79487 76 1.89744
3185000 41 5.56098 17 77 210 0.68293 77 1.78049
3190000 34 6.44118 17 92 227 0.79412 76 2.14706
3195000 35 6.08571 16 101 230 0.77143 77 2.02857
3200000 35 6.45714 17 89 240 0.82857 77 2.14286
3205000 36 6.36111 18 92 236 0.83333 78 2.13889
3210000 34 6.35294 24 94 241 0.82353 80 2.20588
3215000 36 6.00000 21 94 227 0.86111 81 2.22222
3220000 35 6.40000 20 83 215 0.77143 80 2.22857
3225000 30 6.86667 20 97 217 0.76667 76 2.40000
3230000 32 6.28125 17 102 208 0.81250 75 2.28125
3235000 30 6.40000 14 97 205 0.83333 77 2.50000
3240000 34 5.79412 16 101 215 0.85294 78 2.23529
3245000 32 6.31250 18 109 213 0.78125 78 2.34375
3250000 36 5.66667 16 101 214 0.80556 78 2.02778
3255000 35 5.74286 17 94 211 0.88571 74 2.05714
3260000 34 5.64706 17 80 195 0.82353 75 2.17647
3265000 28 6.32143 16 104 206 0.82143 74 2.60714
3270000 30 6.36667 18 110 215 0.83333 76 2.43333
3275000 35 5.40000 17 99 193 0.82857 75 2.08571
3280000 39 5.23077 17 88 180 0.64103 75 1.92308
3285000 32 6.28125 16 102 190 0.75000 79 2.37500
3290000 38 5.71053 16 78 184 0.68421 78 2.00000
3295000 28 6.50000 18 102 175 0.85714 75 2.67857
3300000 39 5.43590 16 90 189 0.71795 76 1.92308
3305000 34 6.11765 16 101 194 0.73529 75 2.17647
3310000 35 6.22857 19 85 198 0.68571 73 2.08571
3315000 33 6.39394 16 84 195 0.81818 74 2.21212
3320000 36 6.08333 17 81 193 0.75000 75 2.05556
3325000 33 6.48485 16 100 206 0.81818 74 2.21212
3330000 38 6.18421 17 93 199 0.65789 74 1.92105
3335000 36 6.38889 18 85 212 0.80556 75 2.02778
3340000 29 7.34483 18 92 204 0.79310 76 2.55172
3345000 23 8.95652 19 108 203 0.82609 77 3.13043
3350000 31 6.87097 18 89 207 0.87097 77 2.38710
3355000 32 7.40625 20 81 226 0.81250 76 2.31250
3360000 30 7.26667 18 81 208 0.80000 77 2.46667
3365000 32 6.71875 18 91 220 0.84375 78 2.40625
3370000 31 6.93548 19 90 221 0.77419 78 2.38710
3375000 28 7.28571 18 91 201 0.82143 79 2.64286
3380000 26 7.88462 16 88 214 0.84615 77 2.84615
3385000 33 6.72727 20 81 213 0.57576 77 2.21212
3390000 33 6.66667 20 90 229 0.75758 79 2.27273
3395000 27 7.18519 19 96 206 0.77778 77 2.70370
3400000 30 6.80000 22 102 208 0.70000 78 2.53333
3405000 31 6.90323 20 91 220 0.70968 79 2.51613
3410000 27 7.33333 22 95 204 0.77778 75 2.74074
3415000 31 6.64516 20 94 196 0.64516 76 2.38710
3420000 33 5.87879 18 101 197 0.75758 75 2.21212
3425000 33 5.93939 17 90 191 0.60606 78 2.21212
3430000 29 6.00000 19 93 190 0.79310 76 2.55172
3435000 32 5.40625 19 93 188 0.87500 78 2.34375
3440000 33 5.36364 21 92 184 0.75758 76 2.24242
3445000 31 6.16129 24 103 207 0.87097 74 2.38710
3450000 35 6.00000 27 99 203 0.77143 77 2.11429
3455000 33 5.84848 20 105 187 0.78788 77 2.33333
3460000 32 6.06250 24 87 197 0.78125 77 2.31250
3465000 33 5.72727 19 99 191 0.84848 79 2.36364
3470000 30 6.13333 20 106 199 0.83333 77 2.53333
3475000 37 5.21622 16 102 190 0.81081 77 2.02703
3480000 33 6.21212 17 104 206 0.78788 77 2.27273
3485000 39 5.35897 18 92 208 0.66667 78 1.97436
3490000 35 5.91429 19 86 207 0.80000 79 2.20000
3495000 35 6.11429 18 97 211 0.74286 79 2.22857
3500000 28 6.96429 17 106 213 0.82143 77 2.67857
3505000 34 5.82353 18 100 207 0.76471 76 2.23529
3510000 33 6.06061 19 99 195 0.78788 78 2.33333
3515000 32 6.21875 20 109 211 0.71875 79 2.46875
3520000 39 5.69231 21 94 210 0.69231 79 2.02564
3525000 36 5.86111 22 105 195 0.75000 78 2.16667
3530000 42 5.45238 20 100 213 0.76190 76 1.80952
3535000 30 6.93333 23 115 209 0.83333 79 2.60000
3540000 31 6.35484 21 108 201 0.80645 78 2.48387
3545000 34 5.47059 18 102 192 0.76471 77 2.23529
3550000 38 5.07895 17 94 186 0.78947 78 2.05263
3555000 33 5.66667 19 108 196 0.81818 79 2.36364
3560000 30 5.63333 17 110 177 0.80000 78 2.53333
3565000 34 6.23529 16 98 202 0.73529 78 2.29412
3570000 38 6.00000 13 94 204 0.71053 76 2.00000
3575000 39 5.89744 18 86 215 0.76923 75 1.87179
3580000 32 6.56250 17 90 198 0.81250 74 2.28125
3585000 31 6.58065 19 98 202 0.77419 77 2.38710
3590000 31 6.51613 17 97 215 0.80645 75 2.41935
3595000 31 6.58065 19 97 213 0.87097 75 2.38710
3600000 30 6.70000 19 89 206 0.76667 77 2.46667
3605000 37 5.62162 17 79 198 0.67568 76 1.97297
3610000 32 6.12500 21 81 209 0.84375 75 2.34375
3615000 33 6.06061 22 93 202 0.72727 78 2.30303
3620000 33 6.09091 24 80 194 0.72727 76 2.27273
3625000 33 6.12121 21 85 198 0.75758 79 2.30303
3630000 34 5.61765 24 108 198 0.82353 79 2.11765
3635000 35 5.82857 23 92 200 0.68571 77 1.97143
3640000 32 6.28125 21 90 193 0.75000 72 2.12500
3645000 37 5.64865 18 80 202 0.75676 73 1.94595
3650000 34 6.05882 18 88 209 0.82353 74 2.17647
3655000 33 6.27273 20 111 202 0.78788 74 2.18182
3660000 35 6.08571 16 104 213 0.74286 76 2.05714
3665000 30 7.03333 18 103 212 0.83333 75 2.40000
3670000 39 5.92308 19 95 225 0.69231 76 1.89744
3675000 39 5.74359 18 96 210 0.79487 78 1.94872
3680000 36 6.44444 17 90 209 0.77778 77 2.13889
3685000 37 6.16216 18 92 214 0.78378 78 2.05405
3690000 44 5.25000 17 88 222 0.72727 77 1.72727
3695000 34 6.44118 18 98 217 0.76471 78 2.26471
3700000 31 7.00000 17 94 213 0.87097 79 2.54839
3705000 33 6.66667 16 80 214 0.87879 78 2.36364
3710000 34 6.50000 22 78 198 0.76471 78 2.26471
3715000 31 6.80645 20 88 205 0.77419 78 2.48387
3720000 38 5.68421 20 77 201 0.73684 78 2.02632
3725000 31 6.87097 22 98 213 0.80645 78 2.45161
3730000 35 5.65714 18 103 198 0.77143 76 2.11429
3735000 34 5.52941 16 98 198 0.85294 78 2.26471
3740000 32 5.90625 12 106 199 0.84375 78 2.43750
3745000 36 5.88889 14 96 209 0.75000 78 2.16667
3750000 33 6.87879 19 87 222 0.81818 78 2.33333
3755000 30 7.33333 18 82 222 0.90000 79 2.60000
3760000 33 6.24242 16 80 196 0.84848 79 2.36364
3765000 35 6.11429 14 96 213 0.71429 77 2.20000
3770000 36 5.69444 13 98 191 0.72222 76 2.11111
3775000 33 6.27273 15 95 221 0.81818 75 2.24242
3780000 28 7.07143 21 97 212 0.85714 74 2.60714
3785000 39 5.76923 19 90 200 0.61538 72 1.82051
3790000 34 6.44118 18 88 216 0.64706 76 2.08824
3795000 33 5.93939 16 103 206 0.84848 77 2.18182
3800000 35 5.82857 17 96 202 0.80000 73 2.02857
3805000 39 5.28205 17 99 187 0.61538 75 1.79487
3810000 37 5.40541 19 98 212 0.81081 79 1.97297
3815000 32 6.31250 19 106 215 0.84375 78 2.31250
3820000 36 5.88889 16 95 214 0.72222 75 2.08333
3825000 36 6.22222 17 90 216 0.75000 76 2.08333
3830000 38 5.94737 16 98 216 0.73684 77 1.97368
3835000 35 6.60000 18 93 214 0.74286 75 2.05714
3840000 31 6.90323 16 83 209 0.74194 75 2.29032
3845000 29 6.96552 16 102 197 0.79310 76 2.34483
3850000 31 6.64516 16 93 199 0.80645 75 2.25806
3855000 30 6.86667 18 86 198 0.80000 72 2.30000
3860000 31 6.80645 21 95 191 0.80645 75 2.25806
3865000 33 6.21212 22 96 208 0.78788 78 2.18182
3870000 32 5.96875 20 104 192 0.78125 76 2.28125
3875000 33 5.66667 18 95 181 0.78788 78 2.21212
3880000 32 5.84375 16 93 181 0.81250 75 2.25000
3885000 37 5.32432 14 103 188 0.81081 75 1.97297
3890000 36 5.86111 14 80 191 0.80556 74 2.02778
3895000 32 6.53125 16 80 191 0.84375 78 2.34375
3900000 35 6.02857 13 67 187 0.77143 77 2.11429
3905000 37 5.67568 14 84 201 0.81081 77 2.02703
3910000 36 5.77778 14 91 197 0.80556 76 2.11111
3915000 41 5.26829 14 92 193 0.68293 76 1.75610
3920000 35 5.85714 17 97 196 0.74286 72 1.94286
3925000 36 5.94444 19 85 200 0.72222 72 1.91667
3930000 30 5.86667 16 97 169 0.76667 71 2.20000
3935000 38 5.18421 16 99 189 0.71053 74 1.86842
3940000 35 5.68571 21 102 186 0.74286 75 2.05714
3945000 39 5.82051 18 99 197 0.71795 75 1.87179
3950000 35 6.34286 20 106 205 0.68571 78 2.14286
3955000 34 6.38235 18 109 214 0.82353 77 2.20588
3960000 30 7.33333 19 101 212 0.86667 77 2.50000
3965000 39 5.82051 16 79 196 0.66667 74 1.84615
3970000 33 6.03030 16 88 186 0.72727 76 2.24242
3975000 40 5.15000 17 86 195 0.75000 75 1.85000
3980000 42 5.11905 19 85 204 0.69048 74 1.71429
3985000 35 5.91429 18 95 215 0.82857 74 2.05714
3990000 39 5.71795 21 84 207 0.84615 76 1.92308
3995000 43 5.27907 18 91 217 0.72093 77 1.76744
4000000 37 6.10811 22 81 218 0.83784 74 1.97297
4005000 33 6.33333 22 82 209 0.81818 75 2.12121
4010000 38 5.42105 19 78 192 0.73684 74 1.81579
4015000 32 6.15625 19 96 210 0.87500 72 2.21875
4020000 33 6.33333 22 87 219 0.87879 74 2.15152
4025000 35 6.11429 17 81 218 0.80000 72 2.00000
4030000 34 6.50000 26 86 230 0.79412 77 2.08824
4035000 38 5.60526 23 95 222 0.73684 74 1.89474
4040000 36 6.13889 26 91 208 0.75000 75 2.00000
4045000 34 6.14706 25 104 202 0.64706 77 2.14706
4050000 34 6.23529 24 115 205 0.61765 75 2.08824
4055000 39 5.48718 22 103 199 0.64103 78 1.92308
4060000 41 5.56098 22 90 222 0.70732 79 1.90244
4065000 36 5.83333 20 101 202 0.75000 79 2.11111
4070000 31 6.51613 18 90 195 0.74194 76 2.45161
4075000 37 5.62162 18 78 200 0.75676 75 1.97297
4080000 37 5.59459 19 87 186 0.70270 76 1.97297
4085000 36 5.69444 18 92 194 0.72222 79 2.08333
4090000 42 5.52381 19 67 191 0.78571 77 1.83333
4095000 37 5.64865 18 91 206 0.81081 75 2.02703
4100000 32 6.25000 14 89 206 0.90625 77 2.31250
4105000 42 5.19048 17 84 206 0.73810 78 1.76190
4110000 36 5.33333 17 90 186 0.72222 73 2.00000
4115000 34 5.64706 15 88 187 0.85294 72 2.05882
4120000 33 6.06061 15 84 198 0.84848 73 2.12121
4125000 33 6.30303 21 83 209 0.84848 76 2.18182
4130000 35 6.42857 20 80 219 0.88571 77 2.05714
4135000 35 6.14286 19 79 219 0.82857 75 2.02857
4140000 39 5.71795 16 79 213 0.74359 75 1.87179
4145000 38 5.89474 18 88 218 0.73684 78 1.97368
4150000 36 6.38889 21 79 223 0.77778 76 2.08333
4155000 35 6.05714 20 91 222 0.88571 77 2.14286
4160000 31 6.51613 20 96 211 0.93548 74 2.35484
4165000 32 6.21875 22 97 218 0.84375 76 2.28125
4170000 39 5.56410 23 93 225 0.79487 77 1.92308
4175000 36 5.86111 21 93 215 0.86111 76 1.97222
4180000 34 6.14706 21 94 217 0.76471 77 2.23529
4185000 39 5.64103 18 103 230 0.84615 77 1.94872
4190000 39 5.82051 17 87 234 0.82051 73 1.79487
4195000 39 5.89744 17 92 233 0.84615 75 1.84615
4200000 39 5.87179 18 97 224 0.87179 76 1.89744
4205000 37 6.43243 17 93 241 0.83784 76 2.02703
4210000 36 6.30556 15 90 229 0.80556 75 2.00000
4215000 34 6.61765 20 90 239 0.85294 73 2.14706
4220000 36 6.66667 16 77 233 0.83333 75 2.02778
4225000 34 7.05882 16 90 232 0.91176 76 2.17647
4230000 32 6.96875 17 84 231 0.93750 77 2.28125
4235000 34 6.70588 23 83 236 0.88235 76 2.17647
4240000 33 6.48485 19 84 222 0.93939 74 2.21212
4245000 34 6.29412 18 86 216 0.88235 73 2.08824
4250000 34 5.85294 16 87 213 0.91176 74 2.08824
4255000 33 5.75758 18 85 198 0.81818 76 2.21212
4260000 30 6.40000 21 90 205 0.86667 77 2.46667
4265000 35 6.05714 23 85 213 0.74286 76 2.11429
4270000 34 5.97059 18 91 203 0.82353 74 2.17647
4275000 36 5.80556 19 92 218 0.86111 77 2.05556
4280000 40 5.87500 18 93 227 0.72500 76 1.85000
4285000 38 6.34211 19 95 237 0.76316 75 1.92105
4290000 36 6.11111 18 92 223 0.88889 77 2.02778
4295000 35 6.48571 21 101 244 0.85714 78 2.05714
4300000 37 5.97297 20 107 232 0.75676 77 2.02703
4305000 32 6.37500 24 111 233 0.81250 78 2.40625
4310000 34 6.23529 24 92 222 0.91176 77 2.23529
4315000 34 6.08824 23 82 217 0.85294 79 2.32353
4320000 39 5.66667 20 76 216 0.76923 78 1.97436
4325000 36 5.77778 16 85 216 0.80556 75 2.02778
4330000 35 6.00000 17 104 216 0.77143 76 2.05714
4335000 36 5.91667 21 95 208 0.80556 74 2.00000
4340000 31 6.67742 20 110 219 0.87097 76 2.38710
4345000 35 6.17143 18 98 221 0.85714 75 2.11429
4350000 38 5.78947 17 82 212 0.68421 75 1.94737
4355000 34 6.38235 18 82 216 0.85294 76 2.20588
4360000 35 6.28571 16 81 221 0.77143 75 2.11429
4365000 35 6.28571 16 83 210 0.80000 75 2.05714
4370000 36 6.11111 18 90 211 0.77778 76 2.02778
4375000 40 6.02500 22 94 223 0.67500 76 1.80000
4380000 34 6.79412 21 102 228 0.79412 78 2.29412
4385000 33 6.90909 19 96 228 0.81818 76 2.30303
4390000 39 6.17949 21 72 238 0.74359 74 1.87179
4395000 37 6.37838 20 81 223 0.78378 76 2.05405
4400000 33 6.72727 20 89 217 0.78788 77 2.30303
4405000 34 6.50000 22 95 223 0.76471 76 2.20588
4410000 37 6.18919 20 95 213 0.70270 75 2.00000
4415000 39 5.82051 21 98 213 0.69231 76 1.89744
4420000 34 6.58824 21 95 202 0.67647 77 2.20588
4425000 33 6.75758 19 95 216 0.75758 75 2.27273
4430000 30 7.46667 20 78 220 0.86667 77 2.50000
4435000 31 6.93548 16 86 223 0.90323 76 2.41935
4440000 32 6.71875 23 85 225 0.90625 78 2.37500
4445000 34 6.35294 20 65 203 0.82353 75 2.20588
4450000 36 6.13889 18 87 221 0.75000 76 2.00000
4455000 34 6.14706 22 88 212 0.79412 78 2.17647
4460000 37 5.67568 18 86 215 0.81081 78 2.02703
4465000 39 5.58974 19 81 210 0.74359 76 1.92308
4470000 34 5.73529 18 98 218 0.88235 74 2.17647
4475000 33 5.81818 16 114 197 0.72727 78 2.27273
4480000 35 5.51429 13 106 223 0.85714 78 2.02857
4485000 39 5.07692 12 85 184 0.76923 75 1.92308
4490000 34 5.79412 14 97 188 0.73529 76 2.08824
4495000 35 5.60000 14 90 185 0.80000 75 2.11429
4500000 35 5.45714 14 89 177 0.71429 71 2.02857
4505000 29 6.72414 14 111 214 0.82759 73 2.41379
4510000 31 6.38710 13 99 202 0.80645 75 2.35484
4515000 36 5.86111 13 86 199 0.75000 74 2.00000
4520000 31 6.51613 15 90 201 0.83871 75 2.41935
4525000 34 5.91176 18 82 203 0.73529 76 2.23529
4530000 35 6.00000 15 84 209 0.82857 76 2.17143
4535000 32 6.43750 14 98 219 0.90625 75 2.31250
4540000 40 5.30000 13 93 203 0.72500 77 1.87500
4545000 36 6.19444 18 88 205 0.77778 77 2.11111
4550000 25 7.80000 23 105 205 0.88000 76 3.04000
4555000 30 6.50000 20 98 202 0.76667 76 2.53333
4560000 35 6.17143 17 82 206 0.74286 74 2.08571
4565000 30 6.36667 18 105 200 0.76667 78 2.53333
4570000 33 5.87879 18 97 197 0.87879 74 2.21212
4575000 37 5.37838 23 89 198 0.78378 74 1.94595
4580000 33 5.96970 25 86 200 0.84848 71 2.06061
4585000 32 5.93750 22 91 191 0.71875 74 2.21875
4590000 33 5.36364 21 98 190 0.84848 78 2.24242
4595000 34 5.67647 24 90 199 0.79412 78 2.20588
4600000 32 5.56250 18 115 196 0.84375 77 2.34375
4605000 43 4.76744 22 77 196 0.72093 78 1.79070
4610000 36 5.38889 21 97 205 0.80556 76 2.08333
4615000 34 5.82353 20 102 204 0.85294 76 2.17647
4620000 36 5.47222 19 97 197 0.83333 77 1.94444
4625000 33 5.51515 21 109 184 0.75758 77 2.12121
4630000 37 5.13514 18 99 201 0.78378 77 2.05405
4635000 35 5.34286 20 91 187 0.68571 78 2.11429
4640000 33 5.78788 18 98 198 0.84848 77 2.21212
4645000 33 6.03030 20 100 209 0.84848 75 2.24242
4650000 31 6.29032 22 106 200 0.77419 76 2.29032
4655000 31 5.96774 22 102 198 0.90323 73 2.32258
4660000 38 5.34211 21 92 204 0.78947 74 1.84211
4665000 40 5.30000 19 91 211 0.75000 75 1.70000
4670000 39 5.41026 22 85 230 0.84615 78 1.94872
4675000 31 6.67742 25 87 227 0.96774 79 2.45161
4680000 32 6.21875 25 89 217 0.87500 78 2.40625
4685000 37 5.32432 22 81 203 0.86486 77 2.05405
4690000 34 6.08824 27 86 204 0.73529 79 2.29412
4695000 37 5.56757 25 94 199 0.75676 78 2.10811
4700000 33 6.15152 25 100 216 0.90909 78 2.30303
4705000 35 6.02857 26 95 216 0.74286 74 2.02857
4710000 33 6.63636 25 93 228 0.81818 76 2.18182
4715000 37 5.81081 22 97 217 0.75676 74 1.97297
4720000 31 6.74194 22 97 225 0.90323 75 2.29032
4725000 34 6.35294 22 91 213 0.76471 74 2.02941
4730000 34 6.20588 23 86 206 0.79412 75 2.05882
4735000 36 5.91667 21 83 199 0.77778 75 2.00000
4740000 30 6.90000 21 92 206 0.80000 76 2.36667
4745000 32 6.50000 19 99 204 0.84375 78 2.31250
4750000 35 6.05714 22 99 212 0.85714 76 2.08571
4755000 39 5.71795 20 82 215 0.82051 78 1.89744
4760000 36 5.97222 18 90 215 0.80556 77 2.00000
4765000 39 5.38462 18 96 205 0.76923 77 1.92308
4770000 36 5.83333 17 94 204 0.88889 80 2.19444
4775000 34 5.70588 22 105 212 0.85294 78 2.26471
4780000 38 5.63158 22 90 200 0.71053 77 2.00000
4785000 39 5.56410 19 90 200 0.71795 75 1.92308
4790000 37 6.00000 22 84 186 0.67568 74 1.91892
4795000 41 5.29268 22 89 200 0.68293 77 1.80488
4800000 37 5.75676 17 93 205 0.78378 75 2.02703
4805000 37 5.54054 18 101 218 0.86486 77 2.08108
4810000 33 6.18182 17 88 202 0.78788 79 2.36364
4815000 32 6.15625 17 94 206 0.81250 77 2.28125
4820000 30 6.30000 20 104 212 0.93333 76 2.46667
4825000 33 5.81818 20 92 192 0.84848 74 2.15152
4830000 36 5.25000 16 101 194 0.80556 76 2.02778
4835000 31 6.00000 15 101 194 0.77419 76 2.38710
4840000 36 5.66667 16 95 203 0.83333 75 2.05556
4845000 34 5.88235 22 99 209 0.88235 74 2.17647
4850000 40 5.17500 19 87 199 0.67500 75 1.85000
4855000 36 6.00000 26 84 210 0.75000 76 2.08333
4860000 35 6.37143 23 93 219 0.82857 76 2.11429
4865000 35 5.62857 20 103 196 0.71429 79 2.22857
4870000 35 5.80000 21 93 200 0.77143 78 2.11429
4875000 33 6.24242 22 94 213 0.93939 79 2.33333
4880000 36 5.83333 20 71 213 0.75000 78 2.16667
4885000 40 5.47500 17 73 210 0.77500 77 1.87500
4890000 33 6.12121 19 97 205 0.78788 77 2.30303
4895000 38 5.57895 19 93 214 0.81579 76 2.00000
4900000 38 5.55263 16 91 216 0.78947 75 1.94737
4905000 30 6.66667 17 101 218 0.96667 77 2.53333
4910000 34 6.02941 16 93 214 0.85294 75 2.20588
4915000 33 6.15152 16 98 209 0.75758 76 2.24242
4920000 38 5.84211 17 89 214 0.84211 76 2.00000
4925000 37 6.00000 20 78 219 0.81081 75 2.02703
4930000 32 6.43750 16 105 217 0.93750 76 2.34375
4935000 33 5.96970 16 97 200 0.75758 75 2.09091
4940000 34 5.85294 18 93 205 0.79412 76 2.05882
4945000 35 6.17143 20 79 197 0.80000 73 2.00000
4950000 30 6.66667 19 96 202 0.80000 76 2.40000
4955000 35 6.02857 23 90 199 0.82857 74 2.00000
4960000 34 6.23529 21 94 213 0.82353 75 2.02941
4965000 36 5.75000 22 93 208 0.83333 76 1.97222
4970000 40 5.47500 22 89 222 0.87500 78 1.90000
4975000 40 5.45000 20 92 210 0.72500 77 1.87500
4980000 37 5.86486 22 107 223 0.86486 75 1.97297
4985000 38 5.81579 21 94 225 0.84211 78 2.05263
4990000 34 6.41176 20 91 222 0.91176 79 2.26471
4995000 39 5.92308 19 72 216 0.87179 78 1.97436
5000000 34 6.35294 18 84 213 0.82353 78 2.23529
5005000 28 7.71429 20 95 226 0.96429 76 2.71429
5010000 31 7.51613 20 74 225 0.83871 76 2.41935
5015000 34 6.61765 20 79 215 0.85294 78 2.26471
5020000 35 6.65714 18 96 246 0.94286 78 2.20000
5025000 37 6.35135 21 85 231 0.75676 79 2.10811
5030000 42 5.83333 20 71 235 0.71429 79 1.88095
5035000 33 6.75758 19 92 226 0.78788 79 2.36364
5040000 36 6.61111 22 91 237 0.72222 79 2.16667
5045000 33 7.03030 21 88 228 0.75758 77 2.30303
5050000 34 6.97059 22 91 241 0.79412 79 2.29412
5055000 30 6.96667 26 107 211 0.83333 77 2.53333
5060000 31 6.67742 23 108 219 0.83871 76 2.45161
5065000 35 6.25714 22 89 224 0.82857 77 2.14286
5070000 31 6.45161 22 100 206 0.77419 79 2.48387
5075000 37 5.40541 19 111 208 0.78378 77 2.02703
5080000 36 5.69444 21 100 206 0.72222 76 1.91667
5085000 34 6.14706 22 99 203 0.79412 75 2.02941
5090000 33 6.60606 21 83 233 0.84848 77 2.24242
5095000 37 6.08108 21 84 235 0.83784 76 2.02703
5100000 32 7.31250 24 89 244 0.93750 76 2.37500
5105000 34 6.91176 24 86 253 0.82353 77 2.20588
5110000 31 7.80645 24 86 253 0.87097 77 2.41935
5115000 36 6.77778 23 72 239 0.83333 76 2.08333
5120000 29 8.06897 23 72 244 0.93103 79 2.62069
5125000 29 7.93103 22 79 222 0.79310 74 2.48276
5130000 30 7.80000 23 87 248 0.86667 73 2.40000
5135000 31 7.41935 20 88 235 0.83871 78 2.38710
5140000 39 5.64103 17 93 211 0.79487 76 1.92308
5145000 38 5.76316 22 91 216 0.76316 77 1.94737
5150000 35 5.97143 23 93 206 0.74286 74 2.02857
5155000 38 5.60526 26 86 211 0.71053 75 1.81579
5160000 35 5.88571 23 92 219 0.80000 73 1.94286
5165000 34 5.88235 20 94 201 0.79412 73 2.02941
5170000 33 6.00000 19 91 210 0.87879 75 2.12121
5175000 36 5.55556 20 88 206 0.80556 76 1.94444
5180000 34 6.05882 22 91 213 0.82353 75 2.20588
5185000 38 5.68421 23 92 214 0.73684 74 1.92105
5190000 33 6.30303 23 102 219 0.75758 76 2.24242
5195000 36 6.13889 22 88 229 0.75000 78 2.11111
5200000 33 6.24242 21 87 217 0.84848 76 2.27273
5205000 34 5.97059 21 97 224 0.79412 76 2.23529
5210000 31 6.12903 19 98 199 0.80645 73 2.29032
5215000 33 5.96970 19 80 204 0.78788 76 2.21212
5220000 34 5.94118 20 80 201 0.82353 74 2.11765
5225000 35 5.65714 18 89 201 0.88571 77 2.11429
5230000 35 5.68571 19 72 197 0.82857 76 2.17143
5235000 36 5.63889 18 73 185 0.80556 75 2.02778
5240000 31 5.77419 17 88 168 0.80645 74 2.32258
5245000 38 5.18421 18 87 195 0.84211 74 1.92105
5250000 36 5.58333 21 90 191 0.75000 74 2.00000
5255000 37 5.56757 21 98 213 0.78378 76 2.00000
5260000 37 5.48649 16 94 203 0.81081 74 1.94595
5265000 38 5.18421 21 92 196 0.76316 77 1.92105
5270000 33 5.57576 20 106 200 0.78788 76 2.27273
5275000 36 5.47222 20 90 205 0.83333 77 2.13889
5280000 36 5.44444 18 93 205 0.83333 77 2.11111
5285000 34 5.82353 18 99 213 0.85294 80 2.26471
5290000 34 6.26471 19 93 217 0.85294 77 2.26471
5295000 37 5.89189 19 100 227 0.81081 78 2.08108
5300000 36 6.05556 18 88 225 0.77778 79 2.13889
5305000 30 6.90000 16 100 225 0.83333 75 2.50000
5310000 30 6.96667 16 94 226 0.90000 74 2.43333
5315000 28 7.32143 18 87 205 0.89286 75 2.64286
5320000 33 6.75758 17 78 222 0.90909 77 2.27273
5325000 35 6.20000 17 83 218 0.82857 76 2.05714
5330000 35 6.25714 20 85 204 0.68571 74 2.08571
5335000 29 7.20690 20 94 227 0.86207 78 2.58621
5340000 31 6.96774 18 86 223 0.96774 76 2.41935
5345000 38 6.13158 17 85 228 0.78947 76 1.94737
5350000 35 6.57143 17 86 226 0.85714 77 2.11429
5355000 30 7.13333 20 96 221 0.83333 75 2.43333
5360000 34 6.52941 21 84 235 0.88235 76 2.17647
5365000 32 6.81250 21 93 222 0.81250 75 2.25000
5370000 36 6.58333 27 74 238 0.72222 75 2.08333
5375000 39 6.02564 25 79 240 0.79487 78 2.00000
5380000 34 6.23529 23 87 217 0.82353 76 2.14706
5385000 34 6.47059 24 88 235 0.82353 77 2.17647
5390000 33 6.69697 26 87 229 0.87879 77 2.24242
5395000 31 6.58065 21 95 214 0.80645 76 2.38710
5400000 33 6.33333 23 90 216 0.87879 72 2.15152
5405000 31 6.51613 21 97 206 0.80645 73 2.32258
5410000 34 6.23529 18 84 212 0.82353 76 2.17647
5415000 34 5.82353 18 90 205 0.82353 78 2.26471
5420000 40 5.25000 18 86 201 0.80000 78 1.92500
5425000 39 5.33333 21 94 215 0.71795 80 1.89744
5430000 36 6.16667 20 85 213 0.80556 77 2.11111
5435000 35 6.05714 20 87 213 0.85714 74 2.11429
5440000 38 5.92105 18 68 202 0.84211 78 2.00000
5445000 33 6.63636 19 72 208 0.75758 79 2.33333
5450000 30 6.66667 20 89 210 0.86667 78 2.60000
5455000 34 6.05882 19 88 208 0.88235 77 2.26471
5460000 27 7.55556 19 92 211 0.92593 77 2.85185
5465000 30 6.73333 21 86 215 0.96667 75 2.43333
5470000 36 6.08333 19 72 222 0.83333 77 2.05556
5475000 35 6.22857 20 76 213 0.77143 75 2.11429
5480000 32 6.68750 20 83 216 0.81250 75 2.34375
5485000 31 6.41935 22 87 200 0.87097 74 2.29032
5490000 32 6.00000 20 94 200 0.78125 73 2.21875
5495000 31 6.09677 17 105 225 0.87097 72 2.29032
5500000 37 5.89189 17 88 218 0.72973 75 1.97297
5505000 32 6.37500 22 91 211 0.71875 76 2.31250
5510000 40 5.60000 19 82 223 0.77500 77 1.87500
5515000 37 5.78378 19 88 218 0.78378 74 2.00000
5520000 33 6.06061 18 98 197 0.69697 74 2.21212
5525000 31 6.54839 25 95 207 0.80645 75 2.35484
5530000 33 6.45455 23 87 211 0.78788 78 2.30303
5535000 36 6.22222 19 86 213 0.72222 77 2.11111
5540000 31 6.61290 21 92 217 0.87097 77 2.45161
5545000 31 7.19355 20 73 223 0.93548 80 2.54839
5550000 30 7.16667 23 85 220 0.76667 77 2.56667
5555000 29 6.86207 19 101 209 0.86207 80 2.55172
5560000 32 6.53125 20 85 213 0.75000 77 2.40625
5565000 30 7.36667 22 87 221 0.80000 76 2.53333
5570000 33 6.81818 22 92 228 0.78788 78 2.36364
5575000 36 6.08333 18 90 211 0.77778 78 2.13889
5580000 35 5.65714 19 96 198 0.74286 75 2.11429
5585000 29 6.24138 16 116 190 0.86207 75 2.51724
5590000 36 5.33333 15 96 196 0.77778 76 2.05556
5595000 38 5.26316 21 95 186 0.76316 77 2.00000
5600000 36 5.58333 20 108 220 0.77778 75 2.02778
5605000 35 5.97143 19 100 215 0.80000 75 2.02857
5610000 38 5.50000 16 115 221 0.76316 75 1.94737
5615000 35 6.25714 19 103 232 0.80000 76 2.14286
5620000 38 6.26316 22 95 227 0.84211 77 2.02632
5625000 34 6.85294 21 93 235 0.76471 78 2.29412
5630000 36 6.25000 22 91 230 0.75000 78 2.13889
5635000 35 6.17143 20 88 220 0.80000 79 2.22857
5640000 34 6.29412 23 81 217 0.88235 78 2.29412
5645000 30 6.46667 20 93 204 0.83333 77 2.53333
5650000 35 5.94286 20 105 209 0.71429 79 2.08571
5655000 36 5.77778 21 92 199 0.63889 77 2.08333
5660000 33 6.15152 19 100 191 0.75758 76 2.27273
5665000 35 5.97143 20 95 207 0.74286 78 2.11429
5670000 33 6.30303 24 92 208 0.66667 77 2.30303
5675000 25 7.20000 22 107 189 0.80000 78 3.08000
5680000 32 5.90625 25 94 193 0.75000 78 2.34375
5685000 37 5.43243 26 95 206 0.70270 78 1.97297
5690000 35 5.51429 25 108 194 0.80000 77 2.08571
5695000 35 5.48571 23 100 180 0.62857 75 2.08571
5700000 30 6.63333 23 101 217 0.83333 74 2.36667
5705000 31 6.12903 21 97 192 0.70968 77 2.32258
5710000 27 6.55556 20 107 192 0.85185 72 2.55556
5715000 25 7.00000 19 106 194 0.80000 73 2.80000
5720000 29 6.03448 17 111 194 0.75862 74 2.48276
5725000 38 5.28947 19 85 191 0.65789 75 1.86842
5730000 32 5.96875 20 97 197 0.71875 74 2.21875
5735000 30 6.26667 20 100 196 0.73333 75 2.33333
5740000 31 5.96774 23 99 190 0.67742 79 2.32258
5745000 32 5.78125 20 108 194 0.68750 78 2.28125
5750000 32 6.28125 21 98 205 0.81250 77 2.31250
5755000 29 6.68966 20 105 203 0.86207 77 2.55172
5760000 34 6.17647 17 91 212 0.82353 75 2.20588
5765000 33 5.72727 17 95 179 0.66667 73 2.21212
5770000 40 4.87500 19 89 185 0.72500 77 1.82500
5775000 31 5.70968 17 111 183 0.77419 78 2.32258
5780000 36 5.08333 16 103 186 0.69444 77 2.00000
5785000 33 6.00000 18 103 195 0.72727 74 2.21212
5790000 35 5.80000 19 77 192 0.77143 74 2.05714
5795000 31 6.12903 18 96 199 0.83871 74 2.35484
5800000 32 6.03125 16 104 198 0.81250 75 2.34375
5805000 34 5.94118 19 100 203 0.67647 76 2.14706
5810000 30 6.50000 21 105 224 0.83333 77 2.50000
5815000 39 5.51282 22 85 215 0.79487 75 1.89744
5820000 32 6.46875 19 100 204 0.81250 77 2.31250
5825000 30 6.96667 20 96 200 0.80000 75 2.33333
5830000 32 6.56250 23 87 212 0.71875 80 2.31250
5835000 25 7.20000 18 105 196 0.84000 74 2.84000
5840000 27 6.92593 20 99 202 0.88889 73 2.55556
5845000 31 6.29032 16 89 196 0.74194 74 2.16129
5850000 29 7.10345 21 87 211 0.79310 72 2.48276
5855000 31 6.16129 22 91 202 0.77419 72 2.25806
5860000 32 6.03125 21 102 203 0.68750 73 2.18750
5865000 28 6.42857 22 100 199 0.82143 72 2.53571
5870000 34 5.58824 20 105 198 0.73529 71 2.02941
5875000 34 5.61765 19 109 193 0.73529 75 2.17647
5880000 36 5.66667 17 101 197 0.66667 76 2.02778
5885000 37 5.51351 19 96 203 0.64865 74 1.94595
5890000 35 5.71429 17 100 210 0.74286 77 2.20000
5895000 34 5.88235 20 113 200 0.73529 75 2.17647
5900000 31 6.61290 21 118 221 0.83871 75 2.35484
5905000 34 6.17647 17 104 215 0.76471 77 2.20588
5910000 38 5.63158 18 89 204 0.71053 77 1.94737
5915000 35 6.17143 21 82 211 0.74286 78 2.08571
5920000 29 7.31034 20 98 215 0.79310 75 2.48276
5925000 27 7.51852 21 97 213 0.77778 77 2.81481
5930000 29 6.65517 20 87 193 0.72414 77 2.62069
5935000 28 6.96429 21 91 211 0.89286 76 2.71429
5940000 30 6.56667 19 94 209 0.83333 77 2.46667
5945000 29 6.79310 20 96 193 0.65517 78 2.62069
5950000 32 5.96875 18 99 191 0.65625 75 2.34375
5955000 32 5.96875 17 93 200 0.75000 78 2.37500
5960000 29 6.62069 20 98 200 0.86207 75 2.44828
5965000 31 6.16129 21 87 183 0.74194 74 2.35484
5970000 32 5.96875 20 92 195 0.81250 75 2.25000
5975000 33 5.81818 18 84 194 0.81818 76 2.21212
5980000 36 5.47222 18 92 193 0.80556 75 1.94444
5985000 39 5.07692 17 95 207 0.79487 74 1.74359
5990000 44 4.90909 16 94 203 0.70455 73 1.59091
5995000 35 5.88571 20 99 216 0.71429 76 2.08571
6000000 35 6.08571 22 101 209 0.74286 76 2.08571
6005000 31 6.70968 20 85 204 0.80645 74 2.32258
6010000 27 7.44444 18 90 207 0.85185 75 2.66667
6015000 32 6.53125 18 89 216 0.78125 75 2.28125
6020000 34 6.52941 17 89 222 0.82353 73 2.11765
6025000 28 6.92857 18 99 214 0.85714 72 2.53571
6030000 32 6.03125 16 91 206 0.87500 73 2.18750
6035000 33 5.87879 15 85 193 0.75758 74 2.09091
6040000 29 6.17241 16 97 185 0.82759 72 2.24138
6045000 31 6.29032 16 94 195 0.74194 68 2.03226
6050000 30 6.33333 15 94 202 0.86667 71 2.16667
6055000 30 6.40000 17 91 191 0.80000 71 2.23333
6060000 36 5.38889 16 95 201 0.80556 72 1.88889
6065000 39 5.17949 20 85 203 0.74359 76 1.74359
6070000 35 5.82857 19 98 212 0.80000 78 2.14286
6075000 37 5.43243 20 101 214 0.81081 79 2.00000
6080000 37 5.54054 19 97 213 0.78378 76 2.02703
6085000 33 5.87879 18 96 208 0.93939 77 2.27273
6090000 33 5.81818 15 92 197 0.81818 74 2.09091
6095000 32 5.93750 18 97 199 0.71875 72 2.18750
6100000 31 6.09677 16 105 197 0.74194 74 2.29032
6105000 33 5.93939 15 104 208 0.75758 77 2.18182
6110000 39 5.46154 20 91 216 0.82051 77 1.92308
6115000 38 5.47368 22 92 208 0.73684 76 1.89474
6120000 36 5.41667 21 95 196 0.72222 73 1.97222
6125000 34 5.88235 22 90 196 0.76471 72 2.05882
6130000 35 5.91429 20 97 205 0.80000 74 1.94286
6135000 35 5.80000 19 96 200 0.77143 75 2.05714
6140000 34 6.08824 19 90 198 0.76471 76 2.17647
6145000 32 6.68750 22 96 214 0.78125 76 2.25000
6150000 31 6.96774 21 89 210 0.74194 76 2.19355
6155000 36 6.27778 23 87 215 0.83333 73 1.88889
6160000 39 6.05128 24 73 213 0.76923 75 1.89744
6165000 27 7.66667 20 95 219 0.92593 75 2.70370
6170000 36 5.86111 15 98 204 0.77778 73 2.02778
6175000 33 6.00000 16 101 212 0.90909 75 2.21212
6180000 36 5.69444 22 94 202 0.80556 77 2.11111
6185000 36 5.83333 20 97 207 0.83333 74 2.00000
6190000 31 7.00000 16 87 196 0.80645 76 2.35484
6195000 29 7.37931 18 80 201 0.79310 78 2.58621
6200000 31 6.83871 18 76 200 0.77419 76 2.38710
6205000 27 7.18519 18 105 209 0.85185 78 2.81481
6210000 32 7.03125 18 98 232 0.84375 77 2.34375
6215000 30 7.63333 19 94 238 0.80000 76 2.46667
6220000 28 7.78571 18 102 232 0.89286 77 2.60714
6225000 27 8.55556 19 93 234 0.77778 76 2.77778
6230000 30 7.90000 24 82 252 0.76667 77 2.50000
6235000 31 7.38710 25 89 231 0.70968 77 2.38710
6240000 31 6.90323 20 101 224 0.74194 78 2.38710
6245000 31 6.64516 21 107 211 0.70968 77 2.38710
6250000 33 6.09091 19 96 203 0.72727 74 2.21212
6255000 35 5.85714 17 92 201 0.80000 75 2.11429
6260000 32 6.06250 19 90 189 0.78125 74 2.25000
6265000 32 5.96875 19 100 185 0.75000 77 2.34375
6270000 30 6.66667 21 93 191 0.76667 77 2.40000
6275000 32 5.84375 23 108 188 0.75000 76 2.28125
6280000 33 5.78788 24 111 208 0.84848 77 2.30303
6285000 36 5.52778 22 100 206 0.77778 77 2.05556
6290000 34 6.23529 28 84 203 0.73529 77 2.17647
6295000 31 6.64516 30 101 202 0.74194 78 2.41935
6300000 29 6.37931 28 117 205 0.86207 77 2.55172
6305000 39 5.51282 25 97 216 0.82051 76 1.92308
6310000 38 5.84211 21 94 210 0.63158 75 1.92105
6315000 40 5.35000 16 99 207 0.77500 78 1.85000
6320000 35 6.28571 18 97 211 0.74286 77 2.14286
6325000 34 6.91176 20 97 226 0.79412 79 2.26471
6330000 36 6.30556 23 104 230 0.75000 77 2.11111
6335000 33 7.06061 24 101 239 0.81818 75 2.27273
6340000 31 6.54839 25 101 218 0.80645 76 2.29032
6345000 33 6.45455 20 89 210 0.78788 74 2.15152
6350000 33 6.84848 21 84 212 0.78788 75 2.18182
6355000 32 6.87500 22 92 229 0.84375 75 2.31250
6360000 32 6.96875 20 95 222 0.81250 75 2.31250
6365000 33 6.33333 19 95 223 0.75758 74 2.18182
6370000 33 6.51515 20 88 203 0.75758 73 2.18182
6375000 32 6.96875 21 89 225 0.75000 74 2.25000
6380000 31 6.90323 18 90 238 0.93548 74 2.35484
6385000 32 6.43750 15 89 211 0.87500 79 2.28125
6390000 36 5.86111 14 82 218 0.83333 77 2.11111
6395000 29 6.55172 14 100 200 0.89655 77 2.55172
6400000 35 5.80000 17 100 209 0.71429 78 2.17143
6405000 37 5.72973 17 99 217 0.81081 77 2.02703
6410000 37 5.64865 17 93 208 0.70270 77 2.02703
6415000 37 5.78378 17 85 211 0.75676 78 2.02703
6420000 35 5.82857 16 89 202 0.77143 76 2.14286
6425000 37 5.43243 17 105 204 0.72973 79 1.97297
6430000 40 5.12500 15 96 205 0.72500 78 1.92500
6435000 41 5.65854 17 91 230 0.78049 78 1.82927
6440000 39 5.66667 19 90 212 0.71795 77 1.92308
6445000 34 6.17647 19 104 221 0.88235 78 2.23529
6450000 35 6.08571 17 105 219 0.88571 78 2.17143
6455000 35 6.00000 19 99 210 0.82857 77 2.14286
6460000 35 6.08571 19 86 211 0.80000 76 2.14286
6465000 34 6.20588 19 89 219 0.88235 76 2.20588
6470000 32 5.90625 20 94 199 0.84375 75 2.31250
6475000 38 5.34211 16 83 189 0.68421 78 1.97368
6480000 35 5.88571 19 86 215 0.80000 77 2.14286
6485000 32 6.21875 17 110 208 0.81250 76 2.34375
6490000 37 5.40541 17 109 205 0.78378 78 2.05405
6495000 35 6.14286 17 96 217 0.80000 80 2.28571
6500000 35 6.08571 16 100 211 0.80000 80 2.28571
6505000 38 5.84211 18 92 213 0.73684 81 2.07895
6510000 39 6.15385 15 77 210 0.76923 79 1.97436
6515000 37 6.37838 17 69 206 0.72973 80 2.10811
6520000 37 6.51351 18 71 208 0.72973 78 2.08108
6525000 33 6.93939 17 82 203 0.72727 79 2.30303
6530000 35 6.37143 18 88 182 0.65714 79 2.22857
6535000 33 6.78788 25 76 191 0.75758 79 2.36364
6540000 30 7.50000 22 87 217 0.86667 80 2.56667
6545000 30 7.36667 24 106 228 0.80000 78 2.60000
6550000 31 6.96774 22 80 191 0.74194 77 2.38710
6555000 31 6.64516 21 69 203 0.80645 75 2.41935
6560000 28 7.14286 23 85 207 0.89286 78 2.64286
6565000 32 6.37500 22 83 208 0.81250 76 2.31250
6570000 33 6.24242 20 93 193 0.75758 76 2.30303
6575000 29 6.65517 19 90 186 0.86207 78 2.65517
6580000 29 6.65517 17 97 204 0.89655 76 2.62069
6585000 30 6.86667 15 92 204 0.76667 77 2.53333
6590000 31 7.06452 20 83 221 0.87097 79 2.48387
6595000 35 6.02857 15 107 213 0.71429 78 2.17143
6600000 35 6.25714 19 108 224 0.80000 76 2.14286
6605000 35 6.17143 21 97 211 0.65714 77 2.20000
6610000 30 6.30000 21 106 193 0.76667 77 2.46667
6615000 35 6.00000 23 110 217 0.80000 78 2.05714
6620000 33 6.27273 22 107 209 0.78788 76 2.24242
6625000 32 6.90625 22 101 229 0.75000 77 2.25000
6630000 31 7.06452 18 103 224 0.77419 76 2.41935
6635000 35 6.31429 15 86 216 0.74286 79 2.22857
6640000 37 6.00000 15 80 213 0.75676 76 2.02703
6645000 36 6.19444 17 105 215 0.69444 80 2.13889
6650000 35 6.42857 14 96 217 0.77143 79 2.22857
6655000 35 6.31429 13 87 211 0.74286 79 2.25714
6660000 33 6.09091 13 93 201 0.90909 77 2.33333
6665000 34 5.79412 14 106 197 0.76471 78 2.26471
6670000 32 6.53125 15 87 194 0.81250 78 2.43750
6675000 32 6.68750 15 85 208 0.78125 78 2.40625
6680000 35 6.22857 15 77 212 0.85714 77 2.20000
6685000 31 6.64516 15 89 209 0.90323 77 2.41935
6690000 30 7.03333 18 99 213 0.83333 76 2.50000
6695000 32 7.12500 20 82 215 0.87500 77 2.40625
6700000 31 6.93548 20 84 209 0.83871 78 2.51613
6705000 30 6.56667 19 89 190 0.86667 78 2.53333
6710000 27 6.55556 17 99 185 0.88889 79 2.74074
6715000 32 6.00000 18 91 191 0.78125 78 2.37500
6720000 33 6.00000 16 96 191 0.72727 78 2.33333
6725000 30 6.33333 22 117 194 0.76667 78 2.50000
6730000 36 5.38889 16 94 195 0.80556 75 2.02778
6735000 35 5.57143 18 97 193 0.68571 75 2.14286
6740000 36 5.69444 19 97 204 0.63889 76 2.08333
6745000 36 6.00000 17 94 218 0.72222 77 2.02778
6750000 37 5.94595 17 96 225 0.67568 77 2.05405
6755000 31 6.61290 18 105 217 0.77419 78 2.45161
6760000 36 5.61111 16 101 210 0.83333 78 2.11111
6765000 34 5.79412 21 102 208 0.82353 78 2.20588
6770000 32 6.50000 19 102 211 0.75000 79 2.43750
6775000 36 5.94444 21 93 211 0.77778 76 2.11111
6780000 31 6.90323 23 95 217 0.74194 76 2.45161
6785000 31 6.51613 19 104 213 0.83871 78 2.41935
6790000 33 6.45455 19 88 216 0.75758 79 2.33333
6795000 27 7.29630 21 116 218 0.88889 75 2.66667
6800000 33 6.54545 19 99 237 0.87879 74 2.18182
6805000 33 6.48485 17 87 216 0.81818 76 2.12121
6810000 31 6.45161 18 107 206 0.74194 71 2.19355
6815000 36 5.55556 17 104 204 0.83333 75 2.00000
6820000 29 6.41379 21 105 202 0.86207 74 2.48276
6825000 36 5.69444 23 92 219 0.77778 76 2.02778
6830000 35 5.80000 18 87 212 0.85714 77 2.17143
6835000 38 5.18421 15 94 196 0.78947 73 1.89474
6840000 35 5.62857 16 97 201 0.85714 75 2.11429
6845000 33 5.87879 18 103 197 0.78788 76 2.24242
6850000 36 5.33333 19 99 194 0.75000 76 2.05556
6855000 32 5.56250 21 114 188 0.71875 75 2.28125
6860000 36 5.36111 16 98 190 0.80556 76 2.05556
6865000 34 5.70588 15 105 205 0.85294 78 2.23529
6870000 40 5.22500 16 94 201 0.72500 76 1.87500
6875000 40 5.20000 15 102 204 0.67500 75 1.85000
6880000 43 5.09302 15 96 208 0.62791 78 1.74419
6885000 41 5.51220 16 94 226 0.73171 79 1.90244
6890000 38 5.92105 17 91 228 0.81579 80 2.07895
6895000 36 6.50000 17 81 223 0.80556 79 2.19444
6900000 33 6.45455 18 95 218 0.87879 78 2.36364
6905000 31 6.70968 16 98 223 0.87097 77 2.48387
6910000 39 5.69231 15 101 211 0.66667 76 1.92308
6915000 36 5.88889 17 108 225 0.77778 78 2.05556
6920000 39 5.33333 15 102 213 0.74359 75 1.89744
6925000 38 5.47368 17 90 190 0.68421 73 1.84211
6930000 31 6.48387 25 99 212 0.90323 78 2.41935
6935000 29 7.10345 23 86 209 0.89655 76 2.48276
6940000 34 6.08824 21 89 205 0.79412 76 2.11765
6945000 32 6.65625 22 96 221 0.84375 78 2.34375
6950000 33 6.51515 22 93 218 0.72727 77 2.18182
6955000 33 6.66667 20 90 230 0.87879 78 2.30303
6960000 32 6.81250 25 98 234 0.87500 78 2.37500
6965000 31 6.80645 24 103 228 0.87097 77 2.45161
6970000 33 6.57576 21 85 219 0.81818 75 2.27273
6975000 31 6.25806 23 85 206 0.87097 75 2.41935
6980000 30 6.90000 23 88 217 0.76667 78 2.43333
6985000 26 7.26923 20 92 207 0.84615 75 2.65385
6990000 30 6.10000 17 107 206 0.83333 74 2.33333
6995000 32 6.09375 15 101 202 0.75000 74 2.15625
7000000 33 6.00000 19 92 188 0.63636 73 2.15152
7005000 32 6.31250 17 90 212 0.81250 75 2.15625
7010000 38 5.71053 18 84 210 0.71053 73 1.86842
7015000 36 6.05556 17 88 218 0.75000 72 2.00000
7020000 39 5.66667 15 88 210 0.76923 74 1.87179
7025000 34 6.44118 18 93 215 0.76471 77 2.23529
7030000 35 6.42857 18 82 217 0.74286 78 2.17143
7035000 31 6.90323 19 85 211 0.80645 80 2.48387
7040000 36 6.22222 18 78 211 0.72222 79 2.13889
7045000 36 6.41667 19 83 220 0.80556 77 2.11111
7050000 38 5.71053 15 87 208 0.76316 78 1.97368
7055000 43 5.60465 16 76 218 0.74419 77 1.76744
7060000 39 5.76923 17 90 218 0.76923 78 1.94872
7065000 34 6.35294 20 95 218 0.82353 77 2.20588
7070000 32 7.06250 19 94 232 0.84375 76 2.37500
7075000 35 6.65714 17 91 231 0.82857 76 2.17143
7080000 30 7.13333 17 95 215 0.80000 74 2.46667
7085000 33 6.48485 17 91 212 0.75758 74 2.24242
7090000 35 6.05714 15 88 209 0.77143 73 2.05714
7095000 28 7.03571 15 115 212 0.82143 74 2.60714
7100000 36 6.02778 15 93 214 0.72222 74 2.02778
7105000 39 5.76923 15 94 209 0.61538 75 1.89744
7110000 34 6.17647 16 118 215 0.76471 76 2.20588
7115000 36 5.91667 14 113 209 0.72222 75 2.02778
7120000 33 6.36364 15 103 208 0.75758 76 2.27273
7125000 33 6.66667 14 96 206 0.75758 77 2.30303
7130000 33 7.09091 15 97 212 0.69697 76 2.27273
7135000 27 8.18519 19 119 213 0.81481 78 2.85185
7140000 34 6.85294 21 89 214 0.73529 78 2.26471
7145000 32 7.21875 21 101 213 0.65625 77 2.34375
7150000 34 6.70588 21 108 215 0.64706 77 2.17647
7155000 34 6.70588 20 109 218 0.70588 76 2.14706
7160000 37 6.32432 21 108 218 0.70270 73 1.97297
7165000 34 6.58824 20 92 211 0.73529 73 2.11765
7170000 32 6.90625 22 98 220 0.75000 78 2.34375
7175000 34 6.52941 20 96 207 0.76471 77 2.20588
7180000 33 6.69697 19 97 201 0.69697 77 2.30303
7185000 35 6.45714 20 84 207 0.80000 77 2.14286
7190000 30 7.23333 19 97 214 0.86667 79 2.56667
7195000 28 7.67857 18 91 221 0.82143 77 2.71429
7200000 31 6.54839 18 88 191 0.80645 78 2.48387
7205000 32 6.21875 18 93 190 0.75000 79 2.37500
7210000 33 6.09091 20 93 192 0.75758 78 2.30303
7215000 29 7.00000 20 106 224 0.89655 80 2.65517
7220000 40 5.37500 17 94 203 0.72500 79 1.95000
7225000 33 6.30303 17 95 203 0.78788 76 2.30303
7230000 30 6.53333 16 97 193 0.76667 78 2.56667
7235000 31 6.58065 18 100 200 0.70968 77 2.41935
7240000 32 6.31250 15 99 203 0.87500 78 2.40625
7245000 36 5.63889 16 76 194 0.72222 75 2.08333
7250000 30 5.96667 15 89 171 0.80000 74 2.43333
7255000 32 5.59375 16 90 169 0.78125 74 2.28125
7260000 33 5.12121 18 94 158 0.75758 74 2.21212
7265000 35 5.28571 22 101 183 0.71429 73 2.02857
7270000 40 5.10000 23 97 188 0.65000 74 1.82500
7275000 34 5.61765 25 114 194 0.73529 74 2.11765
7280000 36 5.69444 24 92 202 0.77778 72 1.97222
7285000 31 6.09677 23 108 196 0.80645 74 2.29032
7290000 33 5.60606 20 108 195 0.69697 75 2.18182
7295000 32 6.21875 20 101 190 0.71875 73 2.18750
7300000 33 6.12121 19 102 207 0.78788 74 2.09091
7305000 33 6.30303 20 92 198 0.66667 73 2.09091
7310000 29 7.03448 20 96 207 0.86207 74 2.41379
7315000 33 6.45455 17 94 212 0.78788 70 2.06061
7320000 29 7.13793 19 102 218 0.89655 74 2.48276
7325000 33 6.69697 21 93 218 0.75758 76 2.30303
7330000 33 6.78788 22 73 215 0.81818 76 2.21212
7335000 28 7.14286 19 88 212 0.85714 74 2.60714
7340000 33 6.24242 21 80 210 0.72727 79 2.24242
7345000 32 6.15625 17 94 203 0.81250 77 2.40625
7350000 32 5.84375 20 113 212 0.87500 76 2.31250
7355000 38 5.28947 19 98 192 0.68421 76 1.84211
7360000 36 5.86111 20 91 209 0.83333 76 2.02778
7365000 43 5.00000 20 95 212 0.79070 77 1.69767
7370000 40 5.32500 21 96 216 0.75000 78 1.77500
7375000 39 5.25641 21 102 205 0.76923 74 1.84615
7380000 39 5.38462 19 98 221 0.82051 76 1.89744
7385000 40 5.45000 18 109 220 0.85000 77 1.85000
7390000 37 5.64865 21 102 220 0.81081 79 2.08108
7395000 39 5.43590 18 86 214 0.79487 77 1.94872
7400000 38 5.50000 20 102 210 0.81579 75 1.97368
7405000 30 6.93333 19 101 219 0.80000 77 2.46667
7410000 35 6.00000 18 96 214 0.71429 78 2.17143
7415000 38 5.86842 20 105 233 0.76316 76 2.00000
7420000 37 5.97297 20 102 222 0.81081 78 2.08108
7425000 37 6.37838 22 94 244 0.81081 77 2.05405
7430000 33 6.78788 19 104 236 0.93939 76 2.27273
7435000 33 6.93939 18 101 239 0.90909 77 2.30303
7440000 37 6.56757 19 77 240 0.75676 77 2.08108
7445000 38 6.39474 25 79 232 0.71053 79 2.02632
7450000 33 6.87879 20 80 239 0.87879 80 2.36364
7455000 39 6.00000 20 83 238 0.76923 79 2.02564
7460000 34 6.32353 18 90 224 0.85294 79 2.32353
7465000 34 6.05882 18 97 208 0.79412 80 2.35294
7470000 34 5.91176 19 93 208 0.76471 78 2.29412
7475000 30 6.66667 20 109 220 0.83333 78 2.50000
7480000 37 5.51351 21 84 208 0.78378 73 1.97297
7485000 37 5.70270 24 71 209 0.89189 76 2.02703
7490000 33 5.96970 21 90 203 0.84848 76 2.27273
7495000 35 5.65714 19 98 210 0.82857 79 2.22857
7500000 33 6.12121 19 91 207 0.81818 78 2.33333
7505000 36 5.91667 18 99 227 0.80556 77 2.13889
7510000 33 6.51515 18 86 227 0.81818 79 2.33333
7515000 29 6.82759 20 109 216 0.89655 79 2.65517
7520000 38 5.81579 22 85 213 0.73684 76 2.00000
7525000 32 6.53125 22 89 213 0.81250 77 2.37500
7530000 38 5.57895 18 80 211 0.78947 77 2.00000
7535000 34 6.11765 20 77 212 0.88235 80 2.32353
7540000 34 6.17647 22 82 202 0.76471 79 2.29412
7545000 37 5.56757 24 87 200 0.75676 76 2.02703
7550000 33 6.39394 27 81 202 0.84848 78 2.33333
7555000 32 6.21875 26 85 202 0.84375 78 2.40625
7560000 29 6.68966 25 88 199 0.82759 77 2.62069
7565000 33 5.90909 22 86 191 0.81818 74 2.21212
7570000 30 6.40000 23 93 208 0.90000 74 2.46667
7575000 34 6.00000 31 92 212 0.79412 76 2.20588
7580000 34 5.76471 24 87 200 0.79412 75 2.20588
7585000 33 6.45455 27 79 203 0.66667 74 2.21212
7590000 30 6.43333 27 105 220 0.90000 75 2.43333
7595000 36 5.75000 24 88 206 0.80556 77 2.08333
7600000 28 6.82143 23 94 209 0.82143 77 2.64286
7605000 30 6.23333 22 101 203 0.83333 79 2.50000
7610000 32 6.06250 24 99 203 0.84375 77 2.34375
7615000 31 6.00000 21 105 201 0.87097 77 2.38710
7620000 37 5.86486 26 88 211 0.75676 76 1.97297
7625000 29 6.82759 22 89 203 0.72414 75 2.48276
7630000 31 6.12903 22 90 190 0.70968 72 2.32258
7635000 34 5.88235 23 85 199 0.76471 73 2.08824
7640000 31 6.16129 22 100 202 0.74194 76 2.32258
7645000 30 6.30000 23 100 199 0.76667 77 2.30000
7650000 30 6.33333 28 99 201 0.83333 77 2.46667
7655000 37 5.59459 26 84 202 0.83784 76 2.02703
7660000 33 6.03030 25 83 198 0.69697 76 2.24242
7665000 32 5.75000 23 99 201 0.87500 75 2.18750
7670000 36 5.38889 20 90 193 0.80556 76 2.00000
7675000 34 6.20588 21 94 207 0.70588 75 2.08824
7680000 32 6.09375 23 96 196 0.81250 75 2.25000
7685000 33 6.21212 21 92 219 0.84848 74 2.21212
7690000 32 6.59375 18 92 223 0.87500 74 2.28125
7695000 36 6.08333 19 90 223 0.80556 74 2.05556
7700000 40 5.72500 18 87 232 0.82500 73 1.80000
7705000 33 6.81818 17 98 233 0.84848 75 2.21212
7710000 33 6.81818 17 83 218 0.81818 75 2.18182
7715000 35 6.34286 16 85 215 0.80000 76 2.14286
7720000 32 6.78125 17 83 221 0.81250 75 2.31250
7725000 36 5.91667 18 85 222 0.86111 77 2.11111
7730000 32 6.50000 18 109 218 0.81250 76 2.31250
7735000 36 6.05556 20 98 221 0.80556 79 2.16667
7740000 35 6.51429 27 95 234 0.82857 80 2.25714
7745000 36 5.97222 26 93 217 0.83333 80 2.22222
7750000 34 6.52941 22 91 227 0.82353 79 2.29412
7755000 31 7.03226 20 94 227 0.83871 79 2.48387
7760000 35 6.28571 18 86 219 0.77143 78 2.17143
7765000 32 6.62500 15 101 213 0.78125 75 2.34375
7770000 31 7.12903 16 83 223 0.80645 75 2.41935
7775000 32 6.37500 19 87 211 0.87500 76 2.31250
7780000 29 6.13793 16 104 197 0.86207 75 2.51724
7785000 37 5.32432 17 94 199 0.72973 77 1.91892
7790000 39 5.56410 15 80 200 0.71795 70 1.79487
7795000 40 5.47500 15 77 208 0.75000 76 1.90000
7800000 35 5.85714 20 80 209 0.85714 75 2.11429
7805000 37 5.45946 18 99 209 0.83784 75 1.97297
7810000 37 5.45946 19 105 204 0.72973 75 1.94595
7815000 41 5.19512 16 101 206 0.73171 72 1.73171
7820000 40 5.32500 15 98 212 0.75000 75 1.80000
7825000 36 5.80556 20 95 207 0.69444 76 1.97222
7830000 37 5.75676 18 97 198 0.70270 76 2.00000
7835000 33 6.45455 18 103 211 0.87879 78 2.24242
7840000 38 5.81579 22 94 216 0.71053 77 2.00000
7845000 38 5.97368 19 89 222 0.76316 78 2.00000
7850000 36 5.94444 17 93 213 0.80556 76 2.08333
7855000 34 6.55882 18 83 214 0.79412 75 2.17647
7860000 34 6.23529 18 88 210 0.79412 75 2.17647
7865000 30 6.93333 18 81 216 0.83333 76 2.50000
7870000 29 7.27586 16 82 217 0.86207 77 2.58621
7875000 32 6.65625 16 83 201 0.71875 77 2.34375
7880000 35 6.11429 16 81 209 0.77143 80 2.14286
7885000 34 6.14706 18 95 208 0.70588 76 2.17647
7890000 29 7.48276 23 94 214 0.82759 75 2.51724
7895000 32 6.96875 21 81 228 0.78125 75 2.31250
7900000 34 6.41176 20 88 229 0.85294 75 2.14706
7905000 31 7.61290 21 71 238 0.80645 75 2.32258
7910000 28 7.89286 19 84 222 0.85714 72 2.53571
7915000 32 6.81250 19 88 223 0.78125 75 2.34375
7920000 33 6.45455 18 82 213 0.69697 78 2.27273
7925000 33 6.54545 21 85 225 0.78788 76 2.27273
7930000 32 6.56250 18 88 206 0.81250 75 2.31250
7935000 31 6.61290 20 87 199 0.77419 75 2.41935
7940000 29 6.68966 21 97 212 0.89655 74 2.51724
7945000 33 5.84848 22 92 195 0.72727 77 2.24242
7950000 34 5.85294 18 96 200 0.70588 76 2.14706
7955000 27 6.62963 19 105 209 0.88889 78 2.70370
7960000 34 5.47059 19 104 195 0.76471 78 2.08824
7965000 33 5.57576 18 102 208 0.87879 77 2.18182
7970000 33 5.51515 19 100 194 0.75758 76 2.21212
7975000 36 5.44444 18 101 207 0.77778 76 2.02778
7980000 33 5.93939 19 82 207 0.81818 76 2.24242
7985000 35 5.62857 17 100 210 0.80000 78 2.17143
7990000 32 6.15625 19 111 213 0.87500 80 2.34375
7995000 37 5.35135 14 103 187 0.72973 75 1.94595
8000000 36 5.52778 15 93 199 0.77778 76 2.00000
8005000 31 6.03226 16 96 202 0.83871 78 2.38710
8010000 36 5.69444 18 84 203 0.72222 76 2.02778
8015000 38 5.55263 14 84 204 0.68421 77 1.94737
8020000 38 5.47368 14 81 212 0.81579 77 1.92105
8025000 38 5.42105 15 89 207 0.76316 78 2.02632
8030000 30 6.53333 18 99 197 0.73333 75 2.36667
8035000 38 5.68421 18 84 208 0.76316 76 1.92105
8040000 41 5.80488 20 79 219 0.73171 79 1.80488
8045000 32 6.31250 18 96 208 0.78125 77 2.25000
8050000 34 6.26471 20 90 204 0.67647 77 2.14706
8055000 36 6.08333 17 71 220 0.83333 78 2.13889
8060000 36 5.77778 19 86 206 0.80556 77 2.05556
8065000 32 6.78125 24 92 218 0.84375 77 2.37500
8070000 29 7.20690 22 99 221 0.82759 76 2.55172
8075000 35 6.08571 20 93 223 0.71429 76 2.08571
8080000 32 6.65625 19 93 218 0.90625 76 2.34375
8085000 37 5.64865 18 83 203 0.78378 75 2.02703
8090000 38 5.21053 17 102 203 0.84211 79 1.97368
8095000 33 6.03030 16 110 218 0.84848 77 2.24242
8100000 35 6.31429 17 92 220 0.74286 78 2.14286
8105000 38 6.00000 21 87 217 0.73684 79 2.07895
8110000 33 6.75758 21 93 222 0.81818 80 2.39394
8115000 32 7.03125 24 96 227 0.65625 78 2.31250
8120000 30 7.53333 20 107 229 0.76667 79 2.53333
8125000 29 7.17241 22 101 224 0.82759 76 2.55172
8130000 31 6.61290 20 90 212 0.87097 74 2.35484
8135000 34 6.20588 23 92 206 0.73529 75 2.14706
8140000 35 6.51429 20 92 225 0.68571 77 2.08571
8145000 29 6.93103 19 103 213 0.79310 75 2.51724
8150000 34 5.94118 19 92 207 0.79412 78 2.29412
8155000 29 6.34483 21 94 194 0.82759 75 2.55172
8160000 33 6.03030 19 91 184 0.69697 78 2.27273
8165000 41 5.19512 24 91 192 0.73171 78 1.87805
8170000 32 6.43750 25 92 204 0.71875 78 2.43750
8175000 29 6.89655 23 91 193 0.82759 73 2.48276
8180000 30 6.36667 19 101 193 0.73333 73 2.36667
8185000 30 6.60000 24 108 198 0.76667 73 2.40000
8190000 34 6.14706 22 98 201 0.88235 72 2.08824
8195000 39 5.61538 28 83 201 0.61538 74 1.84615
8200000 33 6.06061 27 92 195 0.78788 76 2.21212
8205000 31 6.22581 30 99 215 0.90323 77 2.41935
8210000 31 6.06452 29 94 198 0.83871 76 2.41935
8215000 30 5.83333 23 110 195 0.76667 73 2.40000
8220000 32 5.65625 20 116 198 0.75000 74 2.21875
8225000 31 5.80645 20 114 199 0.80645 74 2.32258
8230000 31 6.16129 21 103 202 0.80645 73 2.32258
8235000 34 5.47059 21 102 195 0.82353 74 2.08824
8240000 38 5.05263 19 98 187 0.65789 73 1.76316
8245000 39 4.79487 16 93 179 0.76923 74 1.79487
8250000 36 5.25000 18 98 195 0.83333 78 2.00000
8255000 38 5.44737 22 86 196 0.68421 77 1.92105
8260000 38 5.57895 20 83 209 0.81579 74 1.89474
8265000 35 5.60000 19 92 196 0.82857 76 2.14286
8270000 34 6.35294 18 86 203 0.76471 74 2.17647
8275000 34 6.38235 17 84 216 0.82353 74 2.05882
8280000 35 6.62857 19 82 219 0.85714 74 2.08571
8285000 34 6.76471 21 84 225 0.76471 69 1.91176
8290000 34 6.64706 18 89 218 0.76471 71 1.97059
8295000 33 6.93939 17 84 220 0.81818 72 2.09091
8300000 36 5.83333 15 89 208 0.83333 74 1.97222
8305000 39 5.20513 14 71 188 0.71795 76 1.89744
8310000 35 5.68571 16 76 190 0.77143 72 2.00000
8315000 35 5.68571 18 81 192 0.74286 68 1.91429
8320000 36 5.66667 20 101 211 0.77778 68 1.86111
8325000 38 5.86842 20 81 222 0.78947 73 1.84211
8330000 40 5.82500 17 69 228 0.80000 73 1.75000
8335000 33 6.48485 20 80 224 0.81818 75 2.12121
8340000 34 6.29412 21 84 215 0.88235 78 2.17647
8345000 33 6.36364 17 89 228 0.93939 76 2.21212
8350000 31 6.45161 21 87 195 0.77419 75 2.35484
8355000 37 6.00000 20 83 210 0.78378 78 2.08108
8360000 33 6.24242 19 94 220 0.84848 78 2.33333
8365000 36 5.83333 19 90 223 0.88889 78 2.16667
8370000 39 5.56410 23 80 211 0.69231 79 1.97436
8375000 35 5.85714 23 91 219 0.82857 75 2.11429
8380000 33 6.12121 17 84 208 0.84848 76 2.12121
8385000 33 5.93939 14 98 210 0.84848 75 2.15152
8390000 33 5.63636 15 103 202 0.84848 75 2.12121
8395000 34 5.55882 20 91 196 0.82353 73 2.00000
8400000 32 5.84375 20 96 216 0.93750 76 2.18750
8405000 35 5.80000 21 78 213 0.88571 75 2.02857
8410000 39 5.51282 21 74 216 0.76923 74 1.84615
8415000 32 6.18750 18 92 217 0.87500 75 2.21875
8420000 32 6.21875 19 86 216 0.84375 76 2.25000
8425000 31 6.12903 17 85 211 0.87097 75 2.32258
8430000 34 6.14706 16 90 225 0.82353 76 2.14706
8435000 36 5.72222 23 89 214 0.80556 75 2.02778
8440000 36 6.13889 23 88 226 0.86111 77 2.02778
8445000 36 6.05556 20 85 226 0.80556 77 2.02778
8450000 33 6.30303 18 92 214 0.78788 76 2.24242
8455000 39 5.35897 17 88 209 0.71795 78 1.92308
8460000 38 5.60526 19 88 209 0.71053 75 1.86842
8465000 38 5.63158 17 99 226 0.84211 77 2.00000
8470000 38 5.50000 16 95 206 0.73684 76 1.97368
8475000 37 5.78378 15 93 213 0.86486 79 2.05405
8480000 38 5.52632 14 93 207 0.76316 78 2.02632
8485000 34 6.08824 17 92 198 0.79412 76 2.08824
8490000 36 5.69444 17 92 189 0.80556 71 1.97222
8495000 34 6.11765 17 89 203 0.85294 73 2.08824
8500000 37 5.78378 19 88 199 0.70270 73 1.91892
8505000 38 5.44737 17 89 197 0.78947 72 1.89474
8510000 37 5.67568 18 81 195 0.72973 71 1.91892
8515000 39 5.35897 15 85 209 0.84615 73 1.79487
8520000 37 5.43243 15 107 205 0.89189 74 1.91892
8525000 40 5.27500 19 86 196 0.80000 74 1.80000
8530000 34 5.55882 16 100 192 0.88235 74 2.08824
8535000 34 5.73529 17 99 202 0.85294 75 1.97059
8540000 34 5.94118 19 101 197 0.76471 76 2.11765
8545000 36 5.58333 20 98 198 0.75000 72 1.97222
8550000 38 5.15789 15 93 190 0.73684 77 1.92105
8555000 41 5.29268 19 93 215 0.85366 77 1.82927
8560000 33 5.87879 15 93 203 0.87879 78 2.27273
8565000 41 5.31707 18 77 199 0.75610 78 1.87805
8570000 30 6.23333 19 101 206 0.83333 78 2.53333
8575000 31 6.25806 20 103 210 0.87097 79 2.38710
8580000 36 5.38889 18 102 202 0.75000 78 2.08333
8585000 36 5.52778 18 95 209 0.80556 78 2.13889
8590000 31 6.22581 19 93 203 0.87097 78 2.48387
8595000 39 5.12821 15 81 201 0.84615 79 1.97436
8600000 38 4.76316 14 102 191 0.84211 77 1.97368
8605000 42 4.85714 19 92 205 0.73810 78 1.76190
8610000 38 5.76316 17 84 207 0.71053 79 2.00000
8615000 37 5.97297 15 81 220 0.81081 79 2.13514
8620000 37 5.45946 17 84 217 0.83784 78 2.10811
8625000 35 5.54286 16 85 195 0.80000 77 2.20000
8630000 32 6.12500 18 110 217 0.81250 76 2.34375
8635000 30 6.40000 22 103 204 0.86667 76 2.36667
8640000 31 6.41935 19 103 214 0.74194 75 2.35484
8645000 33 6.03030 19 95 214 0.81818 76 2.24242
8650000 32 6.25000 20 96 207 0.81250 75 2.34375
8655000 32 6.15625 18 110 222 0.84375 75 2.31250
8660000 29 6.62069 21 106 210 0.89655 75 2.55172
8665000 35 5.42857 18 97 195 0.71429 75 2.14286
8670000 32 5.75000 22 120 197 0.78125 75 2.25000
8675000 36 5.77778 23 109 210 0.72222 73 1.97222
8680000 33 6.51515 24 96 229 0.78788 77 2.24242
8685000 31 6.67742 26 98 224 0.87097 80 2.45161
8690000 32 7.03125 25 82 233 0.87500 78 2.31250
8695000 35 6.45714 22 89 239 0.82857 78 2.22857
8700000 32 6.90625 23 87 226 0.81250 78 2.37500
8705000 32 7.28125 22 79 247 0.78125 78 2.40625
8710000 32 6.84375 21 71 230 0.81250 76 2.31250
8715000 31 7.19355 20 81 223 0.80645 77 2.45161
8720000 30 6.76667 19 90 210 0.90000 78 2.50000
8725000 34 6.35294 24 71 218 0.76471 74 2.17647
8730000 35 6.14286 24 78 205 0.71429 77 2.14286
8735000 29 6.72414 21 95 208 0.82759 76 2.51724
8740000 31 6.87097 21 84 224 0.80645 73 2.35484
8745000 37 6.05405 22 81 213 0.70270 75 1.97297
8750000 33 6.69697 24 86 205 0.72727 77 2.27273
8755000 32 6.68750 24 79 216 0.78125 75 2.28125
8760000 35 6.34286 21 75 215 0.77143 77 2.11429
8765000 35 6.14286 21 76 215 0.80000 78 2.14286
8770000 27 7.44444 19 88 219 0.92593 75 2.62963
8775000 33 6.54545 21 84 202 0.72727 76 2.24242
8780000 33 6.09091 19 94 198 0.81818 77 2.24242
8785000 33 6.27273 19 97 202 0.81818 77 2.30303
8790000 33 6.30303 21 100 199 0.78788 77 2.27273
8795000 35 5.94286 20 99 206 0.80000 77 2.11429
8800000 33 6.45455 20 82 202 0.78788 73 2.18182
8805000 33 6.57576 21 93 205 0.78788 75 2.21212
8810000 35 6.40000 20 78 215 0.80000 75 2.11429
8815000 34 6.17647 18 82 216 0.88235 74 2.14706
8820000 32 6.46875 24 95 213 0.81250 75 2.34375
8825000 37 6.05405 24 83 219 0.83784 77 2.02703
8830000 31 6.25806 20 100 192 0.77419 76 2.41935
8835000 36 6.19444 20 88 216 0.80556 76 2.05556
8840000 36 6.13889 20 86 216 0.75000 74 2.05556
8845000 30 7.10000 18 91 222 0.83333 75 2.36667
8850000 33 6.39394 19 86 222 0.84848 75 2.21212
8855000 30 6.50000 18 95 212 0.86667 74 2.36667
8860000 28 6.78571 19 96 201 0.78571 77 2.53571
8865000 36 5.94444 20 89 212 0.72222 78 2.05556
8870000 40 5.27500 25 107 218 0.82500 78 1.87500
8875000 30 6.63333 23 105 210 0.86667 75 2.36667
8880000 29 6.51724 22 107 206 0.79310 73 2.44828
8885000 34 5.73529 21 92 206 0.85294 75 2.20588
8890000 35 5.57143 17 103 207 0.82857 77 2.17143
8895000 32 6.18750 17 96 212 0.90625 78 2.25000
8900000 37 5.83784 22 83 218 0.81081 73 1.97297
8905000 32 6.62500 22 72 205 0.81250 75 2.34375
8910000 31 6.61290 24 98 209 0.83871 76 2.38710
8915000 33 5.84848 21 88 195 0.78788 77 2.30303
8920000 28 6.96429 19 105 222 0.89286 75 2.57143
8925000 34 5.97059 25 84 217 0.85294 76 2.17647
8930000 31 6.38710 19 96 206 0.83871 76 2.45161
8935000 36 5.63889 21 98 220 0.83333 79 2.13889
8940000 36 5.66667 20 95 208 0.72222 77 2.08333
8945000 33 6.03030 19 99 214 0.78788 76 2.21212
8950000 34 6.38235 25 81 223 0.85294 77 2.17647
8955000 31 6.51613 22 94 206 0.83871 77 2.35484
8960000 35 5.85714 19 104 206 0.74286 77 2.17143
8965000 33 6.39394 20 97 206 0.78788 77 2.24242
8970000 33 6.60606 18 99 226 0.81818 76 2.30303
8975000 32 6.71875 17 92 215 0.75000 78 2.43750
8980000 34 6.20588 19 103 205 0.64706 80 2.29412
8985000 32 6.25000 16 92 207 0.87500 76 2.34375
8990000 31 6.38710 19 89 195 0.74194 77 2.35484
8995000 31 6.54839 20 88 205 0.80645 78 2.41935
9000000 32 6.21875 17 78 191 0.71875 79 2.37500
9005000 33 6.12121 18 89 206 0.81818 79 2.36364
9010000 32 6.65625 18 87 217 0.75000 75 2.31250
9015000 27 7.48148 17 93 210 0.77778 77 2.66667
9020000 31 6.93548 21 78 213 0.74194 77 2.38710
9025000 33 6.54545 20 84 222 0.81818 77 2.27273
9030000 27 7.29630 21 95 221 0.85185 73 2.59259
9035000 33 6.06061 18 94 200 0.78788 75 2.18182
9040000 34 6.38235 21 80 223 0.91176 77 2.26471
9045000 31 7.06452 20 79 223 0.77419 77 2.48387
9050000 33 6.21212 18 97 214 0.72727 75 2.18182
9055000 36 5.80556 16 84 216 0.72222 71 1.94444
9060000 29 6.51724 18 104 212 0.89655 76 2.44828
9065000 27 7.03704 17 102 204 0.88889 74 2.62963
9070000 29 7.06897 21 93 211 0.82759 74 2.51724
9075000 33 6.27273 21 93 207 0.72727 74 2.15152
9080000 26 7.42308 21 98 203 0.84615 76 2.92308
9085000 31 6.58065 26 104 219 0.74194 79 2.48387
9090000 35 6.37143 25 91 228 0.80000 80 2.22857
9095000 30 7.26667 27 94 225 0.76667 77 2.53333
9100000 31 6.58065 29 95 203 0.64516 76 2.41935
9105000 33 6.18182 23 100 212 0.72727 75 2.27273
9110000 33 6.36364 23 99 210 0.66667 77 2.33333
9115000 32 6.25000 23 108 217 0.87500 77 2.37500
9120000 32 6.12500 23 100 198 0.84375 78 2.43750
9125000 30 6.56667 20 111 211 0.83333 78 2.60000
9130000 28 6.92857 16 113 205 0.75000 76 2.67857
9135000 32 6.37500 18 102 216 0.75000 74 2.25000
9140000 35 6.05714 17 87 216 0.77143 77 2.08571
9145000 32 6.09375 17 104 200 0.81250 76 2.31250
9150000 30 6.33333 20 93 194 0.83333 77 2.46667
9155000 34 5.88235 16 96 211 0.82353 79 2.23529
9160000 31 6.61290 15 87 216 0.83871 79 2.41935
9165000 30 6.76667 18 81 197 0.90000 76 2.53333
9170000 29 7.06897 18 78 188 0.82759 77 2.62069
9175000 28 7.17857 17 95 198 0.78571 77 2.71429
9180000 33 6.78788 21 91 215 0.72727 73 2.18182
9185000 29 7.68966 24 100 224 0.86207 77 2.58621
9190000 30 7.06667 20 98 208 0.63333 77 2.40000
9195000 33 6.39394 18 84 199 0.60606 78 2.24242
9200000 29 7.13793 20 97 208 0.75862 76 2.62069
9205000 33 6.81818 20 91 216 0.66667 77 2.33333
9210000 23 8.65217 23 91 203 0.86957 77 3.26087
9215000 27 7.14815 23 101 207 0.81481 76 2.81481
9220000 25 7.76000 25 108 215 0.84000 77 3.04000
9225000 29 6.72414 22 98 202 0.68966 77 2.51724
9230000 26 7.30769 21 102 200 0.76923 78 3.00000
9235000 27 6.25926 17 109 172 0.74074 77 2.81481
9240000 33 5.63636 18 100 184 0.78788 80 2.36364
9245000 42 4.97619 16 79 184 0.69048 80 1.90476
9250000 30 6.26667 18 98 188 0.76667 78 2.60000
9255000 39 5.25641 18 96 199 0.84615 76 1.89744
9260000 34 5.70588 23 115 203 0.85294 76 2.23529
9265000 36 5.41667 20 98 198 0.75000 74 2.02778
9270000 35 5.80000 22 93 203 0.74286 76 2.14286
9275000 40 5.47500 20 87 203 0.70000 78 1.92500
9280000 39 5.41026 25 95 206 0.71795 78 1.92308
9285000 38 5.81579 22 88 211 0.78947 78 1.97368
9290000 30 6.96667 24 85 203 0.80000 78 2.53333
9295000 33 6.45455 26 76 208 0.72727 77 2.33333
9300000 27 7.74074 26 89 216 0.81481 79 2.85185
9305000 29 7.13793 24 86 205 0.86207 78 2.65517
9310000 32 6.75000 25 87 200 0.71875 80 2.46875
9315000 34 6.05882 23 99 205 0.70588 81 2.32353
9320000 34 5.91176 21 105 210 0.70588 79 2.29412
9325000 32 6.28125 19 111 216 0.78125 78 2.43750
9330000 33 6.18182 19 103 202 0.69697 77 2.33333
9335000 29 6.86207 19 99 214 0.86207 79 2.68966
9340000 33 6.15152 22 103 200 0.72727 79 2.36364
9345000 41 5.04878 19 91 205 0.75610 77 1.87805
9350000 29 5.93103 16 118 200 0.75862 77 2.62069
9355000 30 6.20000 16 97 193 0.86667 76 2.53333
9360000 35 5.60000 17 99 198 0.80000 78 2.14286
9365000 36 6.16667 21 97 220 0.75000 76 2.11111
9370000 34 6.32353 16 84 212 0.79412 78 2.26471
9375000 33 6.45455 15 83 213 0.84848 78 2.33333
9380000 37 6.02703 17 87 221 0.81081 79 2.05405
9385000 36 5.97222 16 98 220 0.77778 77 2.11111
9390000 39 5.51282 18 93 207 0.66667 78 1.97436
9395000 35 6.42857 18 84 217 0.77143 79 2.22857
9400000 33 6.84848 22 77 214 0.72727 77 2.30303
9405000 29 7.24138 21 92 209 0.75862 76 2.62069
9410000 30 6.96667 21 92 216 0.86667 75 2.46667
9415000 29 6.86207 22 104 212 0.79310 76 2.55172
9420000 35 5.91429 19 92 218 0.74286 77 2.17143
9425000 30 6.43333 20 84 204 0.90000 73 2.40000
9430000 33 5.78788 20 91 196 0.78788 73 2.12121
9435000 36 5.52778 17 85 193 0.77778 71 1.94444
9440000 37 5.43243 20 93 204 0.78378 74 1.97297
9445000 34 5.82353 20 98 199 0.76471 75 2.08824
9450000 36 5.38889 18 96 201 0.77778 74 1.91667
9455000 35 5.71429 19 83 208 0.85714 73 2.02857
9460000 36 5.80556 21 94 214 0.88889 78 2.08333
9465000 46 5.08696 25 89 206 0.69565 76 1.63043
9470000 36 5.83333 24 101 213 0.75000 78 2.11111
9475000 34 6.20588 24 83 209 0.79412 79 2.29412
9480000 36 5.52778 21 86 199 0.75000 79 2.13889
9485000 31 6.38710 21 95 215 0.83871 78 2.45161
9490000 38 5.81579 21 85 220 0.84211 80 2.10526
9495000 38 5.42105 15 83 212 0.84211 78 2.02632
9500000 36 5.75000 17 87 218 0.88889 75 2.08333
9505000 38 5.57895 17 90 206 0.76316 76 1.97368
9510000 36 5.66667 17 96 222 0.83333 80 2.16667
9515000 35 5.97143 14 86 197 0.80000 80 2.25714
9520000 30 6.36667 12 113 203 0.86667 74 2.46667
9525000 40 5.62500 17 79 217 0.85000 74 1.85000
9530000 34 6.05882 15 98 216 0.79412 74 2.14706
9535000 37 6.08108 16 102 233 0.83784 74 1.97297
9540000 35 6.17143 16 96 217 0.80000 76 2.11429
9545000 34 5.85294 16 91 214 0.85294 76 2.20588
9550000 32 6.12500 14 95 216 0.90625 74 2.31250
9555000 39 5.35897 14 84 199 0.76923 78 1.94872
9560000 35 5.60000 12 89 195 0.80000 79 2.17143
9565000 32 5.59375 13 102 204 0.93750 76 2.34375
9570000 36 5.58333 15 93 197 0.83333 77 2.13889
9575000 33 5.90909 17 99 207 0.84848 78 2.30303
9580000 35 6.08571 16 90 206 0.71429 76 2.17143
9585000 32 6.59375 17 89 214 0.75000 77 2.40625
9590000 32 6.75000 19 88 220 0.78125 78 2.40625
9595000 35 5.94286 18 84 195 0.74286 78 2.17143
9600000 34 6.23529 18 97 224 0.73529 77 2.20588
9605000 33 6.51515 16 97 214 0.66667 76 2.24242
9610000 36 5.75000 16 94 198 0.75000 77 2.08333
9615000 36 5.44444 19 100 200 0.80556 76 2.08333
9620000 34 6.00000 18 98 208 0.79412 78 2.26471
9625000 37 5.97297 18 83 214 0.75676 76 2.05405
9630000 32 6.62500 20 102 221 0.81250 77 2.40625
9635000 36 6.19444 20 88 217 0.77778 78 2.11111
9640000 32 6.81250 23 101 217 0.81250 77 2.40625
9645000 39 5.89744 26 89 218 0.76923 79 2.00000
9650000 37 6.56757 24 97 229 0.70270 80 2.16216
9655000 33 6.87879 22 96 222 0.78788 80 2.42424
9660000 35 6.48571 23 79 220 0.71429 80 2.22857
9665000 37 5.91892 22 94 209 0.78378 80 2.16216
9670000 37 5.64865 22 93 209 0.75676 81 2.16216
9675000 38 5.23684 20 91 190 0.73684 80 2.10526
9680000 30 6.03333 20 105 195 0.76667 79 2.60000
9685000 35 5.42857 21 101 197 0.77143 76 2.17143
9690000 36 5.41667 20 99 185 0.69444 78 2.11111
9695000 31 5.93548 22 99 182 0.83871 77 2.45161
9700000 30 6.23333 25 111 187 0.73333 76 2.53333
9705000 34 5.52941 24 106 185 0.70588 76 2.20588
9710000 39 4.66667 20 103 167 0.64103 75 1.89744
9715000 36 5.00000 17 114 178 0.75000 77 2.05556
9720000 39 5.15385 15 110 183 0.66667 76 1.89744
9725000 36 5.41667 20 95 179 0.69444 76 2.00000
9730000 38 5.15789 17 88 180 0.84211 73 1.89474
9735000 36 5.05556 20 101 179 0.72222 75 2.02778
9740000 33 5.51515 17 111 183 0.69697 74 2.18182
9745000 30 6.20000 16 111 183 0.73333 75 2.33333
9750000 33 5.57576 17 112 183 0.72727 78 2.27273
9755000 36 5.38889 16 104 199 0.88889 79 2.13889
9760000 32 5.96875 17 104 185 0.78125 77 2.37500
9765000 39 5.41026 17 105 181 0.66667 76 1.89744
9770000 32 6.65625 17 104 196 0.75000 78 2.34375
9775000 31 7.00000 20 101 213 0.77419 79 2.48387
9780000 33 6.51515 20 96 210 0.75758 75 2.27273
9785000 28 7.25000 18 98 206 0.85714 75 2.64286
9790000 27 6.81481 18 108 199 0.85185 77 2.77778
9795000 32 5.59375 16 87 182 0.71875 74 2.21875
9800000 36 5.13889 15 109 191 0.69444 77 2.00000
9805000 33 5.90909 14 121 201 0.75758 77 2.15152
9810000 33 6.42424 16 121 216 0.75758 77 2.18182
9815000 30 6.63333 18 114 198 0.73333 78 2.43333
9820000 35 6.40000 19 87 216 0.68571 79 2.25714
9825000 34 6.55882 18 87 207 0.76471 78 2.29412
9830000 29 7.17241 18 99 212 0.79310 78 2.68966
9835000 30 7.00000 18 104 215 0.70000 80 2.63333
9840000 31 6.58065 17 103 198 0.70968 80 2.58065
9845000 28 7.42857 17 104 209 0.75000 80 2.85714
9850000 28 7.67857 16 92 204 0.75000 80 2.85714
9855000 29 7.20690 18 93 207 0.75862 79 2.65517
9860000 31 6.48387 20 95 193 0.70968 79 2.54839
9865000 27 7.40741 18 110 205 0.77778 80 2.92593
9870000 34 6.35294 22 87 208 0.64706 78 2.29412
9875000 26 7.50000 19 111 200 0.80769 79 3.00000
9880000 29 6.34483 18 113 193 0.65517 78 2.65517
9885000 29 6.65517 19 96 198 0.72414 77 2.65517
9890000 34 5.52941 19 85 175 0.70588 77 2.26471
9895000 37 5.18919 18 85 166 0.54054 78 2.08108
9900000 33 5.66667 19 93 186 0.81818 78 2.36364
9905000 35 5.17143 17 105 172 0.68571 78 2.17143
9910000 33 5.45455 17 117 198 0.72727 78 2.33333
9915000 35 5.28571 14 105 181 0.68571 78 2.17143
9920000 31 5.80645 15 102 184 0.67742 76 2.38710
9925000 29 6.10345 17 106 186 0.65517 76 2.51724
9930000 33 5.33333 16 114 179 0.69697 74 2.24242
9935000 35 5.51429 15 107 199 0.74286 77 2.17143
9940000 35 6.08571 19 113 211 0.71429 77 2.14286
9945000 34 6.44118 19 87 215 0.76471 76 2.14706
9950000 34 6.26471 20 90 212 0.76471 78 2.26471
9955000 30 6.83333 25 102 212 0.73333 75 2.50000
9960000 31 6.96774 19 86 220 0.80645 76 2.41935
9965000 32 6.53125 19 87 204 0.75000 76 2.34375
9970000 30 6.73333 16 107 223 0.86667 77 2.50000
9975000 31 6.77419 15 92 214 0.83871 76 2.45161
9980000 30 7.20000 16 105 232 0.83333 79 2.46667
9985000 37 6.16216 18 101 222 0.72973 80 2.13514
9990000 30 7.40000 18 96 232 0.90000 78 2.60000
9995000 31 7.48387 26 83 240 0.93548 79 2.48387
10000000 34 6.38235 19 80 217 0.88235 78 2.29412
