# V2 - Timesteps, No of clusters, Mean cluster size, Size largest cluster, No clusters size 1, No prot bound to poly, Fraction clusters bound to poly, No type 2 poly bound to prot, Mean no type 2 in prot cluster
0 10 2.10000 3 177 74 0.50000 3 0.00000
5000 14 2.21429 3 163 86 0.85714 36 0.92857
10000 22 2.27273 4 146 109 0.95455 62 1.45455
15000 23 2.65217 5 142 111 0.95652 61 1.56522
20000 30 2.60000 6 123 114 0.90000 59 1.26667
25000 31 2.74194 6 129 133 0.93548 64 1.48387
30000 30 2.80000 6 122 124 0.93333 65 1.46667
35000 26 2.88462 6 135 128 0.92308 61 1.50000
40000 20 3.25000 8 146 125 1.00000 66 2.10000
45000 26 3.26923 9 130 122 0.92308 67 1.88462
50000 21 3.61905 11 141 142 1.00000 72 2.23810
55000 34 3.23529 8 118 136 0.88235 69 1.70588
60000 31 3.35484 8 121 135 0.83871 70 1.87097
65000 27 3.55556 8 111 129 0.88889 69 2.03704
70000 23 3.65217 8 122 130 1.00000 72 2.43478
75000 26 3.42308 8 103 121 0.88462 71 2.15385
80000 23 3.65217 7 102 116 0.86957 71 2.39130
85000 22 3.68182 8 99 116 1.00000 68 2.50000
90000 23 3.73913 7 101 120 0.95652 71 2.47826
95000 25 3.52000 8 100 121 0.96000 71 2.32000
100000 28 3.71429 8 100 136 0.89286 74 2.17857
105000 24 3.87500 7 103 127 0.83333 71 2.29167
110000 20 4.20000 7 114 124 0.95000 73 2.85000
115000 24 3.79167 7 115 127 1.00000 71 2.62500
120000 25 3.84000 8 115 136 1.00000 74 2.52000
125000 24 3.91667 9 106 135 1.00000 75 2.70833
130000 26 3.92308 10 97 128 0.88462 74 2.38462
135000 24 4.37500 9 102 138 1.00000 71 2.70833
140000 24 4.54167 10 106 146 1.00000 73 2.79167
145000 23 4.69565 11 102 141 0.95652 72 2.86957
150000 24 4.58333 10 98 146 0.95833 76 2.70833
155000 22 4.59091 9 106 145 0.95455 76 2.95455
160000 23 4.47826 9 99 135 0.95652 75 2.78261
165000 25 4.44000 9 92 146 0.96000 75 2.68000
170000 23 4.95652 10 98 145 0.91304 74 2.86957
175000 25 4.28000 9 100 129 0.92000 74 2.64000
180000 21 4.28571 8 112 131 0.90476 75 2.85714
185000 20 4.70000 10 113 130 1.00000 75 3.00000
190000 22 4.27273 12 111 132 1.00000 75 2.81818
195000 19 4.73684 10 124 123 0.94737 72 3.15789
200000 21 4.33333 9 117 136 0.90476 71 2.85714
205000 27 3.96296 8 103 135 0.96296 70 2.33333
210000 25 4.00000 8 107 137 0.92000 73 2.48000
215000 24 4.41667 11 94 129 0.87500 71 2.58333
220000 25 4.36000 8 97 142 0.96000 73 2.68000
225000 19 5.21053 8 110 134 0.94737 73 3.36842
230000 24 4.50000 10 102 136 0.87500 72 2.70833
235000 22 4.68182 10 111 140 0.81818 70 2.95455
240000 17 5.23529 9 114 123 1.00000 72 3.76471
245000 18 5.16667 10 112 126 0.94444 72 3.50000
250000 24 4.33333 10 107 134 0.91667 72 2.83333
255000 18 5.16667 11 119 140 0.94444 72 3.38889
260000 25 4.28000 13 103 136 0.84000 73 2.60000
265000 26 4.26923 13 109 149 0.92308 76 2.65385
270000 24 4.29167 10 113 143 0.87500 75 2.70833
275000 23 4.39130 10 120 135 0.91304 78 2.78261
280000 23 4.78261 9 114 142 0.95652 76 3.00000
285000 24 4.62500 10 110 141 0.91667 72 2.87500
290000 23 4.73913 10 104 142 0.95652 76 2.91304
295000 20 5.15000 10 109 137 0.90000 73 3.25000
300000 18 5.55556 10 104 134 1.00000 71 3.50000
305000 20 5.05000 9 109 129 0.95000 71 3.20000
310000 21 4.80952 10 104 123 0.95238 70 3.14286
315000 21 4.61905 9 111 129 0.85714 73 3.14286
320000 27 4.29630 9 97 144 0.92593 77 2.62963
325000 25 4.40000 10 95 138 0.92000 75 2.80000
330000 21 5.04762 9 101 144 0.95238 77 3.23810
335000 19 4.73684 10 121 134 0.94737 75 3.26316
340000 21 4.76190 10 100 137 1.00000 76 3.19048
345000 20 5.30000 9 94 141 1.00000 78 3.25000
350000 24 4.12500 9 95 135 0.95833 78 2.75000
355000 19 4.78947 8 109 120 0.94737 74 3.21053
360000 21 4.61905 9 105 129 0.90476 73 2.95238
365000 19 4.73684 11 105 125 0.94737 71 3.26316
370000 22 4.40909 11 97 136 0.90909 73 2.86364
375000 18 5.11111 11 95 132 0.94444 74 3.50000
380000 17 5.35294 12 103 136 1.00000 73 3.76471
385000 18 5.11111 11 101 122 1.00000 75 3.55556
390000 18 5.05556 9 106 123 0.94444 74 3.50000
395000 22 4.63636 8 94 122 0.90909 71 2.95455
400000 22 4.72727 8 88 134 0.90909 75 3.00000
405000 21 5.00000 10 101 133 0.85714 76 3.14286
410000 21 4.71429 10 107 132 0.90476 79 3.23810
415000 24 4.20833 9 103 129 0.95833 77 2.91667
420000 23 4.34783 9 108 132 0.91304 80 3.08696
425000 22 4.63636 9 100 140 0.95455 79 3.18182
430000 24 4.37500 9 97 132 0.87500 74 2.75000
435000 18 4.94444 8 113 123 1.00000 75 3.66667
440000 24 4.12500 7 110 131 0.87500 77 2.79167
445000 20 4.70000 9 118 137 0.95000 77 3.30000
450000 21 5.00000 9 118 147 1.00000 74 3.23810
455000 23 4.52174 9 117 127 0.86957 76 3.00000
460000 20 4.70000 8 125 139 1.00000 75 3.40000
465000 23 4.52174 8 115 128 0.86957 76 3.00000
470000 20 4.70000 8 124 123 0.90000 74 3.40000
475000 20 4.30000 8 124 126 0.95000 72 3.05000
480000 23 4.52174 10 105 126 0.91304 72 2.95652
485000 19 5.10526 10 115 131 0.89474 72 3.47368
490000 20 5.20000 9 112 133 0.85000 72 3.25000
495000 23 4.69565 9 106 137 0.95652 73 3.04348
500000 21 4.71429 8 120 136 1.00000 73 3.14286
505000 21 4.76190 9 115 136 0.95238 77 3.23810
510000 27 4.25926 9 101 138 0.81481 78 2.59259
515000 20 5.45000 10 121 147 0.95000 75 3.40000
520000 21 4.90476 9 118 143 0.95238 76 3.19048
525000 19 4.84211 9 120 134 1.00000 75 3.52632
530000 21 4.47619 8 110 131 1.00000 73 3.04762
535000 24 4.08333 9 105 118 0.83333 71 2.70833
540000 20 5.00000 10 110 137 1.00000 73 3.25000
545000 23 4.91304 11 104 132 0.78261 74 2.82609
550000 19 5.52632 12 109 147 1.00000 77 3.52632
555000 25 4.76000 12 98 143 1.00000 77 2.84000
560000 22 4.81818 9 103 139 0.90909 75 3.04545
565000 23 4.86957 9 99 150 0.95652 72 2.86957
570000 22 4.81818 10 103 138 0.90909 69 2.77273
575000 19 5.36842 11 106 134 1.00000 74 3.26316
580000 25 4.24000 11 102 135 0.92000 75 2.72000
585000 24 4.75000 11 95 138 0.95833 76 2.91667
590000 27 4.22222 10 98 142 0.92593 78 2.66667
595000 23 4.73913 10 95 135 0.95652 76 3.00000
600000 19 5.36842 12 111 142 1.00000 74 3.36842
605000 20 5.15000 11 98 134 0.85000 73 3.25000
610000 22 5.04545 11 91 135 0.95455 72 3.00000
615000 22 4.81818 10 96 135 0.86364 73 2.95455
620000 18 5.11111 10 110 132 0.88889 72 3.55556
625000 20 4.95000 10 105 134 1.00000 69 3.10000
630000 23 4.39130 10 105 124 0.91304 73 2.82609
635000 21 4.85714 10 102 140 0.90476 73 3.04762
640000 21 4.80952 10 105 132 1.00000 69 3.09524
645000 23 4.47826 8 101 138 0.95652 72 2.86957
650000 20 5.25000 10 94 136 0.95000 70 3.25000
655000 20 4.85000 11 102 130 0.95000 74 3.25000
660000 20 5.00000 10 93 135 0.95000 73 3.10000
665000 20 4.90000 10 99 136 0.95000 70 3.15000
670000 24 4.12500 9 104 130 0.95833 75 2.75000
675000 25 4.24000 11 96 142 0.96000 77 2.72000
680000 22 5.04545 11 94 145 1.00000 76 3.13636
685000 20 5.20000 9 96 133 0.95000 75 3.40000
690000 23 4.73913 8 93 140 0.95652 80 3.08696
695000 24 4.50000 9 93 132 0.95833 77 2.91667
700000 22 4.81818 9 90 138 0.90909 76 3.09091
705000 24 4.37500 8 86 128 0.95833 76 2.87500
710000 23 4.34783 8 94 132 0.95652 77 3.04348
715000 21 4.71429 10 108 137 1.00000 74 3.28571
720000 22 4.68182 10 105 126 0.90909 74 3.09091
725000 23 4.73913 11 102 142 0.95652 75 3.04348
730000 23 4.82609 11 107 139 0.95652 74 2.95652
735000 22 5.04545 10 101 150 0.95455 76 3.13636
740000 21 5.14286 10 105 141 0.95238 78 3.19048
745000 21 5.04762 10 97 143 1.00000 77 3.09524
750000 22 4.59091 10 92 127 1.00000 76 3.09091
755000 24 4.37500 10 91 131 0.87500 74 2.79167
760000 22 4.50000 10 103 125 1.00000 75 2.90909
765000 18 5.33333 11 108 135 1.00000 76 3.55556
770000 20 4.65000 9 108 128 0.95000 75 3.25000
775000 23 4.47826 14 105 127 0.95652 77 3.08696
780000 25 4.12000 14 104 140 0.96000 79 2.88000
785000 26 3.92308 12 104 123 0.84615 79 2.73077
790000 23 4.17391 12 111 124 0.86957 76 2.95652
795000 23 4.30435 11 105 141 1.00000 80 3.13043
800000 23 4.52174 12 106 135 1.00000 81 3.13043
805000 24 4.45833 10 105 141 0.87500 78 2.87500
810000 22 4.27273 9 120 135 0.95455 76 2.95455
815000 21 4.42857 8 114 129 0.85714 70 3.09524
820000 19 4.78947 9 113 128 1.00000 76 3.52632
825000 24 4.66667 12 89 135 0.87500 78 2.95833
830000 20 4.90000 9 97 137 1.00000 78 3.50000
835000 19 5.00000 10 102 134 0.94737 76 3.47368
840000 22 4.45455 10 96 126 1.00000 73 3.04545
845000 22 4.22727 9 94 119 0.95455 76 3.18182
850000 18 5.00000 9 98 123 1.00000 75 3.66667
855000 20 4.45000 9 103 121 0.90000 76 3.35000
860000 24 4.04167 10 103 131 0.95833 80 3.08333
865000 20 5.30000 12 99 142 1.00000 80 3.70000
870000 22 4.86364 10 104 138 0.86364 78 3.22727
875000 20 5.20000 10 111 136 0.95000 76 3.55000
880000 24 4.83333 10 97 138 0.87500 77 3.00000
885000 21 5.28571 10 101 137 0.90476 76 3.42857
890000 21 4.90476 10 106 142 0.90476 76 3.42857
895000 19 4.89474 11 109 119 0.89474 74 3.52632
900000 17 5.00000 10 108 131 1.00000 76 3.94118
905000 19 4.78947 9 110 132 1.00000 79 3.63158
910000 25 4.16000 10 100 134 0.96000 78 3.00000
915000 20 5.05000 10 108 129 1.00000 75 3.40000
920000 21 5.04762 13 107 131 0.95238 73 3.33333
925000 20 5.05000 10 102 134 0.95000 75 3.35000
930000 19 5.68421 11 97 136 0.94737 71 3.52632
935000 19 5.36842 11 105 138 1.00000 75 3.57895
940000 21 5.57143 13 94 150 1.00000 73 3.38095
945000 21 5.04762 10 97 135 1.00000 76 3.38095
950000 21 4.80952 10 100 135 0.95238 74 3.28571
955000 17 5.41176 9 110 133 1.00000 71 3.70588
960000 20 4.85000 9 103 129 0.90000 74 3.30000
965000 20 4.85000 10 105 131 1.00000 75 3.45000
970000 22 4.54545 10 101 130 0.95455 80 3.27273
975000 21 4.80952 10 100 132 0.95238 77 3.23810
980000 21 4.85714 10 103 130 1.00000 75 3.38095
985000 23 5.00000 11 92 147 0.91304 77 3.08696
990000 20 5.15000 10 94 133 1.00000 74 3.55000
995000 22 4.45455 9 84 118 0.86364 75 3.18182
1000000 19 4.89474 8 83 117 0.94737 76 3.57895
1005000 21 4.38095 9 89 117 0.95238 76 3.42857
1010000 21 4.57143 10 104 138 1.00000 78 3.33333
1015000 22 4.50000 11 109 125 0.86364 77 3.22727
1020000 19 4.73684 11 103 127 0.89474 78 3.42105
1025000 20 4.70000 10 100 122 1.00000 72 3.30000
1030000 22 4.40909 10 96 125 0.90909 72 3.00000
1035000 20 4.85000 11 99 132 1.00000 71 3.30000
1040000 20 4.85000 11 100 121 0.90000 74 3.30000
1045000 18 5.11111 12 104 132 0.94444 71 3.27778
1050000 20 4.75000 11 102 123 0.95000 68 3.05000
1055000 23 4.65217 12 101 145 0.95652 72 2.73913
1060000 22 4.77273 9 101 135 0.90909 76 2.95455
1065000 23 4.26087 10 103 133 0.95652 75 2.95652
1070000 21 4.42857 9 114 127 0.90476 76 2.90476
1075000 20 4.70000 13 117 137 1.00000 76 3.25000
1080000 21 4.57143 12 107 138 0.95238 74 2.95238
1085000 19 5.15789 13 102 132 1.00000 73 3.47368
1090000 21 4.42857 10 102 126 1.00000 75 3.23810
1095000 26 3.92308 10 88 124 0.92308 73 2.57692
1100000 25 3.96000 11 98 126 0.92000 74 2.60000
1105000 20 4.05000 10 114 122 0.90000 72 2.70000
1110000 22 3.59091 8 106 129 0.86364 72 2.36364
1115000 19 3.84211 9 108 103 0.89474 67 2.68421
1120000 20 4.15000 9 101 122 0.95000 70 3.05000
1125000 20 3.90000 9 95 104 0.85000 68 2.90000
1130000 20 4.15000 9 101 119 0.95000 68 3.00000
1135000 17 4.35294 8 116 114 0.94118 68 3.41176
1140000 23 3.78261 7 109 127 0.95652 73 2.73913
1145000 24 3.75000 7 106 127 1.00000 76 2.79167
1150000 22 4.40909 9 102 129 0.95455 76 2.95455
1155000 22 4.50000 9 105 125 0.86364 75 2.86364
1160000 21 4.28571 8 108 124 0.90476 72 2.95238
1165000 21 4.52381 9 104 126 0.85714 75 2.95238
1170000 24 4.33333 9 101 135 0.87500 79 2.91667
1175000 18 5.05556 9 114 130 0.88889 77 3.44444
1180000 22 4.45455 9 105 120 0.95455 73 3.04545
1185000 20 5.05000 10 107 130 0.95000 73 3.35000
1190000 21 4.85714 9 117 140 1.00000 74 3.19048
1195000 21 4.85714 8 116 143 1.00000 77 3.47619
1200000 24 4.54167 10 110 143 0.95833 76 3.00000
1205000 25 4.40000 10 104 134 0.92000 78 2.92000
1210000 26 3.96154 9 113 130 0.92308 75 2.61538
1215000 31 3.70968 10 99 133 0.80645 74 2.29032
1220000 21 5.00000 10 103 139 0.95238 72 3.04762
1225000 22 4.40909 10 108 125 0.95455 75 2.90909
1230000 25 3.80000 9 105 132 0.96000 76 2.68000
1235000 24 4.00000 9 108 135 0.87500 74 2.70833
1240000 22 4.27273 8 114 128 0.77273 75 2.81818
1245000 23 3.95652 8 119 134 0.95652 72 2.82609
1250000 24 3.95833 9 116 127 0.87500 74 2.66667
1255000 23 4.17391 13 111 134 0.91304 77 2.86957
1260000 29 3.62069 12 106 136 0.93103 75 2.44828
1265000 24 3.79167 11 115 134 1.00000 76 2.87500
1270000 24 3.95833 11 111 128 0.91667 70 2.66667
1275000 23 4.08696 10 117 135 1.00000 72 2.82609
1280000 23 3.95652 9 115 131 0.95652 76 2.78261
1285000 23 4.00000 11 106 128 0.82609 75 2.69565
1290000 21 4.23810 12 107 131 1.00000 72 2.80952
1295000 22 4.36364 11 115 130 0.95455 72 2.72727
1300000 23 3.95652 12 121 130 0.95652 74 2.65217
1305000 21 4.19048 13 116 129 0.95238 75 2.76190
1310000 21 4.42857 11 118 129 1.00000 70 2.76190
1315000 27 3.88889 13 109 143 0.81481 74 2.25926
1320000 15 4.86667 13 129 130 0.86667 73 3.33333
1325000 20 4.15000 11 122 128 0.95000 71 3.05000
1330000 25 3.84000 11 118 132 0.92000 68 2.48000
1335000 22 4.13636 10 122 134 0.86364 71 2.59091
1340000 22 4.13636 10 111 126 0.95455 73 2.77273
1345000 21 4.14286 10 103 116 0.90476 67 3.00000
1350000 19 4.47368 12 106 113 0.94737 69 3.21053
1355000 18 4.44444 11 113 116 0.88889 68 3.16667
1360000 19 4.21053 10 109 105 1.00000 68 3.15789
1365000 22 4.04545 10 109 112 0.81818 68 2.86364
1370000 26 3.73077 10 108 122 0.80769 69 2.26923
1375000 24 4.20833 11 111 131 0.91667 70 2.66667
1380000 23 4.30435 10 112 136 0.95652 72 2.82609
1385000 21 4.47619 11 105 130 0.95238 75 3.14286
1390000 20 4.90000 10 115 136 0.90000 75 3.15000
1395000 20 5.05000 10 106 137 0.95000 75 3.25000
1400000 18 5.27778 10 103 124 0.83333 73 3.44444
1405000 20 4.85000 10 97 121 0.90000 73 3.20000
1410000 21 4.61905 11 97 129 0.90476 72 3.09524
1415000 22 4.50000 12 98 127 0.90909 74 2.95455
1420000 21 4.57143 10 103 126 0.90476 74 3.00000
1425000 22 4.63636 10 92 132 0.95455 73 2.86364
1430000 21 4.80952 9 111 136 0.90476 71 3.00000
1435000 20 4.95000 10 115 133 1.00000 69 3.10000
1440000 24 4.25000 9 108 134 0.95833 69 2.62500
1445000 18 4.72222 9 119 124 0.94444 70 3.33333
1450000 24 4.12500 8 117 130 0.87500 72 2.54167
1455000 21 4.47619 8 118 132 1.00000 72 3.04762
1460000 19 4.63158 9 119 134 0.94737 72 3.26316
1465000 22 4.40909 8 111 134 0.90909 74 2.95455
1470000 19 4.73684 9 117 122 1.00000 73 3.42105
1475000 26 4.11538 8 98 130 0.80769 74 2.50000
1480000 21 4.66667 9 117 132 0.80952 72 2.90476
1485000 26 4.07692 10 107 135 0.84615 76 2.50000
1490000 24 4.04167 9 108 128 0.95833 76 2.83333
1495000 20 4.40000 9 110 120 0.90000 75 3.25000
1500000 18 4.66667 10 117 120 0.94444 75 3.44444
1505000 18 4.77778 11 119 134 0.94444 77 3.55556
1510000 21 4.71429 10 113 131 0.90476 76 3.14286
1515000 20 4.85000 9 120 135 0.95000 74 3.40000
1520000 24 4.54167 10 115 148 0.95833 74 2.87500
1525000 26 4.50000 11 108 136 0.80769 76 2.65385
1530000 23 5.17391 12 103 146 0.95652 76 3.08696
1535000 20 5.80000 11 96 148 1.00000 78 3.60000
1540000 25 4.96000 12 92 151 1.00000 78 3.00000
1545000 22 4.77273 11 106 145 1.00000 79 3.36364
1550000 23 4.60870 12 97 128 0.95652 78 3.04348
1555000 24 4.25000 10 101 130 0.87500 76 2.83333
1560000 23 4.21739 9 93 130 0.95652 76 3.08696
1565000 26 4.07692 8 86 133 0.92308 78 2.92308
1570000 23 4.56522 9 101 130 0.95652 78 3.17391
1575000 26 4.07692 10 104 134 0.96154 77 2.84615
1580000 26 4.11538 10 108 127 0.80769 76 2.69231
1585000 23 4.65217 10 104 135 0.91304 78 3.13043
1590000 22 5.00000 10 106 139 0.86364 80 3.31818
1595000 23 4.95652 10 91 137 0.82609 78 3.21739
1600000 20 5.40000 10 98 132 1.00000 79 3.85000
1605000 20 5.50000 11 101 134 0.95000 79 3.80000
1610000 21 4.90476 10 106 138 1.00000 79 3.61905
1615000 18 5.27778 12 116 133 1.00000 76 4.05556
1620000 20 4.85000 9 107 130 1.00000 77 3.70000
1625000 21 4.66667 9 101 129 0.95238 76 3.52381
1630000 22 4.45455 8 106 117 0.86364 76 3.27273
1635000 18 5.38889 10 110 135 1.00000 76 3.94444
1640000 23 4.86957 9 94 145 0.86957 77 3.13043
1645000 23 4.65217 9 91 141 0.91304 75 3.08696
1650000 18 5.77778 9 99 135 1.00000 78 4.00000
1655000 18 5.55556 9 100 136 1.00000 77 3.83333
1660000 22 4.81818 9 88 129 0.90909 77 3.09091
1665000 20 5.15000 9 94 133 0.95000 78 3.55000
1670000 19 5.21053 10 100 138 0.89474 76 3.63158
1675000 22 4.59091 10 114 133 0.90909 78 3.18182
1680000 21 5.14286 11 110 134 0.90476 74 3.33333
1685000 20 5.45000 10 109 140 0.95000 73 3.55000
1690000 19 5.57895 12 104 130 0.94737 74 3.68421
1695000 20 5.80000 11 101 143 0.90000 77 3.60000
1700000 21 5.33333 12 100 147 1.00000 76 3.47619
1705000 23 5.17391 12 90 137 0.86957 77 3.17391
1710000 23 5.30435 12 91 146 0.91304 79 3.21739
1715000 22 5.40909 13 89 141 0.90909 78 3.27273
1720000 22 5.31818 14 85 139 0.95455 79 3.27273
1725000 23 4.78261 14 88 137 0.82609 79 3.00000
1730000 21 4.95238 10 103 134 0.95238 81 3.47619
1735000 20 4.95000 11 97 127 0.95000 78 3.70000
1740000 18 5.05556 11 108 121 0.94444 78 4.00000
1745000 19 5.05263 13 106 120 0.94737 76 3.78947
1750000 23 4.52174 10 101 135 0.91304 79 3.26087
1755000 22 4.50000 8 96 128 0.95455 76 3.31818
1760000 22 4.81818 8 89 126 0.86364 76 3.27273
1765000 20 5.10000 9 94 124 0.95000 78 3.75000
1770000 18 5.00000 6 92 124 1.00000 78 4.11111
1775000 20 4.65000 7 85 115 0.95000 77 3.65000
1780000 18 4.61111 7 94 110 1.00000 73 3.83333
1785000 17 4.88235 11 95 120 1.00000 73 4.00000
1790000 19 4.57895 11 95 123 1.00000 74 3.68421
1795000 16 5.43750 10 91 120 1.00000 75 4.12500
1800000 19 4.63158 10 90 129 1.00000 76 3.57895
1805000 17 4.70588 11 101 120 1.00000 73 3.64706
1810000 19 4.26316 11 106 121 0.94737 74 3.31579
1815000 19 4.89474 11 102 127 0.89474 71 3.26316
1820000 19 4.73684 11 108 131 0.94737 72 3.10526
1825000 20 4.60000 9 112 121 0.90000 72 3.05000
1830000 20 4.40000 9 112 131 0.95000 75 3.15000
1835000 22 4.13636 9 99 122 0.90909 74 2.95455
1840000 21 4.09524 10 101 121 0.95238 70 3.00000
1845000 22 4.09091 9 104 127 1.00000 74 2.95455
1850000 18 4.44444 9 111 119 1.00000 72 3.38889
1855000 18 5.00000 9 109 138 1.00000 73 3.50000
1860000 24 4.16667 8 105 126 0.83333 73 2.70833
1865000 25 3.88000 8 106 124 0.92000 74 2.52000
1870000 21 4.09524 9 119 121 0.80952 75 2.85714
1875000 19 4.15789 10 120 124 0.84211 70 2.89474
1880000 20 3.80000 9 119 118 0.90000 73 2.80000
1885000 22 3.72727 11 120 123 0.95455 76 2.81818
1890000 21 3.95238 8 113 123 0.95238 72 2.85714
1895000 25 3.80000 8 102 127 0.92000 74 2.72000
1900000 31 3.61290 8 100 131 0.87097 78 2.29032
1905000 26 4.07692 10 103 128 0.92308 76 2.69231
1910000 28 3.42857 9 114 134 0.89286 73 2.35714
1915000 26 3.53846 10 114 121 0.80769 71 2.30769
1920000 24 3.91667 11 116 127 0.79167 76 2.50000
1925000 23 4.00000 9 112 129 0.91304 72 2.65217
1930000 22 4.22727 10 113 132 0.95455 72 2.90909
1935000 24 3.91667 10 114 124 0.95833 76 2.87500
1940000 24 3.54167 7 118 118 0.95833 75 2.79167
1945000 20 4.20000 8 111 117 1.00000 74 3.05000
1950000 21 4.33333 9 114 124 0.85714 74 2.90476
1955000 21 4.42857 10 116 139 1.00000 73 2.76190
1960000 24 3.91667 9 106 124 0.91667 72 2.62500
1965000 19 4.57895 9 110 127 1.00000 74 3.10526
1970000 19 4.42105 9 111 116 1.00000 71 3.15789
1975000 23 4.30435 9 100 123 0.82609 72 2.65217
1980000 22 4.40909 10 101 132 0.95455 72 2.90909
1985000 22 5.09091 14 107 138 0.95455 71 3.00000
1990000 23 4.95652 14 104 146 0.86957 76 2.82609
1995000 19 5.42105 14 107 138 0.84211 72 3.31579
2000000 19 5.21053 11 117 138 0.94737 75 3.31579
2005000 21 4.85714 12 115 134 0.85714 76 2.90476
2010000 23 4.52174 12 107 138 0.86957 77 2.86957
2015000 25 4.40000 11 107 144 0.92000 73 2.76000
2020000 24 4.54167 11 89 134 0.95833 75 2.91667
2025000 20 4.95000 11 104 133 1.00000 76 3.45000
2030000 20 4.85000 12 94 123 0.90000 76 3.40000
2035000 19 4.73684 11 98 117 0.94737 76 3.57895
2040000 20 4.40000 10 105 128 0.95000 78 3.45000
2045000 17 4.76471 12 113 114 0.94118 75 3.94118
2050000 21 4.19048 10 106 116 0.90476 77 3.23810
2055000 19 4.42105 11 112 119 0.89474 75 3.42105
2060000 19 4.47368 10 113 129 0.94737 73 3.36842
2065000 20 4.35000 10 109 121 0.90000 69 3.15000
2070000 17 5.11765 13 107 119 1.00000 70 3.58824
2075000 22 4.31818 13 104 120 0.90909 71 2.95455
2080000 16 4.56250 14 114 106 1.00000 70 3.68750
2085000 15 4.93333 16 121 112 1.00000 66 3.73333
2090000 19 4.47368 17 104 121 0.89474 68 2.89474
2095000 22 4.09091 16 104 118 0.90909 66 2.68182
2100000 23 3.78261 14 97 107 0.91304 68 2.60870
2105000 23 4.13043 14 92 117 0.95652 69 2.69565
2110000 19 4.73684 12 106 119 1.00000 68 3.05263
2115000 17 5.05882 11 115 128 1.00000 69 3.47059
2120000 21 4.38095 13 107 118 0.85714 68 2.90476
2125000 22 4.45455 11 101 128 0.95455 67 2.90909
2130000 19 4.84211 12 104 121 0.84211 70 3.21053
2135000 19 4.94737 11 108 132 0.94737 74 3.36842
2140000 19 5.10526 15 107 128 1.00000 74 3.42105
2145000 22 4.45455 13 110 129 0.86364 76 3.13636
2150000 18 5.00000 15 115 131 0.94444 73 3.72222
2155000 19 4.73684 15 106 126 1.00000 73 3.57895
2160000 20 4.80000 14 104 122 0.95000 72 3.35000
2165000 16 5.50000 14 116 128 0.93750 73 3.75000
2170000 21 5.09524 13 106 141 0.85714 72 3.04762
2175000 20 5.05000 11 110 140 0.95000 73 3.35000
2180000 24 4.62500 10 100 136 0.95833 76 2.95833
2185000 20 4.60000 9 108 128 0.90000 77 3.30000
2190000 20 5.05000 13 97 135 0.95000 76 3.35000
2195000 17 5.52941 12 105 135 1.00000 77 3.94118
2200000 15 5.66667 9 100 125 1.00000 77 4.20000
2205000 17 5.52941 13 91 114 0.88235 75 3.88235
2210000 17 5.76471 13 97 131 1.00000 77 3.82353
2215000 19 5.42105 13 100 132 0.94737 73 3.47368
2220000 18 5.33333 14 106 130 1.00000 75 3.72222
2225000 20 5.05000 12 94 123 0.90000 74 3.35000
2230000 19 4.89474 13 93 131 1.00000 72 3.47368
2235000 23 4.43478 14 86 128 0.91304 74 2.91304
2240000 18 4.88889 13 95 119 0.94444 76 3.44444
2245000 19 4.42105 12 98 116 1.00000 77 3.47368
2250000 17 4.76471 12 100 122 1.00000 74 3.70588
2255000 21 4.47619 14 96 126 0.95238 69 3.09524
2260000 18 4.77778 12 104 124 0.94444 68 3.22222
2265000 23 4.30435 13 89 122 0.95652 72 2.73913
2270000 23 4.13043 12 94 126 0.91304 73 2.65217
2275000 23 4.17391 12 105 135 0.78261 72 2.60870
2280000 18 5.05556 11 103 131 1.00000 76 3.50000
2285000 21 4.80952 11 95 132 1.00000 78 3.23810
2290000 25 3.92000 8 90 120 0.88000 78 2.60000
2295000 20 4.50000 11 91 117 0.90000 75 3.10000
2300000 19 4.42105 10 89 125 1.00000 77 3.47368
2305000 20 4.35000 9 93 119 1.00000 75 3.45000
2310000 22 4.27273 9 92 120 0.95455 74 3.18182
2315000 21 4.66667 10 91 125 0.95238 77 3.23810
2320000 25 3.92000 9 88 127 0.92000 77 2.80000
2325000 20 4.45000 8 98 124 1.00000 75 3.35000
2330000 22 4.31818 10 101 128 0.90909 77 3.04545
2335000 19 4.42105 9 109 122 1.00000 74 3.47368
2340000 25 4.08000 9 102 123 0.92000 76 2.92000
2345000 24 4.33333 9 97 124 0.87500 74 2.87500
2350000 19 5.15789 9 106 132 0.94737 73 3.57895
2355000 18 5.05556 9 112 126 1.00000 72 3.55556
2360000 16 5.68750 10 119 131 0.87500 74 4.00000
2365000 21 4.90476 11 110 142 1.00000 71 3.19048
2370000 21 5.14286 11 103 138 0.95238 77 3.23810
2375000 20 5.60000 12 105 154 1.00000 77 3.25000
2380000 22 5.27273 12 94 140 0.90909 73 3.04545
2385000 19 5.47368 11 101 134 0.94737 73 3.47368
2390000 21 5.09524 10 107 140 0.95238 77 3.28571
2395000 19 5.36842 10 106 138 0.94737 78 3.57895
2400000 24 4.54167 11 99 132 0.83333 78 2.83333
2405000 27 4.22222 10 95 137 0.88889 79 2.77778
2410000 24 4.12500 8 113 123 0.91667 77 3.00000
2415000 20 4.60000 9 113 120 0.85000 72 3.20000
2420000 20 4.95000 10 113 126 0.90000 71 3.35000
2425000 22 4.54545 10 106 133 0.90909 74 3.04545
2430000 16 5.56250 9 114 134 0.87500 73 3.75000
2435000 21 4.57143 8 120 136 0.95238 74 3.19048
2440000 21 4.47619 9 124 134 0.85714 76 3.09524
2445000 21 4.85714 9 110 133 1.00000 74 3.33333
2450000 23 4.39130 8 110 142 1.00000 78 3.17391
2455000 20 4.65000 8 118 127 1.00000 77 3.35000
2460000 22 4.45455 10 115 133 0.90909 75 3.04545
2465000 19 4.84211 9 121 134 1.00000 72 3.26316
2470000 22 4.27273 9 117 126 0.90909 74 2.77273
2475000 23 4.39130 10 116 133 0.78261 74 2.69565
2480000 20 4.95000 10 107 126 0.95000 72 3.30000
2485000 19 5.00000 10 112 134 0.94737 71 3.31579
2490000 19 4.94737 10 97 128 1.00000 70 3.57895
2495000 19 4.84211 9 99 128 1.00000 74 3.47368
2500000 19 4.42105 7 100 123 1.00000 73 3.36842
2505000 20 4.25000 9 98 117 1.00000 68 3.05000
2510000 21 4.04762 9 94 108 0.80952 72 2.90476
2515000 21 4.00000 9 95 102 0.85714 71 3.04762
2520000 23 3.86957 9 91 113 0.86957 72 2.86957
2525000 21 4.19048 9 102 111 0.90476 71 3.09524
2530000 21 4.38095 9 99 124 0.90476 70 3.19048
2535000 25 4.04000 9 97 128 0.92000 71 2.52000
2540000 23 4.13043 10 106 133 0.91304 68 2.65217
2545000 23 4.13043 12 113 134 0.95652 72 2.82609
2550000 19 4.89474 11 110 130 1.00000 73 3.26316
2555000 23 4.60870 11 100 132 0.95652 75 2.82609
2560000 21 4.85714 14 106 134 1.00000 76 3.14286
2565000 22 4.86364 13 98 137 0.95455 76 3.09091
2570000 20 4.90000 11 101 130 1.00000 79 3.40000
2575000 17 5.47059 11 107 128 1.00000 79 3.88235
2580000 20 4.75000 10 97 131 0.95000 75 3.30000
2585000 20 4.50000 11 108 132 0.95000 76 3.25000
2590000 23 4.30435 11 96 125 0.91304 75 3.00000
2595000 25 4.20000 11 91 133 0.84000 75 2.68000
2600000 18 5.27778 10 108 137 1.00000 76 3.61111
2605000 24 4.33333 10 95 132 0.95833 78 2.83333
2610000 26 4.19231 12 96 134 0.92308 76 2.73077
2615000 23 4.65217 10 92 135 0.91304 75 2.82609
2620000 23 4.21739 9 105 122 0.86957 71 2.86957
2625000 25 4.12000 10 103 140 0.96000 74 2.68000
2630000 23 4.60870 11 98 131 0.82609 70 2.78261
2635000 19 5.21053 11 100 135 0.94737 75 3.42105
2640000 21 5.00000 11 97 138 0.95238 77 3.19048
2645000 23 4.78261 11 94 147 1.00000 75 2.86957
2650000 22 5.31818 12 95 138 0.95455 71 3.04545
2655000 24 4.75000 12 97 132 0.91667 68 2.83333
2660000 20 5.40000 12 112 144 0.95000 76 3.35000
2665000 23 4.82609 13 106 147 0.91304 75 2.95652
2670000 23 4.65217 13 104 136 0.95652 76 2.91304
2675000 21 4.90476 12 103 150 1.00000 77 3.19048
2680000 27 4.33333 11 96 144 0.92593 77 2.62963
2685000 26 4.15385 10 101 137 0.88462 75 2.50000
2690000 26 4.23077 10 94 143 0.92308 74 2.57692
2695000 25 4.32000 10 104 137 0.92000 77 2.64000
2700000 23 4.47826 11 108 134 0.95652 76 2.95652
2705000 22 4.54545 11 99 128 0.95455 74 3.13636
2710000 20 4.75000 12 95 129 0.95000 77 3.35000
2715000 18 5.16667 12 91 122 0.88889 75 3.44444
2720000 21 4.61905 11 77 121 0.95238 73 3.14286
2725000 20 5.05000 10 77 122 1.00000 73 3.35000
2730000 19 4.94737 10 86 118 0.94737 71 3.47368
2735000 20 4.50000 10 91 114 0.95000 73 3.40000
2740000 20 4.55000 10 112 131 0.85000 73 3.30000
2745000 18 5.38889 10 105 128 1.00000 75 3.72222
2750000 18 5.11111 10 98 124 0.94444 76 3.77778
2755000 19 4.89474 11 97 117 0.89474 74 3.47368
2760000 18 4.66667 11 102 115 0.94444 75 3.61111
2765000 19 4.73684 12 101 124 0.89474 77 3.36842
2770000 19 4.84211 11 114 130 0.89474 72 3.36842
2775000 22 4.45455 11 108 128 0.95455 75 3.09091
2780000 22 4.63636 11 102 123 0.90909 72 3.13636
2785000 20 4.50000 9 106 120 0.95000 74 3.20000
2790000 16 5.18750 9 128 119 1.00000 72 3.81250
2795000 19 4.31579 10 123 124 0.89474 73 3.31579
2800000 23 3.69565 8 110 111 0.82609 70 2.69565
2805000 21 3.95238 8 105 118 0.95238 74 3.04762
2810000 22 3.68182 8 109 117 0.90909 73 2.86364
2815000 22 4.00000 10 101 120 0.86364 73 2.77273
2820000 21 4.09524 10 101 119 0.85714 73 2.80952
2825000 23 3.95652 8 96 115 0.95652 72 2.73913
2830000 23 4.04348 9 104 123 0.95652 71 2.78261
2835000 20 4.20000 9 104 110 1.00000 70 3.10000
2840000 20 4.60000 10 104 120 0.90000 68 3.10000
2845000 19 4.57895 10 112 119 0.89474 71 3.26316
2850000 22 4.45455 12 104 126 0.95455 71 3.00000
2855000 22 4.36364 12 101 127 0.90909 75 2.90909
2860000 22 4.50000 11 102 127 0.95455 77 3.00000
2865000 19 4.15789 10 122 126 0.94737 78 3.31579
2870000 20 4.20000 11 107 123 0.90000 73 3.00000
2875000 25 3.52000 8 110 116 0.88000 70 2.64000
2880000 24 3.62500 9 109 120 0.91667 75 2.79167
2885000 23 3.78261 9 112 119 0.95652 76 2.73913
2890000 23 3.56522 10 123 117 0.91304 73 2.56522
2895000 23 3.91304 10 113 119 0.91304 73 2.69565
2900000 21 3.95238 8 118 118 0.90476 71 2.76190
2905000 21 4.09524 9 113 129 1.00000 73 2.85714
2910000 23 4.08696 12 97 123 0.91304 70 2.65217
2915000 20 4.15000 9 117 112 0.75000 69 2.70000
2920000 20 4.10000 9 111 122 0.95000 67 2.85000
2925000 17 4.64706 9 121 120 1.00000 73 3.29412
2930000 19 4.31579 10 121 126 0.89474 72 3.00000
2935000 18 4.61111 11 123 125 0.94444 67 3.11111
2940000 21 3.85714 10 118 113 0.80952 68 2.66667
2945000 24 3.41667 8 119 121 0.87500 72 2.41667
2950000 23 3.56522 9 113 103 0.82609 67 2.39130
2955000 22 4.00000 10 119 128 0.95455 72 2.63636
2960000 21 4.00000 10 116 128 1.00000 74 2.90476
2965000 20 4.20000 9 118 129 0.95000 72 3.00000
2970000 21 4.23810 11 109 125 1.00000 70 2.95238
2975000 24 4.08333 13 107 128 0.87500 68 2.54167
2980000 25 3.88000 12 117 132 0.88000 72 2.44000
2985000 20 4.15000 11 122 127 0.95000 73 3.00000
2990000 25 3.88000 9 108 137 0.88000 72 2.52000
2995000 21 4.19048 10 104 113 1.00000 69 2.90476
3000000 22 4.04545 8 99 119 0.90909 71 2.77273
3005000 23 4.13043 11 93 126 1.00000 72 2.82609
3010000 23 4.34783 10 92 126 0.91304 72 2.69565
3015000 23 4.00000 10 110 120 0.86957 64 2.65217
3020000 20 4.30000 10 125 130 0.95000 69 3.00000
3025000 22 4.09091 10 115 115 0.90909 72 2.77273
3030000 21 4.42857 12 106 124 0.90476 71 2.85714
3035000 20 4.60000 12 105 126 0.90000 68 2.95000
3040000 22 4.27273 12 100 132 0.90909 73 2.77273
3045000 19 4.57895 11 104 133 1.00000 74 3.21053
3050000 23 4.21739 12 96 124 0.95652 72 2.82609
3055000 25 4.08000 12 96 136 0.92000 75 2.60000
3060000 24 4.16667 10 95 130 0.95833 73 2.70833
3065000 22 4.22727 10 98 125 0.95455 70 2.86364
3070000 19 4.47368 10 90 112 0.89474 70 3.15789
3075000 17 4.82353 10 104 117 0.94118 73 3.41176
3080000 15 5.06667 11 113 118 0.86667 70 3.80000
3085000 18 4.61111 10 103 114 0.94444 74 3.27778
3090000 21 4.38095 12 98 124 0.95238 74 3.14286
3095000 19 4.63158 13 110 123 0.94737 73 3.42105
3100000 23 4.00000 11 97 119 0.86957 76 2.86957
3105000 23 4.17391 10 100 129 0.95652 76 3.00000
3110000 22 4.18182 9 93 113 0.86364 73 3.00000
3115000 19 4.42105 11 101 116 0.94737 73 3.52632
3120000 18 4.72222 11 107 120 1.00000 70 3.66667
3125000 20 4.50000 12 113 127 0.90000 74 3.25000
3130000 22 4.31818 12 103 123 0.86364 69 2.86364
3135000 20 4.55000 14 104 123 0.85000 71 3.15000
3140000 21 4.47619 13 106 119 0.85714 76 2.95238
3145000 24 4.08333 10 89 123 0.91667 75 2.62500
3150000 17 4.41176 9 116 111 0.88235 73 3.29412
3155000 17 4.29412 9 118 119 0.88235 75 3.29412
3160000 20 3.70000 9 115 111 0.85000 69 2.90000
3165000 20 4.20000 9 103 114 0.90000 67 2.95000
3170000 18 4.33333 8 107 112 0.88889 70 3.27778
3175000 15 4.86667 9 123 123 1.00000 73 3.93333
3180000 14 5.28571 9 125 107 1.00000 70 4.14286
3185000 19 4.47368 10 109 113 0.89474 67 3.15789
3190000 18 4.44444 10 115 114 1.00000 75 3.38889
3195000 23 3.95652 9 105 123 0.91304 71 2.82609
3200000 19 4.21053 10 103 121 1.00000 71 3.26316
3205000 18 4.50000 12 93 115 0.94444 71 3.38889
3210000 21 4.47619 11 84 117 0.90476 73 3.09524
3215000 19 4.68421 13 89 114 0.94737 69 3.26316
3220000 19 4.78947 14 89 126 0.94737 71 3.31579
3225000 19 4.78947 13 102 120 1.00000 71 3.42105
3230000 24 4.37500 13 103 133 0.83333 73 2.70833
3235000 25 4.40000 12 94 131 0.84000 72 2.80000
3240000 21 4.66667 11 107 127 0.85714 75 3.19048
3245000 17 5.11765 11 107 119 1.00000 72 3.82353
3250000 19 5.05263 11 102 136 0.84211 72 3.36842
3255000 21 4.95238 11 91 129 0.85714 73 3.09524
3260000 20 4.75000 11 97 124 0.90000 78 3.30000
3265000 19 5.15789 13 103 124 0.94737 77 3.42105
3270000 19 5.05263 13 104 128 0.94737 75 3.52632
3275000 21 4.76190 14 102 132 0.95238 75 3.42857
3280000 20 5.00000 11 113 134 0.90000 74 3.50000
3285000 21 4.42857 11 113 120 0.95238 79 3.33333
3290000 22 4.22727 12 108 117 0.90909 76 3.22727
3295000 24 3.95833 11 111 121 0.79167 78 2.87500
3300000 21 4.00000 11 117 123 0.95238 78 3.28571
3305000 21 4.33333 12 117 123 0.90476 74 3.23810
3310000 20 4.50000 10 116 128 0.85000 74 3.20000
3315000 20 4.30000 12 112 126 0.85000 74 3.05000
3320000 21 4.28571 9 106 122 0.95238 74 3.00000
3325000 26 3.80769 10 104 127 0.88462 76 2.53846
3330000 25 4.16000 12 102 131 1.00000 76 2.80000
3335000 25 3.84000 10 109 130 0.88000 74 2.80000
3340000 22 4.00000 9 122 121 0.95455 73 3.13636
3345000 27 3.77778 11 101 130 0.88889 75 2.55556
3350000 23 4.08696 11 107 121 0.91304 74 2.82609
3355000 23 4.13043 12 111 128 0.95652 76 2.95652
3360000 26 3.76923 12 111 119 0.76923 72 2.46154
3365000 23 3.86957 14 120 123 0.86957 72 2.65217
3370000 26 3.46154 13 123 124 0.92308 74 2.65385
3375000 24 3.79167 13 115 125 0.95833 78 2.83333
3380000 20 4.40000 13 123 125 0.95000 77 3.05000
3385000 23 3.82609 12 119 116 0.91304 72 2.78261
3390000 23 4.30435 12 111 137 0.91304 74 2.86957
3395000 19 4.89474 12 107 122 1.00000 68 3.26316
3400000 22 4.00000 11 104 111 0.90909 69 2.95455
3405000 20 4.35000 10 102 114 0.90000 70 3.25000
3410000 25 3.96000 11 97 120 0.80000 74 2.68000
3415000 19 4.94737 11 107 120 0.94737 69 3.36842
3420000 17 5.70588 12 116 141 0.94118 74 3.70588
3425000 19 5.10526 10 108 126 0.84211 75 3.47368
3430000 23 4.13043 10 113 114 0.86957 70 2.91304
3435000 23 4.34783 11 119 131 0.91304 78 2.91304
3440000 16 5.37500 11 132 135 1.00000 76 3.87500
3445000 18 5.11111 11 124 132 0.88889 77 3.55556
3450000 20 5.20000 13 111 123 0.80000 76 3.25000
3455000 21 4.85714 12 115 128 0.90476 75 3.28571
3460000 19 5.47368 13 117 133 0.94737 77 3.57895
3465000 21 4.90476 13 117 148 0.95238 76 3.33333
3470000 24 4.37500 13 113 131 0.91667 77 3.00000
3475000 19 5.00000 13 115 131 0.89474 77 3.47368
3480000 18 5.27778 10 114 130 0.94444 77 3.61111
3485000 19 5.05263 11 114 131 0.78947 73 3.42105
3490000 20 4.75000 10 109 120 0.80000 73 3.40000
3495000 17 5.41176 10 111 127 0.94118 74 4.05882
3500000 19 5.05263 11 106 129 0.89474 75 3.73684
3505000 16 5.06250 9 111 123 1.00000 75 4.18750
3510000 23 4.30435 10 95 125 0.86957 75 3.08696
3515000 21 4.33333 10 103 117 0.90476 76 3.42857
3520000 20 5.20000 14 92 133 0.95000 77 3.60000
3525000 16 5.87500 14 100 126 1.00000 76 4.25000
3530000 20 5.25000 15 98 131 0.95000 76 3.60000
3535000 18 5.11111 14 112 132 0.94444 75 3.72222
3540000 22 4.63636 12 111 140 0.90909 74 3.18182
3545000 17 5.29412 14 124 130 0.94118 76 4.05882
3550000 20 5.05000 14 115 150 1.00000 79 3.60000
3555000 21 4.71429 13 116 125 0.85714 76 3.38095
3560000 23 4.13043 12 115 130 0.95652 80 3.13043
3565000 22 4.18182 13 123 123 0.90909 79 3.27273
3570000 22 4.36364 12 111 126 0.90909 76 3.22727
3575000 17 4.64706 9 109 117 1.00000 75 4.05882
3580000 21 4.09524 9 98 111 0.95238 77 3.33333
3585000 17 4.41176 9 108 108 0.88235 76 3.82353
3590000 19 4.63158 15 97 108 0.84211 75 3.52632
3595000 16 5.06250 15 98 122 0.93750 73 4.00000
3600000 17 4.58824 13 109 119 0.88235 72 3.64706
3605000 20 4.65000 16 97 118 0.95000 77 3.30000
3610000 18 4.50000 15 105 117 1.00000 76 3.61111
3615000 17 4.41176 14 113 120 1.00000 73 3.58824
3620000 20 3.70000 13 120 112 0.90000 72 3.10000
3625000 19 4.15789 13 116 122 0.94737 72 3.36842
3630000 19 3.94737 11 114 114 1.00000 74 3.47368
3635000 17 4.52941 11 115 118 1.00000 72 3.70588
3640000 22 3.77273 10 110 118 0.86364 72 2.90909
3645000 22 4.04545 12 110 122 0.90909 74 3.00000
3650000 19 4.78947 12 108 128 0.84211 74 3.26316
3655000 17 5.29412 14 110 120 1.00000 68 3.58824
3660000 19 4.57895 14 122 123 0.94737 66 3.05263
3665000 21 4.47619 14 109 129 0.85714 70 2.80952
3670000 20 4.20000 11 117 112 0.95000 70 2.95000
3675000 22 4.22727 12 104 124 0.90909 68 2.72727
3680000 20 4.40000 11 103 131 1.00000 70 3.10000
3685000 22 3.86364 10 100 122 0.90909 68 2.68182
3690000 21 4.00000 12 109 123 0.85714 71 2.61905
3695000 22 3.72727 10 108 113 0.95455 69 2.72727
3700000 19 4.21053 11 115 112 0.89474 67 2.84211
3705000 22 4.22727 11 114 130 0.90909 72 2.68182
3710000 25 4.00000 11 103 136 0.96000 75 2.48000
3715000 19 5.10526 13 113 131 0.89474 73 3.21053
3720000 21 5.00000 14 109 141 0.95238 74 3.14286
3725000 20 4.75000 14 112 140 0.95000 77 3.20000
3730000 22 4.27273 14 115 114 0.90909 71 2.90909
3735000 22 4.22727 14 117 138 0.90909 75 3.04545
3740000 21 4.52381 12 109 137 0.95238 77 3.19048
3745000 18 4.83333 11 116 120 0.83333 73 3.61111
3750000 20 4.60000 12 107 131 0.95000 76 3.40000
3755000 22 3.95455 11 103 117 0.90909 74 2.95455
3760000 19 4.47368 10 110 117 0.89474 72 3.31579
3765000 20 4.35000 11 111 126 0.95000 73 3.20000
3770000 18 4.44444 11 117 116 1.00000 71 3.50000
3775000 22 3.86364 11 100 109 0.86364 73 2.90909
3780000 20 3.80000 11 104 104 0.95000 73 3.10000
3785000 18 4.00000 10 105 111 0.94444 71 3.50000
3790000 19 4.15789 10 98 108 0.94737 72 3.36842
3795000 22 4.00000 11 95 118 0.95455 70 2.95455
3800000 18 4.27778 11 108 111 1.00000 69 3.38889
3805000 18 4.83333 13 108 124 0.94444 74 3.33333
3810000 20 4.45000 11 104 120 0.90000 70 3.05000
3815000 20 4.60000 11 104 117 0.95000 72 3.20000
3820000 19 4.78947 11 109 126 1.00000 72 3.31579
3825000 21 4.57143 11 99 119 0.71429 68 2.90476
3830000 17 5.11765 12 114 125 0.94118 71 3.70588
3835000 20 4.60000 11 113 123 0.90000 69 3.15000
3840000 20 4.35000 10 114 116 0.95000 68 3.15000
3845000 22 3.95455 9 106 113 0.81818 69 2.86364
3850000 25 3.92000 10 99 117 0.84000 71 2.60000
3855000 19 4.15789 10 112 108 0.89474 72 3.15789
3860000 17 4.58824 10 124 120 0.94118 74 3.64706
3865000 22 4.04545 8 111 111 0.90909 71 3.04545
3870000 20 4.40000 8 117 117 0.85000 69 3.15000
3875000 23 3.78261 9 118 124 0.91304 74 2.86957
3880000 19 4.47368 13 115 129 1.00000 72 3.47368
3885000 18 4.22222 11 117 106 0.88889 70 3.38889
3890000 21 4.19048 12 109 127 0.85714 70 3.00000
3895000 20 4.55000 12 118 123 0.90000 73 3.30000
3900000 20 4.85000 13 119 134 0.95000 75 3.30000
3905000 21 4.57143 13 112 128 0.85714 76 3.09524
3910000 28 3.92857 12 102 139 0.75000 74 2.35714
3915000 21 4.52381 11 119 123 0.85714 73 3.09524
3920000 17 4.88235 11 123 131 0.94118 76 3.58824
3925000 19 4.63158 12 121 126 0.89474 73 3.26316
3930000 20 4.60000 13 115 122 0.90000 70 3.10000
3935000 23 4.47826 11 108 123 0.86957 68 2.86957
3940000 20 4.55000 11 118 126 1.00000 75 3.30000
3945000 23 4.30435 12 109 133 0.86957 76 2.86957
3950000 21 4.28571 11 119 128 0.95238 71 3.14286
3955000 19 4.26316 11 127 126 1.00000 72 3.26316
3960000 20 4.35000 11 120 136 0.95000 75 3.10000
3965000 17 4.82353 12 131 134 0.94118 71 3.52941
3970000 20 4.60000 14 115 121 0.90000 72 3.15000
3975000 23 4.00000 14 121 130 0.95652 74 2.73913
3980000 23 4.47826 13 117 139 0.78261 74 2.73913
3985000 21 4.71429 12 108 138 0.95238 76 3.19048
3990000 21 4.57143 12 106 130 1.00000 74 3.19048
3995000 19 5.00000 11 108 132 0.89474 74 3.42105
4000000 25 4.20000 11 108 130 0.80000 73 2.60000
4005000 23 4.08696 9 112 123 0.91304 74 2.82609
4010000 18 4.55556 8 113 131 1.00000 74 3.44444
4015000 19 4.26316 9 108 112 0.94737 70 3.36842
4020000 17 4.00000 9 118 108 1.00000 74 3.52941
4025000 19 4.00000 7 109 124 0.94737 77 3.52632
4030000 22 3.63636 6 106 104 0.90909 73 2.86364
4035000 23 3.95652 8 97 112 0.73913 68 2.60870
4040000 23 3.60870 7 105 118 0.82609 70 2.69565
4045000 18 4.05556 8 110 110 1.00000 72 3.38889
4050000 16 4.18750 9 111 106 0.93750 69 3.68750
4055000 16 3.93750 10 127 98 1.00000 70 3.75000
4060000 23 3.47826 10 116 111 0.78261 69 2.56522
4065000 24 3.62500 10 107 117 0.83333 69 2.50000
4070000 19 3.68421 9 123 112 0.94737 68 3.15789
4075000 22 3.50000 9 114 104 0.86364 71 2.59091
4080000 22 3.77273 9 107 115 0.95455 70 2.72727
4085000 24 3.37500 9 118 119 0.87500 75 2.37500
4090000 21 4.00000 11 116 121 0.85714 74 2.80952
4095000 20 4.15000 10 114 120 0.95000 68 3.00000
4100000 20 4.25000 9 114 123 0.90000 71 2.85000
4105000 21 4.04762 10 119 117 0.90476 72 2.76190
4110000 19 4.57895 9 118 129 0.89474 72 2.94737
4115000 22 3.95455 11 118 126 0.86364 73 2.59091
4120000 20 4.10000 11 129 122 0.95000 73 2.95000
4125000 21 4.14286 12 129 125 0.85714 71 2.85714
4130000 18 4.88889 13 128 130 0.94444 72 3.27778
4135000 22 4.50000 12 118 134 0.95455 75 3.04545
4140000 26 3.96154 12 97 130 0.96154 78 2.73077
4145000 23 4.34783 12 109 135 0.91304 73 2.86957
4150000 22 4.31818 10 110 129 0.95455 74 2.77273
4155000 21 4.28571 10 118 126 1.00000 72 3.04762
4160000 25 4.00000 11 109 132 0.88000 75 2.56000
4165000 26 4.00000 11 107 135 0.88462 75 2.42308
4170000 23 4.43478 12 113 131 0.86957 69 2.69565
4175000 18 5.05556 11 117 125 0.88889 70 3.16667
4180000 18 4.83333 9 120 121 0.88889 70 3.22222
4185000 19 4.57895 9 118 131 0.94737 70 3.05263
4190000 22 4.31818 9 105 131 0.90909 70 2.77273
4195000 22 4.31818 9 104 128 0.90909 71 2.77273
4200000 21 4.04762 9 105 123 0.90476 72 2.76190
4205000 19 4.84211 10 98 125 0.94737 70 3.21053
4210000 19 4.89474 10 98 124 0.89474 72 3.26316
4215000 16 6.00000 11 97 135 1.00000 72 3.75000
4220000 20 5.15000 10 90 123 0.90000 72 3.15000
4225000 18 5.38889 11 90 125 0.94444 69 3.38889
4230000 24 4.20833 10 95 118 0.79167 69 2.66667
4235000 21 4.57143 9 104 132 0.90476 72 2.95238
4240000 25 4.04000 9 105 127 0.84000 74 2.64000
4245000 24 4.25000 11 101 126 0.91667 75 2.75000
4250000 23 4.17391 10 110 134 0.91304 74 2.82609
4255000 27 3.77778 10 104 129 0.88889 74 2.48148
4260000 20 4.75000 13 117 133 0.95000 70 3.10000
4265000 23 4.56522 14 117 145 0.91304 71 2.65217
4270000 18 5.44444 15 127 147 1.00000 75 3.44444
4275000 18 5.05556 13 119 121 0.83333 73 3.16667
4280000 28 4.14286 13 92 133 0.82143 76 2.25000
4285000 22 4.36364 13 100 125 0.81818 74 2.72727
4290000 20 4.80000 14 98 132 1.00000 70 3.15000
4295000 21 4.80952 14 96 134 0.95238 71 3.14286
4300000 23 4.47826 14 90 128 0.91304 71 2.73913
4305000 17 5.47059 13 95 124 1.00000 72 3.58824
4310000 24 4.41667 12 98 128 0.83333 72 2.66667
4315000 22 4.27273 12 106 126 1.00000 73 3.04545
4320000 21 4.47619 11 106 124 0.95238 75 3.14286
4325000 23 4.13043 10 108 130 0.95652 75 2.86957
4330000 21 4.42857 11 110 122 0.95238 73 2.85714
4335000 23 4.21739 10 106 124 0.91304 73 2.78261
4340000 23 3.91304 11 121 125 0.91304 74 2.65217
4345000 24 4.08333 12 115 140 0.87500 72 2.62500
4350000 24 4.20833 12 126 138 0.95833 71 2.70833
4355000 23 4.30435 13 125 144 0.91304 75 2.69565
4360000 21 4.57143 14 120 126 0.95238 72 3.00000
4365000 23 4.52174 13 107 137 0.95652 74 2.82609
4370000 25 4.08000 13 101 132 0.88000 76 2.56000
4375000 20 4.40000 14 112 122 0.90000 71 3.00000
4380000 18 4.38889 10 117 118 0.88889 68 3.33333
4385000 20 4.15000 10 108 120 0.95000 73 3.05000
4390000 24 4.12500 12 103 134 0.95833 75 2.70833
4395000 22 3.95455 11 105 130 0.90909 77 2.81818
4400000 19 4.57895 11 105 128 1.00000 74 3.21053
4405000 24 3.75000 10 88 120 0.95833 72 2.66667
4410000 20 3.95000 9 104 109 1.00000 71 3.20000
4415000 17 3.94118 9 101 103 1.00000 71 3.58824
4420000 14 4.07143 8 125 104 1.00000 72 3.50000
4425000 20 3.70000 7 116 114 0.90000 69 2.70000
4430000 20 3.65000 8 114 104 0.95000 67 2.75000
4435000 16 3.93750 8 127 104 0.93750 66 3.31250
4440000 22 3.59091 10 119 132 0.90909 72 2.63636
4445000 19 4.26316 9 119 123 1.00000 70 3.05263
4450000 23 3.65217 9 118 113 0.86957 66 2.39130
4455000 20 3.95000 7 121 124 1.00000 68 2.75000
4460000 22 3.77273 9 118 130 1.00000 69 2.72727
4465000 24 3.66667 8 118 125 0.95833 74 2.54167
4470000 27 3.44444 8 105 122 0.85185 72 2.40741
4475000 21 4.28571 9 111 124 1.00000 75 3.09524
4480000 21 4.76190 15 101 133 1.00000 79 3.19048
4485000 18 5.05556 15 104 127 1.00000 76 3.50000
4490000 18 4.83333 12 101 119 1.00000 74 3.50000
4495000 19 5.15789 12 101 131 1.00000 73 3.36842
4500000 25 4.36000 12 101 126 0.92000 73 2.68000
4505000 21 5.14286 12 106 136 0.90476 72 3.09524
4510000 18 5.38889 11 115 130 0.88889 75 3.38889
4515000 23 4.52174 11 113 137 0.82609 73 2.82609
4520000 21 4.33333 9 117 124 0.85714 67 2.80952
4525000 19 4.78947 10 117 125 0.89474 69 3.00000
4530000 19 4.63158 10 117 127 0.94737 69 3.15789
4535000 21 4.61905 10 111 135 1.00000 70 3.00000
4540000 23 4.43478 10 108 148 0.95652 75 2.82609
4545000 24 4.50000 10 104 146 0.95833 76 2.83333
4550000 20 4.95000 10 99 128 0.90000 73 3.10000
4555000 20 4.80000 11 107 132 0.95000 75 3.10000
4560000 24 3.87500 9 105 123 0.87500 75 2.75000
4565000 23 4.17391 9 110 133 0.91304 76 2.82609
4570000 22 4.40909 8 102 133 0.95455 75 3.00000
4575000 21 4.42857 8 104 122 0.95238 77 3.19048
4580000 22 3.95455 9 115 120 0.86364 77 3.00000
4585000 20 4.50000 9 114 123 1.00000 80 3.20000
4590000 22 4.09091 15 110 125 0.90909 79 3.09091
4595000 19 4.68421 14 118 122 0.94737 75 3.47368
4600000 22 4.59091 14 108 139 0.90909 78 3.09091
4605000 20 5.05000 15 122 130 0.95000 75 3.65000
4610000 21 4.80952 15 122 128 0.95238 74 3.47619
4615000 21 4.76190 14 128 135 0.90476 77 3.38095
4620000 21 4.42857 13 119 123 0.95238 72 3.42857
4625000 18 4.83333 14 115 123 0.88889 73 3.66667
4630000 17 5.00000 15 114 110 0.94118 72 3.82353
4635000 21 4.47619 13 110 120 0.90476 71 3.28571
4640000 21 4.19048 14 119 131 0.90476 74 3.23810
4645000 22 4.22727 13 111 121 0.90909 72 3.04545
4650000 25 4.00000 12 111 137 0.92000 75 2.68000
4655000 19 4.73684 12 115 123 0.89474 75 3.26316
4660000 20 4.75000 13 107 133 0.90000 73 3.05000
4665000 22 4.50000 15 107 128 0.90909 74 3.00000
4670000 21 4.38095 14 113 124 0.95238 76 3.09524
4675000 22 4.04545 11 127 129 0.90909 73 2.81818
4680000 25 3.84000 9 118 140 0.92000 74 2.56000
4685000 22 4.18182 9 123 131 0.95455 73 2.81818
4690000 23 3.69565 9 117 115 0.86957 68 2.56522
4695000 24 3.83333 8 117 130 0.79167 75 2.54167
4700000 22 4.00000 8 112 121 1.00000 73 2.77273
4705000 22 4.22727 10 118 133 1.00000 73 2.95455
4710000 20 4.50000 12 117 129 0.90000 71 3.15000
4715000 22 4.00000 11 120 123 0.86364 71 2.86364
4720000 22 4.04545 11 123 128 0.81818 74 2.72727
4725000 22 4.22727 14 113 127 0.95455 72 2.72727
4730000 20 4.50000 13 121 127 0.95000 74 2.95000
4735000 21 4.14286 11 117 132 0.85714 70 2.76190
4740000 17 4.76471 11 122 126 1.00000 69 3.47059
4745000 21 4.42857 14 116 121 0.90476 69 3.04762
4750000 21 4.47619 12 113 126 0.85714 71 3.04762
4755000 23 4.34783 13 104 123 0.91304 70 2.91304
4760000 19 4.78947 13 114 119 0.94737 71 3.47368
4765000 25 4.08000 12 98 125 0.84000 70 2.56000
4770000 18 4.94444 12 109 123 0.94444 73 3.44444
4775000 24 3.91667 12 98 115 0.83333 68 2.66667
4780000 19 4.21053 11 111 108 0.89474 68 3.21053
4785000 19 4.15789 11 125 118 0.94737 67 3.15789
4790000 19 4.15789 10 122 125 0.94737 67 3.21053
4795000 22 4.22727 9 109 117 0.86364 73 3.04545
4800000 24 3.87500 9 97 126 0.95833 77 2.83333
4805000 25 3.76000 11 101 123 0.84000 73 2.72000
4810000 21 4.09524 9 104 129 0.90476 74 3.14286
4815000 18 4.27778 8 106 110 1.00000 75 3.55556
4820000 19 4.00000 8 96 104 0.78947 77 3.26316
4825000 22 3.77273 9 106 115 0.86364 74 2.86364
4830000 17 4.35294 11 130 121 0.88235 72 3.52941
4835000 22 3.86364 12 100 107 0.86364 69 2.81818
4840000 17 4.47059 10 116 110 0.94118 70 3.52941
4845000 17 4.70588 13 117 120 0.82353 70 3.47059
4850000 17 4.88235 13 98 122 1.00000 72 3.70588
4855000 21 4.47619 14 95 123 0.95238 75 3.14286
4860000 20 4.15000 12 99 112 0.90000 72 3.20000
4865000 17 4.82353 11 97 115 1.00000 70 3.58824
4870000 18 4.38889 10 98 114 0.94444 72 3.44444
4875000 18 4.27778 10 100 116 1.00000 75 3.50000
4880000 18 5.00000 12 105 121 0.94444 71 3.50000
4885000 22 4.59091 11 91 135 1.00000 75 3.00000
4890000 20 4.45000 11 98 131 1.00000 75 3.30000
4895000 19 5.00000 10 90 132 1.00000 75 3.52632
4900000 20 4.55000 9 99 127 0.90000 77 3.20000
4905000 21 4.42857 11 103 119 0.95238 73 3.23810
4910000 18 4.66667 13 108 114 0.94444 73 3.61111
4915000 18 4.44444 13 105 115 0.94444 74 3.55556
4920000 17 5.00000 13 104 123 1.00000 73 3.76471
4925000 17 5.17647 14 103 120 0.94118 71 3.76471
4930000 16 5.50000 14 117 132 1.00000 73 4.12500
4935000 19 4.63158 11 121 124 0.94737 69 3.36842
4940000 18 4.66667 10 122 115 0.83333 73 3.50000
4945000 18 4.27778 10 119 107 0.83333 75 3.44444
4950000 17 4.88235 9 115 117 0.88235 76 3.76471
4955000 19 4.73684 11 110 122 0.84211 71 3.31579
4960000 17 5.17647 11 111 125 0.94118 75 3.88235
4965000 18 5.33333 12 109 131 0.94444 75 3.83333
4970000 21 4.66667 12 117 130 0.95238 75 3.28571
4975000 20 4.55000 11 124 128 0.85000 76 3.35000
4980000 21 4.42857 9 117 130 0.90476 75 3.28571
4985000 23 4.34783 9 109 123 0.86957 77 3.04348
4990000 24 3.87500 9 107 128 0.87500 79 3.04167
4995000 20 4.75000 9 112 127 0.90000 78 3.50000
5000000 21 4.42857 9 114 123 0.90476 78 3.33333
5005000 24 4.12500 9 117 132 0.87500 77 3.04167
5010000 20 4.60000 12 120 131 0.90000 76 3.45000
5015000 18 4.50000 10 128 129 1.00000 75 3.77778
5020000 20 4.50000 9 117 130 0.95000 74 3.30000
5025000 24 4.29167 10 105 136 0.83333 75 2.75000
5030000 20 5.15000 10 108 138 0.95000 73 3.35000
5035000 21 4.85714 10 100 125 0.95238 72 3.19048
5040000 20 4.80000 10 101 121 1.00000 71 3.35000
5045000 21 4.33333 8 115 118 0.90476 72 3.09524
5050000 21 4.57143 9 110 138 0.95238 77 3.14286
5055000 23 4.00000 8 111 118 0.91304 73 2.82609
5060000 24 4.00000 9 110 119 0.75000 71 2.45833
5065000 21 4.42857 10 112 135 0.90476 74 2.71429
5070000 21 4.33333 11 103 133 0.80952 75 2.71429
5075000 19 4.84211 12 98 124 1.00000 73 3.26316
5080000 25 4.16000 13 97 131 0.88000 73 2.56000
5085000 23 4.17391 13 108 135 0.95652 74 2.65217
5090000 21 4.57143 13 106 131 0.85714 72 2.76190
5095000 22 4.68182 12 104 141 0.95455 75 2.86364
5100000 20 5.15000 13 112 148 0.95000 73 3.05000
5105000 22 4.63636 12 111 126 0.77273 68 2.63636
5110000 21 4.47619 11 116 126 0.85714 73 2.90476
5115000 20 4.60000 11 108 129 0.90000 73 3.10000
5120000 20 4.65000 10 105 121 0.90000 73 3.20000
5125000 20 4.40000 10 114 120 0.90000 74 3.15000
5130000 19 4.47368 9 113 120 0.94737 75 3.42105
5135000 22 4.27273 11 98 122 0.90909 74 3.00000
5140000 24 4.16667 11 94 125 0.87500 72 2.70833
5145000 16 5.87500 12 102 124 1.00000 74 4.06250
5150000 20 4.60000 12 99 116 0.85000 74 3.25000
5155000 18 5.16667 11 109 119 0.88889 73 3.55556
5160000 19 4.68421 14 101 123 1.00000 75 3.47368
5165000 17 4.70588 14 112 120 1.00000 74 3.88235
5170000 18 4.33333 12 103 114 0.94444 74 3.61111
5175000 15 4.86667 10 105 112 1.00000 75 4.13333
5180000 20 4.30000 11 104 120 0.85000 75 3.15000
5185000 19 4.42105 11 113 133 0.94737 75 3.15789
5190000 15 5.53333 12 120 119 0.93333 72 4.13333
5195000 18 4.83333 11 116 117 0.88889 72 3.55556
5200000 17 5.17647 9 112 120 0.94118 75 3.76471
5205000 24 4.04167 9 104 120 0.79167 75 2.79167
5210000 23 4.13043 9 105 125 0.86957 72 2.91304
5215000 25 3.60000 8 112 111 0.92000 74 2.84000
5220000 20 3.95000 8 105 110 0.95000 75 3.40000
5225000 18 3.77778 8 111 94 0.83333 74 3.44444
5230000 17 3.94118 7 103 102 0.94118 71 3.58824
5235000 15 4.13333 7 109 89 0.93333 65 3.86667
5240000 18 4.27778 10 95 103 0.94444 70 3.50000
5245000 20 4.10000 10 98 112 0.90000 74 3.25000
5250000 20 4.15000 9 109 111 0.95000 74 3.40000
5255000 25 3.76000 9 101 110 0.92000 74 2.76000
5260000 19 4.68421 10 115 130 1.00000 76 3.57895
5265000 17 5.29412 12 112 134 1.00000 76 3.76471
5270000 21 4.66667 12 111 131 0.90476 76 3.28571
5275000 19 5.15789 12 113 129 0.94737 74 3.68421
5280000 15 5.66667 12 123 130 1.00000 75 4.33333
5285000 17 5.70588 12 116 134 0.94118 74 3.82353
5290000 21 4.95238 13 105 130 0.85714 75 3.19048
5295000 22 4.77273 13 107 134 0.90909 76 3.13636
5300000 20 5.00000 12 112 140 1.00000 73 3.30000
5305000 19 5.47368 12 110 135 1.00000 74 3.57895
5310000 21 5.04762 11 96 128 0.90476 73 3.23810
5315000 23 4.78261 12 84 131 1.00000 76 3.08696
5320000 22 4.50000 13 96 130 0.95455 75 3.13636
5325000 20 4.70000 12 103 119 0.90000 72 3.30000
5330000 17 5.47059 13 111 129 0.94118 72 3.94118
5335000 18 5.05556 12 104 118 0.88889 73 3.55556
5340000 17 5.11765 14 102 123 1.00000 74 3.94118
5345000 22 4.13636 12 105 115 0.81818 72 3.09091
5350000 17 5.00000 13 115 113 0.88235 74 3.88235
5355000 22 4.36364 14 99 126 1.00000 75 3.09091
5360000 23 4.39130 13 94 122 0.86957 74 3.08696
5365000 25 4.36000 13 89 130 0.84000 76 2.76000
5370000 17 5.11765 12 111 120 1.00000 75 4.05882
5375000 21 4.52381 12 107 131 0.95238 75 3.23810
5380000 21 4.71429 10 104 127 0.90476 73 3.28571
5385000 21 4.33333 9 113 124 0.90476 73 3.19048
5390000 19 4.84211 10 115 126 0.94737 76 3.47368
5395000 15 5.60000 10 113 120 1.00000 76 4.26667
5400000 20 4.70000 10 103 122 0.90000 72 3.30000
5405000 20 4.70000 10 105 121 0.85000 72 3.20000
5410000 20 4.90000 11 105 131 1.00000 73 3.45000
5415000 22 4.31818 10 109 142 0.90909 76 3.04545
5420000 19 4.89474 12 105 135 1.00000 74 3.47368
5425000 20 4.65000 12 105 133 1.00000 76 3.40000
5430000 16 5.43750 11 108 119 1.00000 73 3.75000
5435000 17 5.00000 11 104 126 1.00000 69 3.58824
5440000 18 4.77778 11 106 108 1.00000 69 3.44444
5445000 19 4.21053 10 113 115 0.84211 68 3.15789
5450000 21 3.76190 11 119 107 0.80952 72 3.04762
5455000 20 3.90000 11 116 106 0.90000 71 3.25000
5460000 21 3.71429 11 114 107 0.90476 72 3.14286
5465000 16 5.00000 11 114 124 0.93750 76 3.87500
5470000 19 4.21053 10 108 118 0.94737 77 3.31579
5475000 18 4.72222 10 105 114 0.83333 70 3.38889
5480000 15 5.26667 10 111 118 0.93333 70 4.13333
5485000 18 4.88889 10 97 111 0.94444 71 3.66667
5490000 16 5.06250 8 107 117 0.87500 71 3.93750
5495000 19 4.36842 9 107 113 0.89474 72 3.36842
5500000 18 4.94444 12 105 125 0.88889 73 3.55556
5505000 16 5.31250 12 121 129 1.00000 70 4.00000
5510000 18 5.05556 15 122 123 1.00000 72 3.50000
5515000 16 5.50000 12 110 116 1.00000 66 3.81250
5520000 16 5.68750 11 106 126 0.93750 66 3.75000
5525000 20 5.00000 11 104 132 0.95000 72 3.20000
5530000 21 4.80952 12 102 127 0.85714 74 3.09524
5535000 25 4.28000 10 96 132 0.92000 75 2.72000
5540000 19 5.05263 13 110 126 1.00000 71 3.47368
5545000 19 5.26316 12 109 127 0.84211 70 3.36842
5550000 22 4.72727 13 112 129 0.90909 75 3.13636
5555000 23 4.86957 15 111 147 1.00000 77 2.95652
5560000 16 5.12500 12 130 129 1.00000 75 4.18750
5565000 22 4.40909 10 100 113 0.77273 76 2.90909
5570000 21 4.76190 12 102 116 0.76190 68 3.00000
5575000 19 4.68421 13 111 125 0.94737 73 3.52632
5580000 19 4.94737 14 113 133 0.94737 76 3.47368
5585000 18 5.22222 13 98 123 0.94444 72 3.72222
5590000 22 4.63636 12 92 135 0.86364 77 3.13636
5595000 17 4.88235 11 101 116 0.94118 74 3.94118
5600000 16 5.18750 12 97 107 1.00000 72 3.93750
5605000 18 4.72222 12 105 119 0.94444 70 3.50000
5610000 18 5.00000 11 103 117 0.88889 70 3.50000
5615000 19 4.89474 12 97 119 0.89474 71 3.42105
5620000 17 5.35294 12 104 119 0.88235 71 3.76471
5625000 17 5.05882 11 105 119 0.88235 74 3.76471
5630000 20 4.55000 11 105 130 0.95000 75 3.35000
5635000 16 5.25000 10 112 124 1.00000 73 4.00000
5640000 17 5.23529 12 107 127 0.94118 75 3.82353
5645000 19 5.05263 12 94 126 0.94737 74 3.36842
5650000 19 5.05263 13 99 123 0.89474 73 3.36842
5655000 17 5.76471 14 99 130 0.94118 73 4.00000
5660000 19 5.36842 14 87 123 0.89474 74 3.57895
5665000 20 5.25000 11 88 125 0.85000 70 3.30000
5670000 16 5.75000 11 110 132 0.93750 73 4.06250
5675000 18 5.44444 13 101 121 0.94444 74 3.77778
5680000 15 6.60000 13 101 125 0.93333 77 4.33333
5685000 19 5.31579 14 101 133 0.84211 75 3.52632
5690000 19 5.15789 13 103 123 0.84211 76 3.57895
5695000 15 6.20000 12 99 122 1.00000 74 4.40000
5700000 20 5.25000 15 93 133 0.90000 74 3.55000
5705000 20 5.50000 15 86 126 0.80000 70 3.45000
5710000 18 5.61111 13 100 127 0.94444 74 3.88889
5715000 18 5.61111 12 110 142 0.94444 73 3.72222
5720000 17 5.64706 11 107 133 1.00000 75 3.88235
5725000 16 6.06250 11 112 126 0.93750 73 4.18750
5730000 20 5.20000 11 102 136 0.90000 79 3.50000
5735000 19 4.94737 10 101 120 0.89474 74 3.52632
5740000 17 5.23529 10 109 125 1.00000 74 4.05882
5745000 18 5.16667 10 106 132 0.94444 75 3.88889
5750000 22 4.54545 12 104 125 0.86364 76 3.09091
5755000 21 4.61905 11 109 125 0.90476 78 3.38095
5760000 20 4.95000 9 117 133 1.00000 78 3.70000
5765000 19 5.05263 10 113 128 0.89474 74 3.78947
5770000 18 5.00000 10 109 123 0.83333 75 3.77778
5775000 16 5.31250 10 111 113 1.00000 74 4.18750
5780000 18 4.72222 9 99 109 0.88889 72 3.61111
5785000 19 4.63158 10 94 111 0.94737 71 3.57895
5790000 16 5.62500 11 96 114 0.93750 70 4.12500
5795000 21 4.76190 11 95 120 0.85714 71 3.19048
5800000 16 5.43750 11 106 123 1.00000 69 3.87500
5805000 17 5.70588 13 96 129 0.94118 75 3.70588
5810000 17 5.88235 14 90 128 1.00000 75 3.94118
5815000 22 4.86364 13 88 128 0.81818 72 3.00000
5820000 21 4.76190 11 91 122 0.85714 74 3.19048
5825000 18 5.11111 10 93 119 0.94444 75 3.77778
5830000 19 4.89474 10 86 122 1.00000 76 3.68421
5835000 20 4.90000 11 90 125 1.00000 75 3.55000
5840000 19 4.78947 10 95 119 0.94737 72 3.57895
5845000 20 4.65000 9 103 121 0.95000 72 3.40000
5850000 16 5.87500 10 108 134 1.00000 71 4.12500
5855000 18 5.55556 12 103 124 0.94444 73 3.77778
5860000 18 5.27778 10 105 128 0.88889 73 3.77778
5865000 18 5.55556 10 103 127 0.94444 75 3.77778
5870000 16 5.93750 10 109 128 1.00000 72 4.25000
5875000 19 5.05263 10 108 137 0.89474 73 3.57895
5880000 22 4.40909 8 98 115 0.86364 72 3.13636
5885000 23 4.60870 9 91 126 0.82609 78 3.08696
5890000 19 4.94737 11 104 130 0.89474 78 3.63158
5895000 19 4.94737 10 105 123 1.00000 76 3.63158
5900000 21 4.90476 10 98 119 0.85714 71 3.14286
5905000 17 5.70588 11 110 138 1.00000 73 3.82353
5910000 18 5.72222 11 106 141 1.00000 72 3.66667
5915000 22 5.13636 9 89 132 0.90909 71 3.09091
5920000 16 6.06250 11 110 133 1.00000 71 4.00000
5925000 19 5.63158 11 108 136 0.89474 74 3.36842
5930000 20 4.90000 12 105 124 0.95000 76 3.40000
5935000 21 4.85714 11 105 128 0.85714 74 3.14286
5940000 18 5.50000 12 108 139 1.00000 79 3.83333
5945000 23 4.56522 12 101 135 0.86957 78 3.08696
5950000 20 4.70000 12 109 136 0.95000 74 3.40000
5955000 17 5.17647 12 111 120 1.00000 71 4.00000
5960000 22 4.45455 11 101 124 0.86364 75 3.18182
5965000 20 5.05000 12 102 135 0.90000 73 3.40000
5970000 16 5.62500 11 99 118 0.93750 76 4.25000
5975000 16 5.62500 12 102 127 1.00000 78 4.25000
5980000 18 4.72222 11 108 117 0.83333 77 3.77778
5985000 16 5.18750 10 114 119 1.00000 75 4.31250
5990000 18 4.61111 9 115 119 1.00000 79 3.83333
5995000 15 5.40000 15 125 121 1.00000 75 4.53333
6000000 17 5.35294 14 118 119 0.94118 75 4.05882
6005000 16 5.62500 13 111 120 0.87500 76 4.31250
6010000 23 4.43478 13 92 128 0.95652 78 3.30435
6015000 16 5.31250 12 114 123 0.87500 80 4.43750
6020000 21 4.33333 10 117 115 0.85714 78 3.47619
6025000 17 4.94118 9 121 114 0.94118 76 4.11765
6030000 19 4.63158 9 112 124 0.94737 75 3.73684
6035000 19 4.26316 9 114 110 0.94737 75 3.68421
6040000 19 4.68421 10 113 107 0.73684 75 3.52632
6045000 19 5.26316 10 112 122 0.89474 73 3.68421
6050000 18 5.22222 10 115 127 0.88889 75 3.88889
6055000 17 5.29412 11 110 113 0.94118 73 4.11765
6060000 14 6.14286 12 110 125 1.00000 73 4.78571
6065000 14 5.85714 13 111 111 1.00000 75 4.64286
6070000 17 4.58824 13 105 110 0.82353 73 3.82353
6075000 16 4.75000 12 108 115 0.87500 72 4.00000
6080000 16 4.81250 11 99 110 1.00000 71 4.06250
6085000 16 4.93750 13 105 112 1.00000 72 4.12500
6090000 21 4.42857 12 98 116 0.95238 74 3.33333
6095000 18 4.22222 10 110 111 0.94444 75 3.61111
6100000 20 4.50000 9 101 125 0.95000 73 3.35000
6105000 23 4.21739 10 100 118 0.95652 76 3.04348
6110000 18 4.55556 9 106 114 1.00000 76 3.83333
6115000 19 5.10526 11 97 127 1.00000 77 3.78947
6120000 17 5.58824 11 98 130 1.00000 77 3.88235
6125000 17 5.70588 12 103 129 0.94118 75 3.88235
6130000 22 4.68182 13 89 135 0.95455 77 3.27273
6135000 23 4.78261 12 91 132 0.86957 75 3.13043
6140000 16 5.56250 14 105 119 0.93750 72 4.12500
6145000 17 5.17647 15 110 119 0.94118 72 3.88235
6150000 24 4.12500 13 112 123 0.87500 75 2.91667
6155000 20 4.60000 11 126 134 0.90000 73 3.35000
6160000 18 5.50000 10 121 137 1.00000 76 3.77778
6165000 21 5.04762 9 114 139 0.90476 77 3.28571
6170000 20 4.50000 8 113 128 0.95000 79 3.45000
6175000 20 4.80000 11 120 124 0.90000 74 3.25000
6180000 20 4.60000 10 115 125 0.90000 75 3.30000
6185000 20 4.75000 12 107 135 1.00000 73 3.45000
6190000 18 5.05556 11 103 121 0.94444 73 3.66667
6195000 22 4.50000 12 105 121 0.72727 74 2.95455
6200000 22 4.54545 11 108 132 0.90909 74 3.00000
6205000 25 4.04000 9 116 134 0.88000 74 2.68000
6210000 21 4.57143 8 124 126 0.95238 74 3.19048
6215000 22 4.72727 10 117 145 0.95455 76 3.13636
6220000 21 5.00000 10 112 136 0.90476 77 3.23810
6225000 19 5.15789 14 118 135 0.94737 74 3.47368
6230000 17 5.58824 14 116 129 0.88235 75 3.70588
6235000 17 5.58824 13 113 132 1.00000 77 3.88235
6240000 17 5.64706 14 114 127 0.94118 75 3.94118
6245000 17 5.47059 13 114 131 1.00000 76 4.00000
6250000 21 4.76190 12 104 127 0.95238 76 3.47619
6255000 19 4.68421 10 112 132 1.00000 75 3.73684
6260000 19 4.42105 10 113 119 0.94737 74 3.63158
6265000 20 4.65000 10 100 120 0.90000 71 3.20000
6270000 18 5.11111 12 111 131 0.94444 74 3.72222
6275000 18 4.77778 11 111 124 0.94444 78 3.88889
6280000 18 5.00000 9 122 129 0.94444 76 3.88889
6285000 20 4.50000 11 113 123 0.95000 77 3.50000
6290000 21 4.38095 11 124 127 0.85714 78 3.33333
6295000 20 4.80000 15 121 133 0.95000 79 3.45000
6300000 18 5.33333 14 115 130 0.94444 79 3.72222
6305000 21 4.19048 11 108 114 0.90476 77 3.28571
6310000 19 4.47368 11 120 115 0.78947 73 3.36842
6315000 26 3.92308 11 104 123 0.88462 75 2.73077
6320000 20 4.35000 8 124 123 0.80000 75 3.20000
6325000 23 4.17391 10 121 120 0.86957 77 2.91304
6330000 18 5.00000 9 124 140 1.00000 75 3.66667
6335000 23 4.52174 10 107 138 0.91304 77 3.04348
6340000 19 5.00000 9 114 127 0.89474 78 3.47368
6345000 22 4.50000 10 109 121 0.81818 77 3.22727
6350000 20 4.90000 8 111 125 0.95000 75 3.60000
6355000 14 6.50000 11 116 127 1.00000 72 4.78571
6360000 18 5.77778 11 107 136 0.88889 70 3.72222
6365000 18 5.50000 12 109 132 0.94444 75 4.00000
6370000 23 4.60870 11 100 127 0.82609 76 3.13043
6375000 22 4.77273 12 105 137 0.86364 78 3.27273
6380000 19 5.47368 11 97 135 0.89474 74 3.57895
6385000 21 5.04762 11 100 135 0.90476 77 3.42857
6390000 17 5.76471 11 105 129 0.94118 73 4.05882
6395000 19 5.00000 13 98 124 0.94737 76 3.73684
6400000 17 5.47059 13 108 124 1.00000 76 4.00000
6405000 19 5.26316 14 103 134 1.00000 75 3.68421
6410000 20 4.80000 12 112 122 0.85000 77 3.35000
6415000 19 4.63158 12 109 122 0.94737 75 3.47368
6420000 16 5.12500 12 117 118 0.87500 71 3.81250
6425000 16 5.37500 11 116 124 0.87500 72 3.87500
6430000 15 5.60000 11 123 122 0.93333 70 4.00000
6435000 16 5.43750 10 119 119 0.93750 73 3.81250
6440000 21 4.80952 9 102 129 0.85714 74 3.19048
6445000 18 5.22222 9 117 128 0.88889 74 3.55556
6450000 21 4.61905 9 107 120 0.80952 70 3.14286
6455000 18 4.72222 9 124 127 0.88889 69 3.38889
6460000 23 4.17391 9 124 121 0.78261 75 2.86957
6465000 23 4.00000 9 117 111 0.73913 73 2.78261
6470000 22 4.13636 9 114 120 0.95455 78 3.09091
6475000 20 4.15000 9 128 127 0.95000 77 3.20000
6480000 21 4.42857 10 113 129 0.95238 76 3.14286
6485000 21 4.33333 10 110 116 0.95238 70 3.04762
6490000 19 4.42105 9 128 127 0.94737 75 3.31579
6495000 20 4.40000 10 123 133 1.00000 75 3.35000
6500000 21 4.38095 10 120 121 0.85714 73 2.90476
6505000 20 4.40000 10 109 123 0.90000 73 3.15000
6510000 16 5.31250 10 110 120 0.93750 75 4.00000
6515000 20 4.85000 9 101 126 0.85000 75 3.30000
6520000 19 4.84211 8 103 125 0.94737 73 3.57895
6525000 18 5.11111 11 103 124 1.00000 76 3.88889
6530000 19 4.94737 12 101 123 0.84211 75 3.52632
6535000 16 5.81250 10 98 116 1.00000 73 4.43750
6540000 20 4.85000 9 89 120 0.85000 74 3.60000
6545000 18 4.88889 10 99 119 0.94444 77 3.88889
6550000 22 4.72727 10 85 127 0.90909 78 3.36364
6555000 18 5.16667 10 92 123 0.94444 76 4.00000
6560000 15 5.80000 9 102 124 1.00000 75 4.66667
6565000 19 4.73684 7 97 119 0.94737 77 3.84211
6570000 22 4.59091 8 92 125 0.90909 77 3.40909
6575000 22 4.63636 8 92 125 0.90909 80 3.45455
6580000 18 5.50000 10 101 121 1.00000 77 4.11111
6585000 22 4.86364 9 96 123 0.77273 78 3.40909
6590000 17 5.64706 10 111 125 0.94118 79 4.29412
6595000 15 6.40000 11 115 141 1.00000 78 4.86667
6600000 20 5.50000 12 99 136 0.85000 79 3.70000
6605000 15 6.33333 11 114 137 1.00000 80 4.86667
6610000 19 5.63158 14 103 135 0.89474 79 3.89474
6615000 19 5.42105 11 115 128 0.89474 77 3.84211
6620000 18 5.61111 11 117 127 0.88889 76 4.05556
6625000 19 5.21053 9 118 131 0.89474 77 3.94737
6630000 22 4.40909 10 101 121 0.86364 77 3.45455
6635000 22 4.59091 10 102 123 0.90909 79 3.40909
6640000 20 4.80000 9 102 118 0.90000 77 3.70000
6645000 18 5.27778 9 102 127 1.00000 74 3.88889
6650000 20 5.00000 10 112 133 0.95000 77 3.55000
6655000 18 4.94444 8 118 118 0.83333 77 3.94444
6660000 17 5.05882 10 112 123 0.94118 79 4.17647
6665000 20 4.65000 8 117 125 0.85000 73 3.45000
6670000 20 4.75000 9 108 127 0.85000 75 3.50000
6675000 19 4.78947 10 109 124 1.00000 75 3.68421
6680000 20 4.55000 10 108 119 0.95000 73 3.50000
6685000 22 4.50000 11 101 129 0.95455 78 3.22727
6690000 21 4.57143 9 97 119 0.90476 76 3.38095
6695000 19 4.68421 9 104 118 0.94737 74 3.57895
6700000 22 4.22727 9 104 120 0.90909 77 3.27273
6705000 20 4.55000 9 111 124 0.95000 79 3.60000
6710000 24 4.16667 10 98 126 0.91667 78 3.08333
6715000 24 4.08333 11 106 127 0.87500 77 3.04167
6720000 26 3.96154 9 107 125 0.88462 76 2.80769
6725000 24 4.04167 7 116 130 0.91667 78 3.00000
6730000 20 4.45000 9 112 127 0.95000 78 3.45000
6735000 23 4.17391 10 103 131 0.95652 79 3.13043
6740000 22 5.04545 11 100 143 0.95455 78 3.36364
6745000 21 4.76190 9 99 127 0.95238 77 3.47619
6750000 18 5.33333 9 99 127 1.00000 75 3.77778
6755000 17 5.41176 8 104 121 1.00000 74 3.94118
6760000 17 5.47059 10 106 123 1.00000 76 4.00000
6765000 20 4.85000 9 92 118 0.90000 75 3.50000
6770000 18 5.33333 10 97 125 0.88889 76 3.88889
6775000 18 5.44444 11 95 127 0.94444 75 3.88889
6780000 16 5.75000 10 94 119 0.87500 73 4.31250
6785000 14 5.71429 11 98 114 0.92857 74 4.57143
6790000 19 4.73684 9 89 110 0.94737 75 3.63158
6795000 16 5.00000 9 92 110 1.00000 75 4.31250
6800000 18 4.50000 8 95 108 0.83333 75 3.66667
6805000 19 4.10526 8 105 109 0.89474 70 3.47368
6810000 19 4.26316 9 106 110 0.84211 71 3.42105
6815000 17 4.58824 10 115 111 0.94118 72 3.64706
6820000 14 5.14286 10 122 109 1.00000 70 4.21429
6825000 14 5.00000 10 131 120 0.92857 69 4.00000
6830000 20 3.85000 9 119 113 0.90000 70 2.90000
6835000 20 4.50000 9 113 117 1.00000 69 3.25000
6840000 16 5.00000 8 129 120 1.00000 69 3.75000
6845000 19 4.84211 8 119 127 0.94737 74 3.31579
6850000 19 4.78947 10 105 117 0.89474 71 3.36842
6855000 21 4.38095 8 104 113 0.85714 74 3.19048
6860000 18 5.11111 9 112 120 0.88889 78 3.72222
6865000 17 5.23529 9 118 131 0.94118 78 3.94118
6870000 22 4.54545 9 102 128 0.95455 75 3.18182
6875000 20 4.85000 9 98 125 1.00000 76 3.45000
6880000 19 4.94737 8 100 120 0.94737 73 3.57895
6885000 19 4.68421 9 109 121 0.89474 75 3.52632
6890000 23 4.52174 11 95 127 0.73913 76 2.78261
6895000 21 4.85714 12 104 132 0.76190 74 3.09524
6900000 23 4.60870 11 100 135 0.82609 76 2.91304
6905000 20 5.10000 12 98 139 1.00000 80 3.65000
6910000 19 5.42105 11 103 137 0.94737 78 3.84211
6915000 22 4.72727 9 98 136 0.95455 77 3.36364
6920000 19 5.00000 11 119 129 0.94737 74 3.78947
6925000 18 5.16667 9 110 128 0.94444 77 3.94444
6930000 17 5.70588 10 103 131 1.00000 74 4.11765
6935000 20 5.10000 10 107 129 0.90000 74 3.50000
6940000 21 4.80952 10 105 128 0.80952 74 3.33333
6945000 22 4.86364 11 100 130 0.81818 74 3.27273
6950000 18 5.11111 11 105 122 0.88889 77 3.88889
6955000 18 5.22222 11 116 129 0.88889 78 3.94444
6960000 17 5.58824 11 122 123 1.00000 78 4.17647
6965000 22 5.22727 11 119 148 0.95455 78 3.45455
6970000 25 4.76000 10 105 130 0.72000 76 2.96000
6975000 20 5.50000 10 107 142 0.95000 77 3.70000
6980000 19 5.63158 11 110 130 0.84211 76 3.84211
6985000 21 5.28571 11 107 138 0.85714 76 3.61905
6990000 21 5.33333 9 110 141 0.85714 76 3.57143
6995000 20 5.65000 11 111 127 0.90000 76 3.65000
7000000 18 6.33333 13 109 154 0.94444 76 4.00000
7005000 20 5.60000 12 99 139 0.90000 79 3.75000
7010000 18 5.61111 9 98 132 1.00000 77 4.05556
7015000 20 5.20000 10 83 131 0.90000 76 3.70000
7020000 18 6.00000 11 81 134 0.94444 78 4.11111
7025000 15 6.73333 13 89 125 0.93333 74 4.73333
7030000 19 5.31579 11 91 121 0.84211 76 3.89474
7035000 17 5.64706 13 96 121 0.94118 79 4.47059
7040000 17 5.23529 12 100 121 0.94118 78 4.47059
7045000 18 5.33333 11 106 128 0.88889 78 4.00000
7050000 20 4.95000 9 104 126 0.95000 78 3.70000
7055000 19 5.10526 9 102 125 0.94737 78 4.00000
7060000 21 4.90476 10 104 128 0.90476 79 3.61905
7065000 21 4.61905 8 101 118 0.85714 78 3.57143
7070000 18 5.33333 9 104 123 0.88889 77 4.00000
7075000 19 5.36842 10 103 132 0.89474 77 3.89474
7080000 16 5.62500 10 115 125 1.00000 77 4.37500
7085000 21 4.90476 11 110 129 0.80952 77 3.28571
7090000 18 5.50000 11 114 139 0.94444 76 3.72222
7095000 18 5.44444 13 107 126 0.94444 75 3.88889
7100000 19 5.36842 12 99 128 0.89474 75 3.78947
7105000 20 5.20000 12 102 135 0.85000 79 3.50000
7110000 21 4.66667 14 107 116 0.90476 77 3.42857
7115000 19 4.94737 14 109 133 0.89474 78 3.73684
7120000 21 4.57143 13 113 126 0.90476 78 3.42857
7125000 21 4.71429 14 116 126 0.80952 76 3.33333
7130000 18 5.27778 13 119 122 0.83333 74 3.94444
7135000 15 6.20000 13 117 125 0.86667 74 4.46667
7140000 14 6.57143 15 112 129 1.00000 74 4.85714
7145000 21 5.28571 13 103 142 0.90476 78 3.47619
7150000 20 5.30000 12 109 134 0.85000 79 3.65000
7155000 20 5.15000 11 106 131 0.90000 77 3.70000
7160000 15 5.86667 12 114 127 1.00000 77 4.73333
7165000 17 5.05882 10 106 115 0.94118 78 4.17647
7170000 18 5.38889 9 99 130 0.88889 77 4.00000
7175000 17 5.47059 11 100 129 1.00000 78 4.29412
7180000 20 5.25000 13 94 124 1.00000 77 3.75000
7185000 19 5.31579 10 98 140 0.89474 77 3.84211
7190000 17 5.11765 10 114 118 0.94118 75 4.11765
7195000 18 5.61111 13 103 128 0.94444 74 3.88889
7200000 16 6.37500 11 106 138 1.00000 76 4.37500
7205000 19 5.73684 12 101 137 0.89474 80 3.73684
7210000 17 5.58824 11 115 127 0.94118 76 4.11765
7215000 23 4.56522 12 103 130 0.82609 76 3.08696
7220000 23 4.56522 11 109 126 0.78261 73 3.00000
7225000 20 4.70000 10 120 128 0.80000 72 3.45000
7230000 17 5.23529 12 121 125 1.00000 75 4.23529
7235000 23 4.56522 10 105 129 0.91304 79 3.21739
7240000 23 4.26087 10 112 117 0.86957 78 3.21739
7245000 22 4.77273 11 113 130 0.86364 77 3.36364
7250000 23 4.73913 11 109 141 0.91304 79 3.34783
7255000 21 5.14286 14 110 138 0.95238 77 3.42857
7260000 21 5.19048 12 102 131 0.80952 79 3.28571
7265000 16 6.31250 12 105 136 1.00000 77 4.25000
7270000 19 5.26316 11 104 127 0.94737 74 3.57895
7275000 20 5.20000 13 100 142 0.95000 74 3.40000
7280000 16 5.93750 11 106 134 0.93750 74 4.31250
7285000 19 5.47368 11 106 142 1.00000 78 3.78947
7290000 17 6.00000 11 103 137 1.00000 78 4.17647
7295000 20 5.30000 14 91 135 0.90000 77 3.55000
7300000 17 5.58824 15 101 128 0.82353 74 4.00000
7305000 17 5.29412 12 107 118 0.82353 77 4.05882
7310000 17 4.94118 8 107 119 0.82353 76 4.00000
7315000 20 4.70000 8 96 110 0.85000 76 3.50000
7320000 14 6.00000 10 104 121 0.92857 75 4.57143
7325000 18 5.00000 9 96 122 0.94444 74 3.77778
7330000 17 5.17647 10 101 126 1.00000 74 3.76471
7335000 17 4.88235 10 97 117 0.88235 73 3.64706
7340000 17 4.82353 12 90 109 0.88235 72 3.82353
7345000 18 5.11111 11 85 120 0.94444 73 3.72222
7350000 18 4.66667 10 92 103 0.83333 74 3.55556
7355000 15 5.73333 11 98 123 1.00000 75 4.26667
7360000 18 4.88889 10 99 121 1.00000 74 3.72222
7365000 20 4.80000 11 93 128 0.95000 71 3.25000
7370000 18 5.11111 11 91 114 1.00000 74 3.72222
7375000 21 4.57143 11 92 121 0.80952 77 3.09524
7380000 22 4.50000 11 92 124 0.90909 77 3.18182
7385000 20 5.00000 11 100 133 0.95000 79 3.55000
7390000 23 4.56522 13 99 129 0.86957 75 3.08696
7395000 22 4.59091 12 99 130 1.00000 77 3.31818
7400000 18 5.22222 10 95 123 0.94444 74 3.72222
7405000 17 5.11765 9 96 114 1.00000 74 3.88235
7410000 19 4.63158 9 99 114 0.94737 74 3.52632
7415000 20 4.45000 10 101 118 0.90000 74 3.35000
7420000 20 4.50000 10 101 117 0.95000 73 3.35000
7425000 18 4.77778 9 121 126 0.94444 71 3.44444
7430000 25 3.76000 8 105 122 0.84000 77 2.68000
7435000 22 3.90909 8 116 122 0.86364 72 2.90909
7440000 23 3.95652 9 108 113 0.78261 68 2.73913
7445000 21 4.38095 9 113 127 1.00000 74 3.19048
7450000 21 4.42857 10 110 137 0.95238 72 3.14286
7455000 23 4.08696 10 109 128 0.91304 72 2.82609
7460000 22 4.50000 9 123 139 0.86364 72 2.90909
7465000 23 4.26087 10 115 126 0.86957 77 2.86957
7470000 25 3.92000 9 104 130 0.88000 73 2.72000
7475000 20 4.35000 9 113 122 0.95000 73 3.30000
7480000 19 4.52632 8 113 128 1.00000 71 3.47368
7485000 23 4.39130 9 105 130 0.86957 73 2.82609
7490000 23 4.30435 9 111 139 0.86957 73 2.82609
7495000 20 4.90000 10 108 126 0.90000 73 3.30000
7500000 20 5.05000 9 107 138 0.95000 74 3.30000
7505000 18 5.11111 11 111 121 0.94444 73 3.61111
7510000 19 4.89474 12 107 125 0.89474 73 3.47368
7515000 18 4.83333 10 105 126 0.94444 73 3.61111
7520000 19 4.68421 8 99 126 0.89474 72 3.42105
7525000 21 4.42857 9 107 129 1.00000 77 3.28571
7530000 21 4.80952 10 98 131 1.00000 77 3.33333
7535000 17 5.29412 11 96 123 1.00000 76 4.00000
7540000 22 4.27273 9 96 123 0.90909 74 3.13636
7545000 18 4.94444 10 108 124 0.94444 72 3.66667
7550000 21 4.09524 8 107 121 1.00000 76 3.23810
7555000 21 4.38095 9 110 117 0.80952 74 3.28571
7560000 19 4.68421 10 115 121 0.89474 73 3.47368
7565000 21 5.04762 15 98 125 0.90476 75 3.33333
7570000 15 6.53333 16 105 129 1.00000 73 4.53333
7575000 19 4.94737 10 112 125 0.94737 76 3.68421
7580000 19 4.63158 11 125 116 0.94737 74 3.63158
7585000 17 5.47059 14 125 130 0.82353 74 4.00000
7590000 15 5.93333 13 123 128 1.00000 74 4.53333
7595000 21 4.66667 15 106 126 0.90476 74 3.33333
7600000 19 4.84211 16 109 118 0.94737 72 3.63158
7605000 20 4.15000 13 110 118 0.95000 75 3.45000
7610000 20 3.90000 9 104 98 0.85000 70 3.00000
7615000 16 4.25000 10 103 101 1.00000 68 3.93750
7620000 21 3.85714 9 99 108 0.85714 72 3.04762
7625000 21 3.76190 10 107 110 0.95238 74 3.28571
7630000 20 3.80000 9 113 107 0.85000 72 3.15000
7635000 18 4.11111 7 119 111 0.94444 73 3.44444
7640000 18 4.22222 9 115 110 0.88889 69 3.38889
7645000 21 3.85714 10 121 119 0.95238 72 3.00000
7650000 20 4.15000 10 109 106 0.85000 69 3.05000
7655000 15 5.13333 11 115 119 1.00000 71 4.06667
7660000 17 5.11765 13 112 129 0.94118 70 3.47059
7665000 20 4.45000 12 119 130 0.90000 70 3.05000
7670000 20 4.55000 12 111 130 1.00000 74 3.20000
7675000 21 4.33333 10 116 135 0.85714 73 2.85714
7680000 21 4.33333 10 120 119 0.85714 71 2.90476
7685000 18 5.27778 11 115 132 0.94444 72 3.38889
7690000 21 4.85714 12 106 128 0.95238 70 3.04762
7695000 20 4.25000 10 110 121 0.95000 72 3.20000
7700000 21 4.04762 10 107 109 0.85714 73 3.14286
7705000 19 4.21053 10 114 112 1.00000 72 3.42105
7710000 21 4.14286 11 112 124 0.90476 72 3.09524
7715000 17 4.82353 12 125 124 0.94118 73 3.70588
7720000 20 4.30000 11 112 122 0.95000 72 3.35000
7725000 15 5.20000 13 119 117 1.00000 71 4.06667
7730000 25 4.16000 12 96 130 0.84000 72 2.56000
7735000 21 4.47619 13 108 125 0.85714 75 2.95238
7740000 18 4.94444 14 114 131 1.00000 70 3.50000
7745000 18 4.94444 13 106 111 0.88889 72 3.38889
7750000 18 4.88889 13 105 122 0.94444 76 3.55556
7755000 19 4.68421 13 103 126 1.00000 72 3.31579
7760000 21 4.28571 13 105 125 1.00000 75 2.90476
7765000 19 4.47368 11 111 112 0.89474 70 3.15789
7770000 18 4.83333 12 114 122 1.00000 75 3.44444
7775000 23 4.30435 11 104 129 0.86957 71 2.73913
7780000 20 4.80000 11 109 132 0.85000 75 3.10000
7785000 19 4.68421 10 108 114 0.94737 68 3.26316
7790000 21 4.47619 10 102 122 0.76190 72 2.95238
7795000 18 4.88889 9 104 118 0.83333 69 3.38889
7800000 19 4.52632 9 106 124 1.00000 72 3.36842
7805000 23 3.82609 9 100 107 0.82609 71 2.82609
7810000 17 4.35294 10 108 109 1.00000 65 3.41176
7815000 20 4.15000 11 102 117 0.90000 70 3.15000
7820000 20 4.25000 8 104 119 0.90000 75 3.10000
7825000 20 4.05000 7 112 111 0.90000 73 3.05000
7830000 20 4.25000 9 105 123 0.90000 77 3.05000
7835000 23 4.13043 9 103 123 0.95652 74 2.73913
7840000 21 4.38095 9 102 121 0.90476 72 3.00000
7845000 17 5.00000 9 106 121 1.00000 70 3.70588
7850000 19 4.63158 8 106 128 1.00000 71 3.26316
7855000 20 3.90000 8 115 114 0.90000 72 3.00000
7860000 19 4.63158 10 109 121 1.00000 71 3.21053
7865000 23 4.08696 10 95 125 0.91304 70 2.78261
7870000 23 3.82609 9 100 109 0.91304 73 2.86957
7875000 21 4.14286 9 100 108 0.90476 70 2.90476
7880000 19 4.21053 9 106 112 0.94737 73 3.36842
7885000 24 3.91667 9 88 120 0.83333 73 2.62500
7890000 19 4.47368 9 113 123 0.94737 74 3.47368
7895000 19 4.36842 8 112 108 0.84211 73 3.36842
7900000 18 4.61111 9 108 126 1.00000 72 3.55556
7905000 18 4.44444 9 107 114 0.94444 76 3.44444
7910000 21 4.38095 10 91 118 0.85714 70 3.04762
7915000 19 4.63158 10 99 125 0.94737 71 3.15789
7920000 24 4.16667 10 90 125 0.95833 73 2.70833
7925000 21 4.47619 10 84 121 1.00000 73 3.19048
7930000 22 4.04545 9 85 108 0.90909 71 3.00000
7935000 20 4.65000 10 89 117 1.00000 72 3.35000
7940000 19 4.89474 9 96 131 1.00000 76 3.63158
7945000 24 4.25000 9 89 120 0.83333 72 2.91667
7950000 21 4.23810 9 102 129 1.00000 73 3.19048
7955000 20 4.60000 10 110 127 0.95000 75 3.25000
7960000 24 4.33333 9 99 134 0.91667 78 3.00000
7965000 24 4.37500 8 95 128 0.95833 75 2.91667
7970000 22 4.50000 9 96 126 1.00000 74 3.18182
7975000 21 4.52381 9 101 132 0.95238 76 3.33333
7980000 22 4.40909 12 101 123 0.90909 76 3.13636
7985000 23 4.21739 15 95 131 0.95652 75 3.04348
7990000 19 4.78947 12 99 135 0.94737 78 3.78947
7995000 17 5.11765 12 105 123 0.94118 80 4.00000
8000000 19 4.68421 11 97 117 0.94737 78 3.68421
8005000 19 4.47368 10 100 113 0.84211 72 3.36842
8010000 18 4.72222 11 117 122 0.94444 71 3.50000
8015000 17 5.05882 11 118 122 0.88235 70 3.58824
8020000 18 5.44444 13 121 137 0.94444 75 3.55556
8025000 20 5.35000 14 115 139 0.85000 77 3.25000
8030000 21 4.52381 13 109 126 0.90476 77 3.19048
8035000 18 4.55556 13 116 110 0.94444 76 3.72222
8040000 18 4.44444 13 112 115 0.88889 75 3.55556
8045000 20 4.20000 13 113 109 0.85000 70 2.95000
8050000 20 4.10000 12 110 115 1.00000 72 3.05000
8055000 15 4.66667 10 113 120 1.00000 74 3.86667
8060000 20 3.75000 9 104 111 0.85000 71 2.90000
8065000 20 3.60000 8 109 103 0.90000 66 2.85000
8070000 22 3.36364 8 108 104 0.95455 67 2.54545
8075000 23 3.52174 9 105 116 0.82609 71 2.43478
8080000 21 4.04762 9 105 110 0.85714 70 2.71429
8085000 16 4.93750 11 105 114 0.87500 70 3.31250
8090000 21 4.19048 12 102 113 0.90476 67 2.90476
8095000 21 4.33333 9 102 117 0.80952 66 2.71429
8100000 21 4.14286 10 106 118 0.80952 68 2.76190
8105000 23 4.30435 12 103 135 0.86957 73 2.73913
8110000 20 4.55000 11 105 126 0.95000 72 3.10000
8115000 20 4.15000 11 103 107 0.85000 69 2.75000
8120000 19 4.21053 11 115 118 0.89474 69 3.00000
8125000 20 4.55000 13 110 126 1.00000 72 3.00000
8130000 23 4.56522 12 104 148 0.95652 76 2.78261
8135000 23 4.47826 11 98 134 0.91304 78 3.04348
8140000 22 4.68182 11 98 144 0.95455 76 3.00000
8145000 22 4.90909 12 87 137 0.90909 76 3.04545
8150000 23 4.56522 12 93 132 1.00000 77 2.95652
8155000 23 4.30435 10 94 133 0.95652 76 3.00000
8160000 21 4.57143 10 98 121 0.95238 74 3.14286
8165000 20 4.65000 11 105 127 0.95000 76 3.35000
8170000 25 3.68000 11 100 117 0.88000 72 2.60000
8175000 17 5.05882 9 98 117 0.94118 72 3.88235
8180000 16 5.25000 12 96 110 0.93750 68 3.87500
8185000 18 4.83333 11 98 117 0.88889 71 3.55556
8190000 18 4.83333 11 100 121 0.94444 73 3.72222
8195000 15 5.13333 11 117 112 0.93333 70 4.26667
8200000 19 4.52632 11 111 116 0.94737 72 3.42105
8205000 21 4.28571 11 112 118 0.85714 74 3.28571
8210000 18 4.94444 11 110 122 1.00000 73 3.88889
8215000 17 4.82353 10 115 118 0.94118 75 4.00000
8220000 17 4.70588 10 115 117 1.00000 74 4.05882
8225000 18 4.55556 12 116 124 0.88889 72 3.66667
8230000 17 4.88235 10 119 120 0.94118 70 3.76471
8235000 17 4.64706 9 130 122 1.00000 73 3.70588
8240000 22 4.50000 10 115 126 0.86364 75 3.00000
8245000 20 4.80000 11 110 123 0.90000 75 3.30000
8250000 24 4.12500 11 104 129 0.83333 75 2.87500
8255000 25 3.88000 11 96 116 0.88000 77 2.80000
8260000 22 4.00000 12 106 118 0.90909 77 3.18182
8265000 22 4.00000 11 102 114 0.90909 76 3.13636
8270000 19 4.21053 11 111 119 1.00000 76 3.52632
8275000 21 4.00000 11 102 116 0.95238 76 3.23810
8280000 20 4.15000 10 99 110 0.90000 74 3.30000
8285000 21 3.95238 10 102 115 0.95238 72 3.09524
8290000 21 4.14286 12 106 122 0.90476 73 3.09524
8295000 18 4.05556 10 118 110 0.88889 77 3.50000
8300000 26 3.53846 9 94 109 0.84615 75 2.69231
8305000 23 3.47826 9 110 107 1.00000 71 2.91304
8310000 20 4.10000 12 122 126 0.95000 73 3.20000
8315000 21 4.19048 13 116 127 0.95238 73 3.33333
8320000 22 4.04545 12 110 124 0.90909 74 3.04545
8325000 20 4.10000 12 128 133 0.95000 73 3.25000
8330000 21 4.38095 13 116 131 1.00000 72 3.09524
8335000 19 4.73684 12 123 120 0.84211 73 3.42105
8340000 26 4.11538 11 104 137 0.88462 75 2.61538
8345000 20 4.65000 11 121 127 0.85000 76 3.25000
8350000 23 4.21739 10 111 130 0.86957 74 3.00000
8355000 23 4.34783 9 103 128 0.86957 74 2.95652
8360000 19 5.00000 11 109 132 0.94737 74 3.47368
8365000 20 4.70000 11 102 129 0.90000 78 3.45000
8370000 19 4.52632 10 109 128 0.94737 74 3.57895
8375000 16 5.12500 9 115 120 1.00000 76 4.06250
8380000 19 4.31579 10 109 117 0.94737 76 3.52632
8385000 19 3.73684 7 117 104 0.89474 73 3.42105
8390000 12 5.33333 8 122 109 1.00000 73 5.16667
8395000 18 4.27778 8 122 109 0.77778 77 3.50000
8400000 16 5.00000 10 122 113 1.00000 71 4.00000
8405000 17 4.64706 9 110 113 0.94118 74 3.82353
8410000 20 4.60000 8 105 124 0.95000 73 3.35000
8415000 19 4.68421 8 105 117 0.94737 73 3.47368
8420000 17 4.70588 8 104 118 0.88235 71 3.76471
8425000 18 4.66667 9 105 105 0.88889 74 3.55556
8430000 19 4.52632 11 112 112 0.84211 72 3.47368
8435000 19 4.73684 12 103 123 0.94737 75 3.52632
8440000 21 4.42857 11 105 120 0.90476 74 3.19048
8445000 20 4.50000 10 114 113 0.80000 70 3.20000
8450000 19 4.73684 9 118 118 0.89474 72 3.52632
8455000 18 4.88889 10 118 119 0.94444 74 3.72222
8460000 16 5.87500 10 110 125 1.00000 73 4.18750
8465000 17 5.58824 11 105 124 0.94118 73 3.82353
8470000 17 5.58824 10 110 133 0.94118 75 3.88235
8475000 18 5.44444 12 100 131 1.00000 70 3.50000
8480000 22 4.50000 10 91 128 0.90909 73 2.81818
8485000 18 5.11111 10 102 126 1.00000 75 3.50000
8490000 18 5.11111 10 110 125 1.00000 77 3.66667
8495000 16 5.25000 10 113 126 0.93750 76 3.87500
8500000 19 4.94737 10 109 125 0.84211 72 3.42105
8505000 17 5.11765 13 110 126 1.00000 74 3.88235
8510000 22 4.22727 11 98 109 0.81818 69 2.95455
8515000 19 4.47368 10 114 118 0.78947 75 3.26316
8520000 17 4.58824 10 121 117 1.00000 75 3.82353
8525000 24 3.79167 9 110 119 0.95833 77 2.83333
8530000 19 4.15789 11 118 110 0.84211 72 3.26316
8535000 18 4.44444 13 120 116 0.94444 70 3.44444
8540000 20 4.20000 13 121 110 0.95000 70 3.15000
8545000 19 4.52632 10 122 123 0.94737 72 3.26316
8550000 22 4.59091 12 105 126 0.95455 73 3.04545
8555000 23 4.39130 13 108 133 0.95652 74 2.91304
8560000 20 4.80000 12 111 127 0.90000 71 3.20000
8565000 19 5.10526 11 101 120 0.84211 74 3.31579
8570000 16 5.81250 12 100 132 0.93750 70 3.68750
8575000 17 5.35294 11 98 116 0.94118 71 3.70588
8580000 18 4.55556 11 111 116 0.88889 78 3.55556
8585000 20 4.50000 13 107 125 0.90000 78 3.35000
8590000 17 4.88235 12 116 118 0.94118 71 3.70588
8595000 19 4.63158 12 101 124 0.89474 78 3.47368
8600000 21 4.80952 12 102 119 0.90476 72 3.23810
8605000 21 4.66667 11 109 134 0.80952 71 3.09524
8610000 17 5.29412 12 113 127 0.88235 70 3.76471
8615000 19 4.78947 13 106 126 0.89474 72 3.47368
8620000 21 4.28571 11 113 122 0.85714 73 3.09524
8625000 20 4.35000 14 115 119 0.95000 71 3.30000
8630000 18 4.66667 14 123 129 0.88889 73 3.44444
8635000 19 4.63158 13 115 122 0.94737 73 3.15789
8640000 22 4.18182 12 112 126 0.95455 73 2.90909
8645000 22 4.63636 12 115 143 0.95455 75 2.90909
8650000 23 4.52174 12 112 138 0.78261 75 2.69565
8655000 23 4.30435 11 120 132 0.91304 71 2.86957
8660000 23 4.52174 11 114 139 0.91304 74 2.82609
8665000 23 4.52174 12 115 145 0.95652 78 2.91304
8670000 20 5.25000 12 116 146 0.95000 75 3.30000
8675000 25 4.28000 11 112 137 0.92000 79 2.80000
8680000 25 4.56000 14 103 141 0.96000 75 2.76000
8685000 27 4.37037 13 105 144 0.85185 76 2.62963
8690000 20 5.35000 12 107 141 1.00000 77 3.40000
8695000 21 5.00000 13 111 137 0.95238 75 3.19048
8700000 17 6.35294 15 106 139 0.94118 70 3.70588
8705000 23 5.04348 13 99 145 0.82609 78 3.00000
8710000 18 5.72222 13 102 140 1.00000 72 3.44444
8715000 19 4.94737 13 97 127 0.94737 76 3.31579
8720000 18 4.77778 12 110 131 0.94444 75 3.44444
8725000 22 4.09091 12 94 114 0.81818 74 2.90909
8730000 14 5.42857 11 112 117 1.00000 73 4.14286
8735000 18 5.00000 14 98 122 0.94444 71 3.50000
8740000 18 4.94444 14 103 120 1.00000 75 3.50000
8745000 19 4.57895 14 109 121 1.00000 71 3.36842
8750000 21 4.61905 13 95 127 0.90476 74 3.09524
8755000 19 5.21053 16 98 124 0.89474 71 3.31579
8760000 16 6.06250 15 106 131 0.87500 71 3.87500
8765000 16 5.75000 13 99 124 0.93750 73 4.00000
8770000 15 5.73333 12 101 119 0.93333 75 4.26667
8775000 17 5.52941 10 99 122 0.76471 73 3.64706
8780000 15 5.86667 11 111 129 1.00000 74 4.20000
8785000 16 6.18750 12 110 137 0.93750 73 4.18750
8790000 14 6.64286 14 110 125 0.92857 72 4.57143
8795000 16 5.81250 13 107 119 0.81250 70 3.93750
8800000 17 5.76471 13 96 129 0.94118 71 3.88235
8805000 15 6.13333 11 107 131 1.00000 73 4.46667
8810000 17 5.47059 12 106 128 1.00000 73 4.00000
8815000 18 5.16667 11 110 130 0.83333 72 3.77778
8820000 19 5.21053 10 100 122 0.84211 70 3.47368
8825000 14 6.14286 11 119 119 1.00000 74 4.64286
8830000 20 5.15000 11 100 127 0.75000 71 3.30000
8835000 17 5.41176 11 111 126 0.82353 69 3.88235
8840000 15 6.06667 12 113 115 0.80000 68 4.26667
8845000 14 6.28571 11 124 125 0.78571 71 4.50000
8850000 20 5.10000 13 121 126 0.85000 72 3.35000
8855000 20 5.25000 14 121 147 0.95000 77 3.60000
8860000 14 6.64286 13 121 129 1.00000 76 4.85714
8865000 20 4.95000 10 106 122 0.95000 76 3.55000
8870000 19 5.21053 10 104 125 0.89474 74 3.57895
8875000 18 5.50000 10 110 126 0.88889 76 3.77778
8880000 21 5.04762 12 107 137 0.95238 77 3.33333
8885000 17 5.76471 13 114 136 1.00000 78 4.11765
8890000 18 5.11111 11 106 125 0.94444 74 3.72222
8895000 17 5.35294 11 106 127 1.00000 73 3.94118
8900000 18 5.22222 11 95 126 0.88889 73 3.55556
8905000 17 5.00000 9 110 118 0.82353 71 3.70588
8910000 14 5.42857 10 125 114 0.85714 68 4.28571
8915000 17 4.88235 10 122 117 0.82353 71 3.64706
8920000 15 5.06667 10 122 116 0.86667 72 4.06667
8925000 20 4.20000 9 119 123 0.85000 72 3.20000
8930000 16 4.87500 10 120 114 1.00000 72 3.75000
8935000 17 4.64706 10 116 121 0.94118 73 3.76471
8940000 23 4.13043 10 98 121 0.95652 75 3.00000
8945000 19 4.94737 11 110 119 0.89474 73 3.47368
8950000 21 4.61905 11 121 139 0.95238 74 3.28571
8955000 17 5.29412 12 128 121 0.94118 75 4.00000
8960000 18 4.55556 10 122 123 0.88889 76 3.72222
8965000 20 4.45000 10 109 123 0.95000 77 3.50000
8970000 17 5.00000 10 113 125 1.00000 76 4.05882
8975000 22 4.77273 10 97 126 0.95455 78 3.27273
8980000 21 4.71429 11 106 127 0.85714 78 3.28571
8985000 23 4.30435 10 98 120 0.91304 78 3.17391
8990000 21 4.47619 11 101 127 0.95238 81 3.52381
8995000 22 4.63636 11 94 134 1.00000 78 3.31818
9000000 20 5.05000 13 99 134 0.95000 77 3.60000
9005000 19 5.05263 13 100 126 0.94737 77 3.57895
9010000 19 4.68421 11 102 119 0.94737 78 3.78947
9015000 23 4.34783 14 87 123 0.91304 78 3.17391
9020000 20 4.80000 13 100 128 0.90000 78 3.60000
9025000 20 4.60000 12 99 125 0.85000 75 3.45000
9030000 18 5.11111 14 99 116 0.88889 70 3.55556
9035000 19 4.78947 13 90 113 0.94737 70 3.42105
9040000 18 4.72222 12 88 106 1.00000 72 3.83333
9045000 21 4.66667 14 81 114 0.90476 75 3.33333
9050000 20 4.30000 13 92 108 0.85000 77 3.25000
9055000 21 4.57143 13 97 121 0.90476 76 3.28571
9060000 21 4.28571 11 104 119 0.80952 75 3.19048
9065000 19 4.57895 11 106 121 0.94737 73 3.36842
9070000 20 4.60000 13 98 131 0.85000 73 3.25000
9075000 23 4.34783 15 100 125 0.86957 73 2.69565
9080000 17 5.17647 13 118 131 1.00000 70 3.64706
9085000 20 4.95000 11 103 136 1.00000 72 3.20000
9090000 18 5.44444 11 107 139 1.00000 74 3.66667
9095000 20 4.70000 11 116 125 0.90000 74 3.35000
9100000 20 5.05000 11 112 132 0.85000 77 3.40000
9105000 16 6.43750 12 100 132 1.00000 76 4.25000
9110000 20 5.45000 12 92 135 0.85000 75 3.50000
9115000 15 6.53333 12 101 140 1.00000 77 4.53333
9120000 17 6.00000 14 96 144 0.94118 78 4.11765
9125000 16 6.56250 12 103 131 0.93750 72 4.31250
9130000 18 5.61111 11 103 138 0.94444 73 3.83333
9135000 20 5.70000 12 93 140 0.95000 75 3.60000
9140000 16 6.18750 10 104 131 1.00000 75 4.37500
9145000 16 5.81250 9 101 125 0.87500 72 4.31250
9150000 16 5.75000 10 102 118 0.87500 74 4.18750
9155000 18 5.27778 11 105 128 0.88889 72 3.83333
9160000 16 5.81250 9 101 127 1.00000 74 4.37500
9165000 17 5.82353 10 99 133 1.00000 76 4.17647
9170000 17 5.29412 10 106 124 1.00000 77 4.17647
9175000 25 4.20000 9 99 133 0.88000 78 2.96000
9180000 20 5.20000 9 112 128 0.90000 78 3.45000
9185000 22 4.72727 10 109 132 0.90909 80 3.27273
9190000 21 4.80952 10 104 123 0.90476 76 3.42857
9195000 20 4.85000 9 112 126 0.80000 77 3.65000
9200000 21 4.61905 9 102 128 0.90476 78 3.47619
9205000 22 4.45455 9 116 128 0.90909 74 3.18182
9210000 20 4.35000 10 126 121 0.90000 75 3.50000
9215000 24 3.87500 11 108 112 0.79167 77 2.95833
9220000 20 4.70000 10 110 129 1.00000 77 3.65000
9225000 19 5.26316 10 108 131 0.94737 76 3.68421
9230000 20 4.65000 10 112 127 0.95000 76 3.60000
9235000 22 4.31818 10 109 128 0.95455 76 3.22727
9240000 19 5.05263 9 108 121 0.89474 76 3.68421
9245000 16 5.37500 9 117 134 1.00000 76 4.37500
9250000 19 5.05263 9 108 122 0.89474 77 3.73684
9255000 21 5.04762 10 106 140 0.85714 78 3.42857
9260000 23 4.86957 10 99 132 0.78261 74 3.00000
9265000 22 4.95455 10 98 143 0.90909 77 3.18182
9270000 20 5.05000 10 104 128 0.90000 72 3.40000
9275000 21 4.52381 9 104 127 0.85714 73 3.19048
9280000 20 4.65000 8 102 122 0.85000 70 3.30000
9285000 18 4.33333 8 104 110 1.00000 70 3.66667
9290000 20 4.25000 8 97 113 0.90000 70 3.30000
9295000 22 4.04545 8 104 117 0.95455 72 3.09091
9300000 21 3.61905 7 116 115 0.95238 72 3.14286
9305000 22 3.77273 16 111 108 0.81818 72 2.95455
9310000 20 3.80000 8 121 112 0.85000 70 3.05000
9315000 21 4.19048 8 113 117 0.90476 70 2.95238
9320000 25 3.96000 11 106 136 0.96000 72 2.72000
9325000 20 4.15000 9 110 112 1.00000 75 3.25000
9330000 21 4.14286 9 104 121 0.85714 72 3.00000
9335000 21 4.00000 8 105 115 0.90476 72 3.04762
9340000 18 4.50000 9 102 117 1.00000 70 3.50000
9345000 21 4.14286 10 107 122 0.90476 74 3.00000
9350000 22 4.22727 11 102 120 0.86364 73 2.90909
9355000 22 4.50000 10 102 134 0.86364 75 3.00000
9360000 21 4.42857 11 106 126 0.90476 77 3.14286
9365000 18 5.22222 11 108 137 0.88889 71 3.38889
9370000 21 5.14286 11 107 133 0.95238 69 3.04762
9375000 22 4.77273 12 101 139 0.95455 73 3.04545
9380000 20 5.20000 11 100 131 1.00000 74 3.40000
9385000 23 4.52174 12 107 144 0.91304 76 3.13043
9390000 18 5.38889 11 117 135 0.94444 78 3.61111
9395000 22 4.81818 11 100 129 0.90909 77 3.18182
9400000 19 4.84211 9 112 132 1.00000 78 3.63158
9405000 20 5.15000 10 103 137 0.95000 77 3.50000
9410000 18 5.61111 13 101 136 0.94444 75 3.72222
9415000 23 4.69565 13 104 135 0.91304 74 3.00000
9420000 19 5.26316 14 115 138 0.94737 75 3.57895
9425000 21 4.80952 13 119 133 0.95238 72 3.23810
9430000 22 4.50000 13 120 126 0.81818 72 2.81818
9435000 23 4.43478 12 115 126 0.78261 74 2.69565
9440000 21 4.76190 12 115 135 0.90476 73 3.04762
9445000 21 4.85714 10 114 134 0.85714 72 2.95238
9450000 19 5.15789 12 114 120 0.89474 73 3.42105
9455000 15 5.46667 13 130 127 0.93333 74 4.13333
9460000 18 4.83333 11 128 120 0.83333 74 3.61111
9465000 19 4.57895 12 129 124 0.89474 73 3.26316
9470000 21 4.47619 11 126 131 0.90476 72 3.00000
9475000 19 4.73684 10 119 121 0.89474 70 3.31579
9480000 18 4.77778 10 125 123 0.77778 71 3.44444
9485000 17 5.11765 11 124 123 0.76471 71 3.52941
9490000 14 5.78571 12 133 130 1.00000 69 4.14286
9495000 20 5.15000 12 117 141 0.95000 72 3.25000
9500000 23 4.86957 13 104 137 0.86957 71 2.95652
9505000 21 4.95238 14 115 128 0.85714 69 3.09524
9510000 19 5.63158 14 115 140 0.84211 71 3.36842
9515000 17 5.76471 14 121 135 0.94118 75 3.76471
9520000 15 5.86667 13 127 134 0.93333 75 4.20000
9525000 18 5.61111 13 117 134 0.83333 71 3.55556
9530000 15 6.33333 15 122 142 0.93333 73 4.33333
9535000 17 5.52941 15 122 130 0.88235 72 3.76471
9540000 18 5.27778 15 115 139 0.88889 73 3.55556
9545000 18 4.88889 13 109 122 0.88889 73 3.50000
9550000 14 5.57143 11 108 129 1.00000 75 4.28571
9555000 18 4.88889 11 109 121 1.00000 75 3.61111
9560000 22 4.18182 10 104 116 0.81818 76 2.95455
9565000 20 4.30000 10 114 117 0.90000 76 3.15000
9570000 18 4.72222 9 113 127 0.88889 77 3.44444
9575000 16 5.25000 14 119 128 0.93750 73 3.93750
9580000 16 4.87500 13 115 113 0.93750 73 3.93750
9585000 17 4.82353 15 109 118 1.00000 71 3.82353
9590000 18 4.61111 17 108 117 0.83333 73 3.55556
9595000 16 4.75000 15 106 102 0.68750 75 3.62500
9600000 16 4.56250 16 108 108 1.00000 69 3.81250
9605000 17 4.35294 17 115 106 0.82353 71 3.35294
9610000 17 4.58824 16 116 119 0.88235 69 3.47059
9615000 18 4.72222 15 115 127 0.88889 72 3.33333
9620000 18 4.38889 16 111 110 0.88889 65 3.22222
9625000 11 6.00000 16 128 104 0.90909 67 4.90909
9630000 17 4.35294 14 122 111 0.88235 69 3.23529
9635000 16 4.56250 13 122 122 1.00000 75 4.00000
9640000 19 4.47368 17 106 115 0.84211 72 3.36842
9645000 19 3.89474 14 108 103 0.84211 72 3.31579
9650000 13 4.61538 14 117 112 1.00000 70 4.30769
9655000 24 3.62500 13 97 110 0.83333 71 2.58333
9660000 20 4.00000 13 113 114 0.95000 68 3.10000
9665000 17 4.11765 12 123 107 1.00000 74 3.58824
9670000 20 3.60000 12 119 113 0.80000 72 3.00000
9675000 24 3.62500 10 102 116 0.91667 73 2.70833
9680000 24 3.58333 9 108 120 0.91667 69 2.66667
9685000 21 3.71429 9 105 110 0.90476 70 2.85714
9690000 18 4.22222 11 110 105 1.00000 69 3.33333
9695000 17 4.52941 10 111 118 0.88235 67 3.17647
9700000 15 5.06667 9 108 111 0.93333 68 3.80000
9705000 22 3.90909 8 97 113 0.81818 71 2.81818
9710000 19 3.78947 8 112 104 0.84211 67 3.05263
9715000 23 3.56522 8 97 110 0.82609 71 2.56522
9720000 17 3.94118 8 121 109 0.94118 71 3.29412
9725000 21 3.52381 8 112 105 0.71429 68 2.47619
9730000 23 3.39130 9 115 108 0.86957 65 2.43478
9735000 22 3.63636 9 121 118 0.90909 68 2.54545
9740000 23 3.56522 9 108 117 0.95652 74 2.52174
9745000 23 3.56522 10 119 120 0.95652 72 2.60870
9750000 23 3.65217 11 117 117 0.82609 69 2.52174
9755000 20 3.70000 10 120 108 0.90000 66 2.70000
9760000 21 3.57143 9 120 112 0.95238 68 2.80952
9765000 21 3.38095 8 129 117 0.85714 70 2.71429
9770000 25 3.20000 8 117 120 0.96000 72 2.36000
9775000 18 4.22222 10 119 124 1.00000 72 3.16667
9780000 17 4.17647 10 130 120 1.00000 71 3.29412
9785000 21 3.61905 11 125 119 0.95238 75 2.80952
9790000 26 3.50000 10 110 121 0.92308 73 2.50000
9795000 22 4.18182 10 110 130 0.90909 72 2.68182
9800000 25 3.80000 10 110 140 0.92000 71 2.48000
9805000 30 3.73333 11 104 137 0.83333 79 2.26667
9810000 28 4.00000 11 104 144 0.89286 75 2.42857
9815000 26 4.26923 11 104 140 0.96154 74 2.65385
9820000 25 4.32000 10 101 128 0.92000 74 2.64000
9825000 22 4.50000 9 109 130 0.95455 73 2.95455
9830000 23 4.30435 9 104 140 0.95652 76 2.86957
9835000 26 4.15385 11 92 130 0.88462 77 2.65385
9840000 22 4.13636 11 112 123 1.00000 78 3.27273
9845000 26 4.03846 10 102 127 0.88462 78 2.69231
9850000 21 4.33333 11 116 129 0.90476 76 3.23810
9855000 19 4.21053 8 118 115 1.00000 74 3.36842
9860000 21 3.95238 7 123 111 0.85714 71 3.00000
9865000 22 3.90909 7 119 121 0.90909 74 2.90909
9870000 19 4.52632 9 127 128 0.94737 72 3.26316
9875000 24 4.00000 12 116 126 0.75000 74 2.58333
9880000 22 4.31818 15 116 123 0.95455 75 3.09091
9885000 24 4.33333 14 106 134 0.95833 76 3.00000
9890000 19 5.00000 15 112 133 0.94737 77 3.42105
9895000 23 4.39130 15 103 128 0.86957 77 2.95652
9900000 21 4.66667 16 99 123 0.85714 72 3.23810
9905000 24 4.33333 16 89 122 0.87500 72 2.87500
9910000 24 4.54167 17 89 124 0.79167 74 2.91667
9915000 24 4.45833 17 95 128 0.91667 74 2.83333
9920000 25 4.32000 17 94 127 0.88000 74 2.80000
9925000 21 4.61905 17 111 125 0.95238 74 3.23810
9930000 23 4.30435 17 107 121 0.86957 74 2.91304
9935000 20 4.75000 17 107 125 0.85000 72 3.30000
9940000 20 4.95000 17 95 132 0.95000 75 3.40000
9945000 23 4.56522 16 90 131 1.00000 76 3.08696
9950000 22 4.86364 17 85 135 0.95455 76 3.22727
9955000 21 5.04762 15 92 129 1.00000 75 3.38095
9960000 19 5.15789 15 97 135 1.00000 74 3.63158
9965000 19 5.47368 16 87 130 1.00000 76 3.68421
9970000 20 5.35000 16 79 131 0.90000 78 3.50000
9975000 21 5.04762 14 91 134 0.95238 79 3.38095
9980000 17 5.82353 15 109 139 1.00000 77 4.00000
9985000 23 4.86957 16 91 143 0.86957 76 2.95652
9990000 17 6.00000 14 95 131 0.88235 77 3.94118
9995000 19 5.52632 15 96 127 0.89474 71 3.52632
10000000 23 4.65217 14 92 130 0.91304 73 3.00000
