# V2 - Timesteps, No of clusters, Mean cluster size, Size largest cluster, No clusters size 1, No prot bound to poly, Fraction clusters bound to poly, No type 2 poly bound to prot, Mean no type 2 in prot cluster
0 17 2.11765 3 213 84 0.41176 4 0.05882
5000 42 2.88095 7 117 144 0.76190 54 0.64286
10000 39 3.64103 8 100 176 0.92308 61 1.12821
15000 40 4.10000 15 72 182 0.90000 65 1.25000
20000 40 4.45000 14 68 188 0.95000 65 1.47500
25000 40 4.67500 14 66 205 0.92500 65 1.52500
30000 39 4.71795 12 62 207 0.94872 70 1.61538
35000 37 5.45946 13 58 215 0.94595 70 1.75676
40000 38 5.26316 13 54 209 0.89474 69 1.63158
45000 40 5.40000 13 46 219 0.92500 70 1.62500
50000 37 5.70270 19 52 224 0.97297 74 1.86486
55000 39 5.46154 18 49 223 0.89744 73 1.74359
60000 36 5.61111 18 51 207 0.91667 73 1.94444
65000 33 6.06061 16 49 212 0.96970 75 2.12121
70000 33 6.21212 15 54 213 0.96970 77 2.18182
75000 31 6.41935 15 57 204 0.96774 76 2.29032
80000 33 6.24242 14 55 219 0.96970 74 2.12121
85000 32 6.40625 15 52 213 0.93750 74 2.21875
90000 28 6.75000 18 51 201 1.00000 70 2.46429
95000 30 6.30000 16 48 194 0.93333 71 2.33333
100000 30 6.70000 16 53 214 0.93333 75 2.30000
105000 28 7.28571 19 48 212 0.92857 76 2.50000
110000 27 6.88889 18 53 198 0.96296 74 2.59259
115000 29 6.72414 16 49 201 0.96552 75 2.58621
120000 28 6.85714 16 58 195 0.92857 77 2.64286
125000 27 6.74074 14 62 196 0.96296 75 2.74074
130000 29 6.58621 17 54 197 0.86207 75 2.55172
135000 30 6.36667 17 56 196 0.93333 76 2.46667
140000 29 6.86207 17 56 214 0.96552 76 2.55172
145000 27 7.29630 20 54 208 0.92593 78 2.70370
150000 27 7.44444 20 59 215 0.96296 78 2.74074
155000 33 6.45455 19 56 213 0.84848 76 2.24242
160000 28 7.32143 20 62 219 1.00000 76 2.67857
165000 33 6.78788 20 56 229 0.81818 77 2.27273
170000 29 7.31034 20 64 225 0.96552 78 2.68966
175000 30 7.33333 18 55 221 0.90000 77 2.53333
180000 28 7.78571 17 59 232 1.00000 77 2.71429
185000 25 8.80000 19 59 237 0.92000 78 3.08000
190000 25 8.76000 20 63 229 0.92000 79 3.08000
195000 27 8.51852 19 67 243 0.92593 77 2.81481
200000 28 8.46429 21 49 240 0.85714 76 2.71429
205000 29 8.10345 22 47 239 0.86207 76 2.62069
210000 26 8.23077 21 43 219 0.92308 78 2.96154
215000 26 7.84615 19 43 211 0.92308 76 2.92308
220000 27 7.25926 19 42 205 0.96296 76 2.81481
225000 26 7.38462 22 46 194 0.92308 75 2.84615
230000 27 7.22222 22 52 201 0.85185 77 2.81481
235000 23 8.17391 27 69 201 1.00000 76 3.26087
240000 24 7.95833 27 62 200 0.95833 75 3.08333
245000 26 7.30769 29 53 200 0.92308 73 2.76923
250000 24 7.75000 25 64 201 0.95833 75 3.08333
255000 25 7.64000 25 68 197 0.92000 76 2.96000
260000 26 7.15385 24 58 190 0.92308 76 2.92308
265000 27 7.00000 24 62 198 0.92593 78 2.85185
270000 21 8.00000 25 68 190 1.00000 77 3.42857
275000 27 6.22222 25 67 185 0.92593 77 2.85185
280000 30 5.83333 22 55 177 0.83333 75 2.36667
285000 27 6.44444 22 67 186 0.88889 76 2.77778
290000 29 6.24138 24 69 184 0.82759 78 2.62069
295000 26 6.76923 22 73 193 0.88462 78 3.00000
300000 28 6.32143 22 65 189 0.92857 78 2.78571
305000 26 6.84615 20 61 195 0.80769 78 2.92308
310000 26 6.69231 18 72 193 0.96154 75 2.84615
315000 28 6.10714 18 69 185 0.92857 75 2.64286
320000 24 7.58333 17 62 199 0.95833 76 3.16667
325000 24 7.62500 20 57 190 0.95833 75 3.04167
330000 26 7.03846 21 68 200 0.88462 75 2.76923
335000 24 7.66667 23 71 199 0.87500 74 3.04167
340000 22 8.04545 22 72 198 0.95455 74 3.36364
345000 28 6.71429 24 59 198 0.89286 78 2.60714
350000 27 6.92593 23 56 188 0.88889 77 2.77778
355000 25 7.44000 24 51 189 0.84000 76 2.96000
360000 24 7.41667 22 63 187 0.91667 73 3.04167
365000 29 6.41379 18 61 190 0.75862 77 2.55172
370000 28 6.50000 19 70 190 0.82143 78 2.67857
375000 29 6.31034 16 68 196 0.86207 76 2.51724
380000 29 6.37931 20 70 195 0.93103 75 2.55172
385000 32 5.78125 19 70 193 0.87500 75 2.31250
390000 30 6.36667 20 67 199 0.83333 76 2.46667
395000 31 6.00000 16 71 188 0.90323 77 2.45161
400000 35 5.60000 15 53 189 0.77143 75 2.11429
405000 31 5.80645 14 63 186 0.93548 73 2.35484
410000 34 5.50000 15 59 184 0.82353 74 2.17647
415000 32 5.71875 17 67 201 0.93750 76 2.31250
420000 31 5.93548 20 61 195 0.83871 77 2.38710
425000 30 6.56667 25 59 204 0.86667 77 2.50000
430000 31 6.45161 24 54 204 0.90323 77 2.48387
435000 31 6.12903 20 67 199 0.87097 76 2.38710
440000 33 6.03030 19 53 196 0.90909 75 2.18182
445000 29 6.44828 19 60 192 0.93103 77 2.48276
450000 27 6.62963 18 61 195 0.96296 75 2.62963
455000 30 6.10000 18 61 191 0.93333 74 2.40000
460000 27 6.55556 18 59 187 0.92593 75 2.62963
465000 33 5.93939 18 50 196 0.90909 78 2.27273
470000 29 6.24138 17 69 192 0.93103 75 2.51724
475000 30 6.36667 17 55 205 0.90000 75 2.36667
480000 30 6.43333 14 54 199 0.93333 75 2.50000
485000 28 6.85714 15 58 210 0.96429 76 2.67857
490000 31 6.35484 15 56 210 0.93548 75 2.41935
495000 25 7.28000 17 69 205 1.00000 74 2.96000
500000 28 6.92857 19 54 202 0.89286 74 2.60714
505000 27 7.07407 15 59 206 0.92593 73 2.70370
510000 25 7.28000 18 65 204 0.96000 73 2.80000
515000 33 5.90909 18 63 203 0.87879 75 2.18182
520000 26 6.69231 17 77 183 1.00000 74 2.73077
525000 29 6.41379 18 63 191 0.89655 75 2.55172
530000 29 6.00000 19 59 178 0.89655 76 2.48276
535000 29 5.72414 15 61 171 0.93103 76 2.41379
540000 31 5.45161 16 63 177 0.87097 76 2.29032
545000 35 5.34286 15 58 187 0.88571 78 2.14286
550000 31 5.67742 14 66 177 0.83871 78 2.45161
555000 26 6.46154 20 82 182 0.96154 76 2.84615
560000 30 6.23333 20 68 193 0.93333 77 2.43333
565000 29 6.34483 21 63 192 0.89655 76 2.51724
570000 30 6.60000 23 54 197 0.86667 78 2.50000
575000 27 7.14815 22 57 207 0.92593 78 2.81481
580000 28 6.60714 22 58 199 0.92857 76 2.71429
585000 29 6.62069 19 58 200 0.89655 78 2.65517
590000 29 6.51724 18 62 194 0.89655 77 2.62069
595000 30 6.53333 17 56 193 0.80000 76 2.50000
600000 31 6.22581 17 61 198 0.87097 77 2.45161
605000 29 6.41379 18 60 191 0.86207 80 2.65517
610000 31 6.00000 17 61 183 0.80645 78 2.45161
615000 31 5.74194 15 72 186 0.83871 78 2.45161
620000 30 5.73333 13 75 185 0.83333 76 2.50000
625000 29 6.03448 13 75 192 0.89655 75 2.55172
630000 29 6.41379 12 75 197 0.93103 75 2.58621
635000 29 6.51724 14 59 198 0.96552 77 2.62069
640000 26 6.96154 15 66 184 0.88462 76 2.88462
645000 27 6.59259 16 59 185 0.92593 76 2.77778
650000 27 6.70370 17 65 183 0.85185 77 2.85185
655000 26 7.19231 18 64 194 0.96154 77 2.92308
660000 26 7.19231 16 70 190 0.96154 77 2.96154
665000 26 7.19231 16 66 193 0.92308 75 2.88462
670000 28 6.85714 17 60 197 0.89286 75 2.64286
675000 26 7.26923 15 62 203 0.96154 76 2.73077
680000 27 7.40741 14 52 212 0.96296 73 2.66667
685000 29 7.00000 15 45 204 0.89655 73 2.44828
690000 24 8.04167 29 65 217 1.00000 74 2.95833
695000 28 7.00000 25 56 197 0.85714 74 2.39286
700000 26 7.38462 24 64 200 0.88462 73 2.69231
705000 29 6.55172 23 65 205 0.89655 75 2.51724
710000 24 7.75000 21 66 203 0.91667 76 3.00000
715000 26 7.00000 18 60 194 1.00000 75 2.80769
720000 25 6.88000 17 66 187 1.00000 76 3.00000
725000 24 7.54167 17 62 189 0.95833 76 3.12500
730000 28 6.39286 17 56 193 0.92857 77 2.71429
735000 30 5.93333 17 70 190 0.93333 77 2.50000
740000 30 6.06667 16 69 188 0.90000 76 2.50000
745000 34 5.91176 16 61 206 0.88235 76 2.20588
750000 36 5.66667 16 58 202 0.80556 78 2.16667
755000 33 5.84848 14 64 196 0.81818 77 2.30303
760000 32 5.84375 13 68 188 0.84375 75 2.31250
765000 31 5.90323 16 82 193 0.87097 76 2.45161
770000 29 6.17241 14 82 196 0.93103 74 2.55172
775000 30 6.16667 14 80 196 0.83333 74 2.36667
780000 27 6.85185 16 75 199 0.88889 74 2.59259
785000 24 7.70833 20 69 199 0.95833 75 3.08333
790000 27 7.22222 20 67 211 0.96296 75 2.77778
795000 32 6.53125 23 64 212 0.87500 76 2.31250
800000 32 6.84375 22 52 220 0.84375 77 2.31250
805000 29 7.17241 21 60 211 0.93103 75 2.55172
810000 25 7.92000 22 63 213 0.96000 76 2.92000
815000 26 7.46154 20 68 211 0.88462 74 2.73077
820000 22 8.68182 20 66 218 0.95455 77 3.13636
825000 24 8.20833 24 64 212 0.95833 78 3.04167
830000 25 7.80000 23 63 206 0.92000 76 2.84000
835000 28 7.35714 22 56 196 0.85714 75 2.57143
840000 24 8.25000 21 64 197 0.87500 73 2.95833
845000 27 7.00000 20 64 199 0.81481 74 2.59259
850000 27 6.88889 22 72 198 0.85185 74 2.66667
855000 28 7.03571 26 69 208 0.96429 74 2.64286
860000 29 7.34483 25 63 215 0.93103 76 2.55172
865000 27 7.74074 22 69 219 0.96296 76 2.74074
870000 25 7.96000 21 64 212 0.96000 75 2.96000
875000 27 7.74074 20 51 212 0.88889 77 2.77778
880000 24 8.29167 20 54 214 0.95833 79 3.25000
885000 26 7.73077 19 52 213 0.96154 76 2.92308
890000 26 7.73077 20 49 204 0.92308 77 2.92308
895000 27 7.11111 21 50 197 0.92593 79 2.77778
900000 28 7.00000 21 45 207 0.96429 77 2.67857
905000 30 6.53333 26 45 201 0.90000 79 2.56667
910000 28 6.89286 34 46 199 0.92857 79 2.75000
915000 25 7.44000 31 55 204 0.92000 79 3.08000
920000 22 8.40909 29 67 205 1.00000 78 3.45455
925000 24 7.95833 30 59 203 0.87500 77 3.16667
930000 22 8.31818 31 67 202 1.00000 77 3.45455
935000 29 6.96552 34 55 208 0.89655 77 2.65517
940000 25 7.56000 30 59 208 0.92000 79 3.12000
945000 25 7.28000 27 68 195 0.96000 79 3.08000
950000 26 7.15385 26 72 203 0.88462 80 3.07692
955000 25 7.48000 26 67 203 0.92000 80 3.12000
960000 23 8.30435 29 68 220 1.00000 79 3.34783
965000 25 8.04000 34 68 218 0.92000 75 3.00000
970000 24 8.25000 35 68 211 0.95833 75 3.12500
975000 23 8.56522 32 61 215 0.95652 77 3.26087
980000 24 7.79167 28 57 192 0.95833 77 3.08333
985000 28 6.57143 24 56 189 0.89286 75 2.64286
990000 27 7.03704 24 55 203 0.85185 74 2.70370
995000 26 6.76923 18 56 186 0.84615 73 2.76923
1000000 25 7.20000 21 66 189 0.88000 72 2.80000
1005000 26 7.03846 23 67 201 0.84615 74 2.69231
1010000 31 6.67742 25 52 208 0.83871 73 2.29032
1015000 24 8.04167 24 61 200 0.91667 75 3.00000
1020000 26 7.57692 24 54 208 0.88462 76 2.84615
1025000 23 8.26087 29 60 210 0.91304 73 3.13043
1030000 24 8.00000 28 63 211 0.95833 74 3.00000
1035000 23 8.30435 27 63 207 0.95652 75 3.13043
1040000 24 8.16667 26 52 202 0.95833 75 3.08333
1045000 25 7.84000 26 56 206 0.96000 76 3.00000
1050000 26 7.23077 24 55 206 0.96154 76 2.88462
1055000 28 7.17857 28 50 214 0.89286 74 2.60714
1060000 24 7.91667 28 50 199 0.95833 75 3.12500
1065000 27 7.00000 30 53 194 0.85185 75 2.70370
1070000 23 7.60870 28 63 187 0.91304 78 3.21739
1075000 23 7.52174 25 61 184 0.95652 77 3.21739
1080000 26 6.84615 23 60 190 0.88462 77 2.84615
1085000 26 6.92308 22 62 195 0.84615 76 2.84615
1090000 28 6.82143 25 65 201 0.96429 75 2.67857
1095000 26 7.57692 26 60 210 0.96154 75 2.80769
1100000 26 7.42308 26 59 206 0.92308 74 2.76923
1105000 28 7.10714 26 55 205 0.78571 74 2.53571
1110000 27 7.48148 26 59 211 0.88889 73 2.62963
1115000 25 7.64000 30 61 206 0.96000 75 2.88000
1120000 23 8.00000 26 63 206 1.00000 76 3.21739
1125000 28 6.75000 23 61 203 0.92857 78 2.67857
1130000 22 8.59091 25 56 204 1.00000 77 3.40909
1135000 25 7.76000 24 60 213 0.88000 79 3.00000
1140000 23 8.78261 27 56 216 0.95652 77 3.30435
1145000 26 7.88462 26 52 208 0.88462 77 2.88462
1150000 29 7.24138 28 52 209 0.82759 78 2.68966
1155000 26 7.69231 25 45 206 0.92308 79 2.96154
1160000 21 8.66667 21 53 197 0.95238 78 3.61905
1165000 23 8.43478 24 52 204 0.95652 78 3.30435
1170000 24 7.95833 22 55 197 0.87500 75 3.12500
1175000 25 7.72000 22 62 201 0.84000 73 2.92000
1180000 26 7.42308 21 57 190 0.80769 74 2.80769
1185000 25 7.48000 20 59 190 0.88000 74 2.88000
1190000 26 7.23077 20 61 205 0.88462 72 2.65385
1195000 26 7.15385 19 68 188 0.84615 72 2.69231
1200000 24 7.83333 18 63 203 0.87500 73 2.91667
1205000 24 7.50000 18 64 196 0.95833 73 2.91667
1210000 25 7.20000 20 67 194 0.88000 77 3.04000
1215000 26 7.00000 21 64 189 0.88462 75 2.84615
1220000 25 7.08000 20 70 196 0.88000 74 2.92000
1225000 21 8.61905 21 75 205 1.00000 77 3.47619
1230000 29 6.89655 22 57 199 0.93103 79 2.62069
1235000 26 7.46154 22 58 201 0.92308 76 2.84615
1240000 25 7.80000 23 60 206 0.92000 75 2.92000
1245000 27 7.40741 22 69 215 0.96296 75 2.74074
1250000 30 7.23333 22 55 223 0.90000 76 2.53333
1255000 25 8.32000 32 62 225 0.96000 76 3.00000
1260000 25 7.96000 20 57 212 1.00000 77 2.96000
1265000 24 8.37500 20 61 213 1.00000 75 3.08333
1270000 27 7.33333 18 61 209 0.92593 75 2.74074
1275000 25 7.80000 21 57 209 0.96000 76 2.96000
1280000 24 7.91667 20 62 209 0.95833 73 2.95833
1285000 23 8.30435 20 60 208 0.91304 74 3.08696
1290000 25 8.04000 21 61 215 0.88000 75 2.92000
1295000 24 8.33333 21 52 216 0.91667 75 3.04167
1300000 23 8.43478 21 61 212 0.95652 75 3.17391
1305000 25 7.72000 21 54 199 0.92000 75 3.00000
1310000 21 9.04762 21 62 201 0.90476 74 3.47619
1315000 21 8.66667 19 65 201 0.90476 74 3.42857
1320000 25 7.40000 19 61 196 0.80000 73 2.88000
1325000 24 7.54167 18 67 188 0.91667 72 3.00000
1330000 23 7.95652 18 61 194 0.91304 73 3.04348
1335000 22 7.81818 17 64 183 0.95455 73 3.18182
1340000 24 7.29167 17 63 184 0.87500 78 3.04167
1345000 29 6.34483 17 54 189 0.86207 78 2.58621
1350000 28 6.75000 18 60 194 0.89286 77 2.71429
1355000 27 7.14815 17 60 194 0.85185 78 2.81481
1360000 26 7.15385 18 66 200 0.96154 74 2.84615
1365000 27 6.96296 19 53 196 0.88889 76 2.74074
1370000 25 7.40000 17 62 187 0.92000 76 2.92000
1375000 24 7.50000 17 66 195 1.00000 75 3.04167
1380000 25 7.72000 18 56 206 0.92000 74 2.88000
1385000 24 7.62500 20 70 195 0.91667 71 2.91667
1390000 27 7.18519 23 54 186 0.85185 74 2.55556
1395000 25 7.56000 24 60 188 0.88000 75 2.88000
1400000 23 8.04348 25 64 188 0.91304 74 3.17391
1405000 26 7.23077 25 63 191 0.84615 74 2.73077
1410000 24 7.08333 22 73 187 0.87500 73 2.95833
1415000 24 6.87500 23 66 184 0.87500 74 2.83333
1420000 27 6.29630 22 74 190 0.81481 72 2.48148
1425000 30 5.86667 20 71 186 0.90000 75 2.43333
1430000 26 7.11538 22 64 202 0.92308 76 2.76923
1435000 31 6.48387 20 48 201 0.80645 72 2.25806
1440000 25 7.52000 20 57 201 0.96000 76 2.96000
1445000 24 7.37500 18 61 193 0.95833 76 3.00000
1450000 22 7.77273 20 69 193 0.95455 74 3.22727
1455000 29 6.24138 19 60 187 0.82759 74 2.48276
1460000 27 6.85185 19 64 197 0.92593 75 2.66667
1465000 25 7.24000 19 72 195 0.96000 75 2.80000
1470000 28 6.64286 17 68 194 0.82143 76 2.53571
1475000 28 6.64286 17 63 197 0.92857 75 2.57143
1480000 26 7.07692 16 60 196 1.00000 74 2.80769
1485000 26 7.23077 17 59 203 0.92308 74 2.76923
1490000 25 7.44000 17 65 203 0.88000 74 2.80000
1495000 23 7.91304 18 65 192 0.91304 73 3.08696
1500000 21 9.23810 22 59 216 1.00000 75 3.38095
1505000 22 8.59091 20 74 206 0.90909 77 3.27273
1510000 23 8.65217 21 69 216 0.82609 74 3.17391
1515000 26 7.88462 19 70 217 0.84615 77 2.80769
1520000 26 8.07692 20 63 215 0.80769 76 2.76923
1525000 20 9.80000 22 66 214 0.95000 75 3.60000
1530000 23 8.47826 20 64 208 0.91304 77 3.17391
1535000 21 9.23810 28 60 204 1.00000 76 3.47619
1540000 20 9.10000 27 68 194 0.95000 75 3.75000
1545000 19 9.00000 29 77 195 1.00000 75 3.89474
1550000 22 8.00000 27 76 196 0.95455 77 3.36364
1555000 21 8.66667 24 79 205 0.85714 75 3.38095
1560000 19 9.26316 21 77 202 1.00000 76 3.68421
1565000 20 8.95000 22 65 199 0.90000 77 3.60000
1570000 25 7.36000 21 66 202 0.88000 78 2.92000
1575000 20 9.15000 27 67 198 0.90000 74 3.65000
1580000 24 7.75000 28 63 198 0.79167 74 3.00000
1585000 24 7.45833 26 65 189 0.87500 73 3.04167
1590000 24 7.33333 25 63 184 0.83333 76 3.04167
1595000 24 7.16667 25 61 181 0.79167 78 3.08333
1600000 26 6.57692 23 62 179 0.84615 76 2.92308
1605000 28 6.25000 22 69 189 0.75000 77 2.67857
1610000 26 6.84615 22 75 191 0.88462 78 2.96154
1615000 23 7.60870 22 77 200 1.00000 79 3.39130
1620000 26 7.03846 18 66 197 0.84615 77 2.84615
1625000 26 7.23077 15 64 198 0.92308 78 2.92308
1630000 23 8.00000 19 66 197 0.95652 77 3.26087
1635000 28 6.71429 22 55 187 0.75000 77 2.67857
1640000 27 7.11111 21 54 197 0.85185 78 2.81481
1645000 26 7.38462 19 55 199 0.96154 76 2.92308
1650000 24 8.29167 19 54 209 1.00000 77 3.16667
1655000 23 8.08696 16 55 203 0.95652 77 3.30435
1660000 24 7.50000 15 68 192 0.87500 76 3.08333
1665000 26 7.61538 15 54 208 0.88462 76 2.88462
1670000 28 7.10714 17 65 197 0.78571 77 2.67857
1675000 28 6.92857 22 63 200 0.85714 79 2.78571
1680000 28 7.03571 23 70 206 0.82143 79 2.75000
1685000 31 6.70968 23 57 208 0.83871 80 2.51613
1690000 24 8.12500 25 64 211 1.00000 78 3.20833
1695000 24 8.41667 25 62 226 1.00000 79 3.20833
1700000 26 8.11538 24 61 220 0.96154 79 3.00000
1705000 25 8.36000 23 58 222 1.00000 79 3.16000
1710000 25 8.24000 21 56 217 1.00000 78 3.08000
1715000 28 7.35714 20 46 214 0.89286 78 2.78571
1720000 27 7.74074 21 52 219 0.96296 79 2.88889
1725000 28 7.46429 19 57 230 1.00000 79 2.78571
1730000 30 6.93333 21 48 216 0.93333 80 2.66667
1735000 30 6.83333 19 42 210 0.90000 79 2.56667
1740000 27 7.40741 21 46 199 0.85185 77 2.81481
1745000 25 7.72000 20 50 202 0.92000 79 3.00000
1750000 26 7.19231 21 51 200 0.88462 79 2.92308
1755000 27 6.88889 23 58 197 0.88889 78 2.85185
1760000 26 7.07692 20 54 191 0.88462 79 2.92308
1765000 23 7.69565 15 61 202 1.00000 80 3.34783
1770000 25 7.28000 18 59 198 0.92000 78 3.04000
1775000 26 7.23077 18 52 198 0.92308 78 2.92308
1780000 26 7.34615 21 54 201 0.96154 78 2.92308
1785000 24 7.95833 21 56 208 0.95833 78 3.12500
1790000 26 7.38462 24 56 202 0.88462 75 2.84615
1795000 26 7.57692 24 52 208 1.00000 76 2.88462
1800000 25 7.64000 23 67 211 1.00000 78 3.04000
1805000 28 7.17857 17 57 211 0.89286 78 2.78571
1810000 27 7.03704 18 68 201 0.92593 77 2.81481
1815000 26 7.53846 20 71 209 1.00000 76 2.92308
1820000 32 6.34375 20 63 208 0.75000 76 2.28125
1825000 28 7.00000 20 59 199 0.82143 76 2.60714
1830000 23 8.21739 17 60 201 1.00000 73 3.13043
1835000 28 6.85714 15 48 186 0.78571 71 2.53571
1840000 26 6.92308 15 52 183 0.80769 72 2.73077
1845000 25 7.12000 15 59 188 0.88000 72 2.88000
1850000 21 8.52381 21 63 200 1.00000 73 3.42857
1855000 21 8.47619 17 62 197 1.00000 74 3.47619
1860000 26 7.30769 17 55 204 0.88462 75 2.84615
1865000 23 7.73913 15 50 188 0.95652 73 3.13043
1870000 23 8.08696 16 53 196 0.95652 74 3.17391
1875000 24 7.91667 16 61 205 0.91667 75 3.04167
1880000 28 7.14286 15 68 195 0.89286 75 2.60714
1885000 28 7.03571 15 65 201 0.89286 76 2.64286
1890000 23 8.30435 15 63 204 0.86957 76 3.21739
1895000 27 7.11111 14 63 197 0.88889 78 2.81481
1900000 26 7.23077 20 68 193 0.80769 77 2.92308
1905000 24 7.79167 20 70 202 1.00000 77 3.16667
1910000 24 7.58333 20 70 203 1.00000 79 3.16667
1915000 24 7.58333 20 62 201 0.91667 81 3.20833
1920000 24 8.08333 20 69 198 0.91667 81 3.29167
1925000 29 7.13793 21 56 214 0.93103 80 2.68966
1930000 27 7.62963 22 63 222 0.92593 78 2.85185
1935000 24 8.16667 21 60 197 0.91667 74 3.04167
1940000 22 8.59091 21 61 204 0.95455 76 3.36364
1945000 23 8.30435 21 55 200 0.82609 75 3.17391
1950000 23 8.04348 35 56 193 0.86957 75 3.21739
1955000 25 7.36000 18 64 198 0.88000 77 2.92000
1960000 23 7.82609 19 64 186 0.91304 76 3.30435
1965000 26 7.00000 16 72 192 0.88462 76 2.88462
1970000 24 7.25000 16 71 197 0.95833 78 3.16667
1975000 29 6.34483 14 59 195 0.86207 78 2.62069
1980000 31 6.32258 15 60 204 0.90323 77 2.45161
1985000 24 7.79167 15 62 204 1.00000 77 3.16667
1990000 30 6.36667 15 62 203 0.90000 77 2.56667
1995000 34 5.85294 15 58 203 0.91176 77 2.26471
2000000 28 6.82143 24 63 195 0.82143 77 2.67857
2005000 29 6.75862 33 68 200 0.72414 77 2.58621
2010000 30 6.93333 29 63 208 0.83333 77 2.56667
2015000 26 7.96154 28 61 218 0.96154 76 2.88462
2020000 24 8.50000 28 61 212 0.91667 77 3.12500
2025000 26 7.84615 29 69 220 1.00000 78 2.92308
2030000 27 7.74074 34 58 206 0.81481 79 2.81481
2035000 23 8.69565 30 69 205 0.91304 77 3.34783
2040000 24 8.04167 25 62 197 0.87500 78 3.20833
2045000 23 8.30435 26 62 194 0.86957 78 3.34783
2050000 22 8.13636 27 74 189 0.90909 78 3.50000
2055000 25 7.52000 24 60 202 0.88000 77 3.08000
2060000 23 7.43478 26 68 186 0.91304 79 3.39130
2065000 28 6.39286 25 67 189 0.85714 76 2.71429
2070000 22 7.45455 29 90 188 1.00000 76 3.45455
2075000 25 6.76000 26 85 191 0.92000 75 2.92000
2080000 28 6.07143 26 78 182 0.92857 76 2.71429
2085000 31 5.77419 21 79 178 0.80645 76 2.38710
2090000 34 5.47059 20 76 180 0.76471 77 2.20588
2095000 26 7.03846 22 70 189 0.84615 77 2.88462
2100000 27 6.77778 21 64 182 0.88889 74 2.66667
2105000 21 8.33333 27 78 190 0.85714 73 3.38095
2110000 26 6.84615 23 67 180 0.76923 74 2.73077
2115000 22 7.86364 27 80 178 0.81818 71 3.18182
2120000 27 6.51852 27 68 172 0.74074 71 2.59259
2125000 21 7.90476 26 82 186 0.90476 73 3.33333
2130000 21 8.14286 30 79 193 0.85714 75 3.33333
2135000 26 7.34615 30 69 207 0.92308 77 2.80769
2140000 26 7.34615 30 65 201 0.84615 76 2.88462
2145000 22 8.18182 28 78 194 0.90909 77 3.31818
2150000 25 7.88000 33 60 206 0.84000 76 2.96000
2155000 22 8.95455 40 62 202 0.90909 76 3.40909
2160000 27 7.62963 39 52 207 0.81481 77 2.77778
2165000 24 8.41667 37 61 220 0.91667 76 3.16667
2170000 28 7.46429 33 62 215 0.89286 77 2.67857
2175000 21 9.47619 32 64 209 1.00000 76 3.52381
2180000 22 8.81818 31 63 209 0.95455 78 3.54545
2185000 25 8.08000 31 65 205 0.92000 79 3.16000
2190000 25 7.72000 30 71 203 0.88000 78 3.12000
2195000 24 8.16667 31 56 202 0.91667 77 3.20833
2200000 22 8.59091 31 62 204 0.95455 77 3.50000
2205000 23 8.30435 29 54 194 0.86957 78 3.34783
2210000 24 8.08333 27 50 192 0.87500 78 3.20833
2215000 23 8.08696 27 62 199 0.95652 77 3.34783
2220000 26 7.07692 26 73 194 0.76923 77 2.84615
2225000 26 7.23077 28 71 195 0.96154 78 2.88462
2230000 27 7.29630 34 61 192 0.74074 76 2.77778
2235000 24 7.95833 30 59 197 0.95833 77 3.16667
2240000 22 8.72727 30 63 205 0.90909 77 3.31818
2245000 27 7.14815 28 59 195 0.92593 77 2.77778
2250000 23 8.30435 30 67 207 0.95652 74 3.17391
2255000 24 8.08333 36 60 205 1.00000 74 3.04167
2260000 25 7.76000 33 68 194 0.88000 74 2.92000
2265000 28 7.71429 29 56 211 0.82143 78 2.75000
2270000 25 8.52000 29 58 198 0.84000 78 3.04000
2275000 22 9.22727 30 63 204 0.81818 76 3.36364
2280000 28 7.42857 46 53 201 0.75000 74 2.64286
2285000 25 8.04000 43 58 207 0.88000 75 3.00000
2290000 25 7.88000 40 67 191 0.80000 76 3.04000
2295000 28 6.78571 35 62 187 0.71429 77 2.75000
2300000 25 7.36000 33 69 186 0.84000 76 3.00000
2305000 27 7.03704 33 60 193 0.92593 78 2.81481
2310000 25 7.24000 33 58 186 0.92000 79 3.00000
2315000 27 6.66667 35 63 185 0.81481 79 2.74074
2320000 25 7.04000 36 59 187 0.92000 77 3.04000
2325000 23 7.52174 36 57 187 1.00000 78 3.26087
2330000 25 6.96000 34 56 176 0.92000 77 2.92000
2335000 27 6.59259 30 53 171 0.81481 76 2.74074
2340000 28 6.28571 31 61 175 0.78571 74 2.53571
2345000 27 6.55556 35 56 174 0.81481 74 2.70370
2350000 26 6.76923 31 54 184 0.92308 74 2.76923
2355000 26 6.88462 31 52 186 0.80769 75 2.73077
2360000 25 7.24000 30 59 180 0.84000 73 2.88000
2365000 20 8.35000 32 68 177 0.95000 72 3.50000
2370000 23 7.13043 31 62 172 0.91304 77 3.08696
2375000 26 6.30769 32 61 166 0.73077 74 2.65385
2380000 18 7.61111 30 89 161 0.94444 68 3.38889
2385000 24 6.12500 30 73 156 0.79167 71 2.54167
2390000 27 5.51852 27 69 157 0.81481 72 2.33333
2395000 25 6.28000 27 66 170 0.92000 70 2.48000
2400000 24 6.54167 28 73 181 1.00000 70 2.87500
2405000 24 6.75000 31 68 176 0.87500 74 2.87500
2410000 24 6.83333 30 73 175 0.91667 72 2.87500
2415000 33 5.69697 31 53 184 0.90909 75 2.21212
2420000 27 6.96296 30 63 197 0.92593 74 2.55556
2425000 28 7.07143 31 55 201 0.89286 69 2.46429
2430000 26 7.38462 29 67 191 0.88462 71 2.57692
2435000 26 7.19231 27 63 200 0.88462 67 2.50000
2440000 27 6.92593 30 57 197 0.88889 68 2.48148
2445000 30 6.50000 28 60 200 0.80000 70 2.23333
2450000 27 7.55556 28 61 211 0.85185 72 2.51852
2455000 25 7.96000 29 57 208 0.92000 72 2.72000
2460000 26 7.42308 27 62 207 0.88462 73 2.65385
2465000 21 8.57143 27 60 202 1.00000 75 3.23810
2470000 25 7.36000 25 56 198 1.00000 77 2.76000
2475000 25 7.76000 27 59 212 1.00000 75 2.92000
2480000 25 7.28000 28 59 189 0.88000 73 2.84000
2485000 25 7.52000 27 62 203 0.96000 73 2.88000
2490000 26 7.50000 26 52 202 0.92308 69 2.65385
2495000 27 7.11111 25 46 204 0.96296 73 2.59259
2500000 23 8.47826 28 44 202 0.95652 72 3.04348
2505000 24 8.12500 28 45 202 0.91667 72 2.87500
2510000 25 7.80000 31 55 205 0.96000 75 2.88000
2515000 25 8.16000 35 55 218 1.00000 73 2.80000
2520000 27 7.88889 40 56 224 0.88889 75 2.62963
2525000 25 8.40000 40 50 212 0.88000 76 2.88000
2530000 24 8.58333 38 47 215 1.00000 74 3.04167
2535000 25 8.16000 36 40 197 0.92000 74 2.92000
2540000 24 8.20833 34 47 206 0.95833 75 3.04167
2545000 24 8.16667 35 59 210 0.95833 74 3.04167
2550000 26 7.69231 35 52 209 0.92308 75 2.80769
2555000 21 9.04762 34 68 206 1.00000 74 3.33333
2560000 25 7.56000 30 63 197 0.92000 72 2.84000
2565000 24 7.83333 31 64 204 0.95833 74 2.91667
2570000 21 8.61905 29 72 204 0.95238 79 3.38095
2575000 29 6.86207 29 62 207 0.89655 79 2.58621
2580000 25 7.52000 29 63 208 0.96000 75 2.92000
2585000 27 7.14815 27 59 206 0.88889 74 2.70370
2590000 28 6.78571 24 59 200 1.00000 75 2.60714
2595000 30 6.53333 25 50 204 0.90000 76 2.43333
2600000 29 6.44828 22 57 206 0.96552 78 2.48276
2605000 31 6.35484 23 50 205 0.83871 78 2.35484
2610000 34 5.47059 20 61 188 0.82353 79 2.17647
2615000 31 5.87097 21 64 192 0.87097 79 2.45161
2620000 31 6.16129 26 50 194 0.87097 78 2.48387
2625000 28 6.50000 24 56 198 0.92857 77 2.60714
2630000 28 6.25000 23 59 189 0.85714 76 2.57143
2635000 26 6.26923 19 81 190 0.92308 78 2.76923
2640000 30 6.13333 22 71 196 0.90000 76 2.40000
2645000 33 5.87879 22 55 191 0.87879 76 2.21212
2650000 27 6.51852 18 74 192 0.96296 76 2.70370
2655000 26 6.88462 19 61 187 0.92308 78 2.88462
2660000 24 7.50000 18 60 186 0.95833 76 3.04167
2665000 25 7.00000 18 60 186 0.92000 75 2.96000
2670000 26 6.92308 17 56 181 0.92308 75 2.84615
2675000 25 7.16000 20 67 184 0.84000 73 2.92000
2680000 27 6.59259 23 69 190 0.88889 73 2.70370
2685000 26 6.80769 22 65 184 0.88462 72 2.65385
2690000 27 7.03704 21 60 205 0.96296 72 2.59259
2695000 25 7.76000 20 57 200 1.00000 76 2.80000
2700000 32 6.46875 25 47 204 0.84375 75 2.25000
2705000 29 6.48276 22 59 194 0.93103 76 2.55172
2710000 25 7.04000 23 57 192 0.96000 75 2.84000
2715000 25 6.72000 21 71 184 0.84000 74 2.72000
2720000 30 5.96667 18 58 185 0.86667 74 2.36667
2725000 30 6.00000 19 59 186 0.83333 76 2.40000
2730000 28 6.71429 20 58 192 0.89286 77 2.57143
2735000 22 8.18182 22 65 193 0.95455 74 3.18182
2740000 26 7.23077 21 68 199 0.96154 73 2.73077
2745000 26 7.23077 24 57 197 0.92308 73 2.76923
2750000 22 8.40909 26 66 197 0.95455 74 3.27273
2755000 25 7.48000 27 75 203 0.88000 76 2.88000
2760000 25 7.24000 24 66 194 1.00000 74 2.92000
2765000 25 7.20000 24 68 194 0.88000 76 2.92000
2770000 24 7.12500 22 68 192 0.91667 78 3.00000
2775000 25 6.92000 20 65 186 0.88000 76 2.88000
2780000 30 5.90000 21 63 183 0.80000 75 2.40000
2785000 28 6.67857 26 57 188 0.78571 74 2.60714
2790000 26 7.15385 28 71 198 0.92308 73 2.76923
2795000 26 7.07692 29 66 197 0.88462 76 2.88462
2800000 24 7.66667 28 71 191 0.87500 75 3.08333
2805000 25 7.16000 28 64 188 0.88000 76 2.96000
2810000 26 6.76923 29 59 183 0.88462 76 2.84615
2815000 24 6.79167 30 69 179 0.83333 77 3.00000
2820000 22 7.00000 31 75 179 1.00000 74 3.13636
2825000 26 6.38462 29 72 184 0.92308 75 2.80769
2830000 27 6.40741 28 67 196 0.96296 77 2.70370
2835000 24 7.04167 30 63 183 0.95833 78 3.08333
2840000 25 6.84000 28 56 182 0.96000 76 3.04000
2845000 24 6.66667 27 62 175 0.87500 72 3.00000
2850000 30 5.73333 27 56 172 0.70000 73 2.40000
2855000 24 6.41667 25 67 171 0.91667 75 3.04167
2860000 23 6.82609 23 70 172 0.91304 77 3.26087
2865000 26 6.46154 25 54 168 0.84615 76 2.88462
2870000 24 6.75000 24 54 173 0.87500 76 3.04167
2875000 22 7.54545 26 62 182 0.90909 76 3.31818
2880000 22 7.40909 20 65 179 0.90909 75 3.27273
2885000 29 5.86207 20 66 173 0.79310 77 2.55172
2890000 25 7.04000 22 73 188 0.92000 76 3.00000
2895000 28 6.50000 23 64 183 0.78571 74 2.64286
2900000 25 7.12000 24 69 191 0.92000 75 3.00000
2905000 24 7.75000 24 71 197 0.95833 76 3.08333
2910000 26 7.34615 24 72 204 0.92308 75 2.84615
2915000 32 6.12500 22 66 205 0.81250 74 2.28125
2920000 31 6.41935 25 69 201 0.80645 78 2.35484
2925000 28 7.07143 29 73 211 0.82143 77 2.60714
2930000 29 6.48276 26 74 208 0.82759 78 2.55172
2935000 27 7.00000 28 72 203 0.85185 81 2.85185
2940000 25 7.60000 32 69 208 0.96000 78 3.08000
2945000 27 6.96296 25 66 203 0.85185 78 2.88889
2950000 27 7.18519 26 72 216 0.81481 78 2.81481
2955000 25 7.40000 27 71 201 0.88000 78 3.12000
2960000 29 6.86207 29 68 208 0.89655 78 2.68966
2965000 22 8.18182 24 77 204 0.86364 76 3.45455
2970000 20 8.90000 29 73 198 0.90000 79 3.85000
2975000 23 8.00000 30 68 197 0.82609 78 3.30435
2980000 25 7.76000 27 62 197 0.76000 79 3.12000
2985000 21 9.04762 30 65 201 0.80952 79 3.66667
2990000 23 8.17391 28 68 204 0.91304 78 3.30435
2995000 22 8.04545 23 65 192 0.90909 78 3.45455
3000000 22 7.77273 24 69 189 0.95455 79 3.50000
3005000 25 6.88000 22 57 186 0.88000 79 3.12000
3010000 21 7.61905 22 72 168 0.85714 75 3.28571
3015000 22 7.40909 25 75 185 0.86364 73 3.09091
3020000 26 6.80769 26 66 186 0.80769 74 2.69231
3025000 22 7.45455 26 80 176 0.90909 75 3.22727
3030000 24 7.16667 27 70 183 0.91667 77 3.12500
3035000 21 8.38095 31 71 193 0.95238 76 3.52381
3040000 24 7.50000 28 74 188 0.87500 76 3.16667
3045000 25 7.60000 28 69 191 0.84000 75 3.00000
3050000 27 7.62963 28 70 208 0.74074 77 2.74074
3055000 25 7.92000 24 74 202 0.84000 75 2.96000
3060000 29 7.24138 23 69 207 0.68966 75 2.51724
3065000 26 8.26923 29 65 212 0.88462 77 2.88462
3070000 26 7.84615 24 65 205 0.84615 79 2.96154
3075000 31 6.93548 24 55 212 0.80645 79 2.51613
3080000 27 7.29630 23 75 204 0.81481 78 2.81481
3085000 24 7.70833 20 83 202 0.95833 80 3.25000
3090000 30 6.46667 20 73 203 0.83333 75 2.43333
3095000 28 7.60714 22 64 213 0.85714 75 2.60714
3100000 24 8.58333 24 71 219 1.00000 71 2.91667
3105000 28 7.64286 24 69 215 0.82143 71 2.53571
3110000 27 7.77778 22 69 215 0.77778 74 2.59259
3115000 26 7.80769 26 67 215 0.92308 74 2.76923
3120000 24 7.66667 28 68 194 0.87500 76 3.04167
3125000 20 8.80000 24 68 192 0.90000 73 3.50000
3130000 24 7.70833 23 69 193 0.79167 74 3.00000
3135000 22 8.63636 24 65 201 0.90909 76 3.27273
3140000 22 8.45455 25 70 201 0.90909 75 3.40909
3145000 25 7.36000 25 57 195 0.88000 73 2.88000
3150000 19 9.21053 28 70 198 0.94737 73 3.78947
3155000 22 8.09091 28 73 195 0.90909 73 3.27273
3160000 25 7.56000 28 68 202 0.92000 73 2.88000
3165000 26 7.73077 28 65 214 0.92308 75 2.84615
3170000 21 9.57143 31 74 218 0.95238 75 3.42857
3175000 19 9.89474 25 77 215 0.89474 74 3.78947
3180000 25 8.00000 36 65 205 0.88000 73 2.92000
3185000 22 8.54545 33 67 204 0.95455 74 3.27273
3190000 25 7.64000 32 61 193 0.72000 74 2.84000
3195000 25 7.36000 31 64 182 0.72000 74 2.92000
3200000 24 7.62500 32 64 190 0.87500 74 2.95833
3205000 23 7.86957 26 72 195 0.91304 77 3.13043
3210000 24 7.83333 32 69 198 0.83333 76 3.08333
3215000 20 9.00000 34 71 191 0.90000 74 3.65000
3220000 19 9.36842 32 75 198 0.94737 73 3.78947
3225000 21 8.90476 33 78 205 0.85714 75 3.47619
3230000 27 7.51852 33 61 201 0.74074 74 2.66667
3235000 22 8.50000 32 69 202 0.86364 73 3.31818
3240000 23 8.04348 30 77 195 0.86957 72 3.13043
3245000 20 8.55000 29 78 189 0.90000 73 3.55000
3250000 27 7.22222 30 69 197 0.85185 74 2.66667
3255000 27 7.37037 30 67 208 0.77778 74 2.62963
3260000 25 8.12000 31 61 220 0.92000 73 2.84000
3265000 23 8.56522 29 66 213 0.91304 72 3.00000
3270000 27 7.22222 26 64 201 0.81481 74 2.59259
3275000 22 8.50000 24 70 202 0.90909 74 3.27273
3280000 25 7.56000 22 64 200 0.88000 73 2.88000
3285000 24 7.66667 20 60 189 0.91667 76 3.00000
3290000 26 7.30769 24 59 205 0.88462 72 2.76923
3295000 23 8.21739 31 72 201 0.86957 75 3.17391
3300000 25 7.80000 31 69 199 0.84000 73 2.84000
3305000 24 8.08333 41 66 189 0.79167 74 3.00000
3310000 22 8.13636 35 77 189 0.95455 74 3.27273
3315000 26 7.19231 34 65 186 0.73077 75 2.84615
3320000 16 10.06250 32 89 184 1.00000 72 4.31250
3325000 23 7.69565 37 80 182 0.73913 71 3.04348
3330000 17 9.82353 40 87 184 0.88235 71 4.11765
3335000 21 8.23810 34 81 187 0.80952 72 3.28571
3340000 23 7.56522 35 79 184 0.73913 76 3.13043
3345000 30 6.33333 34 67 193 0.83333 75 2.36667
3350000 25 7.24000 32 72 195 0.92000 74 2.76000
3355000 23 7.95652 36 71 198 0.95652 74 3.13043
3360000 23 7.95652 36 76 199 0.82609 71 3.00000
3365000 25 7.76000 33 68 212 0.88000 74 2.88000
3370000 22 8.90909 38 73 228 1.00000 74 3.27273
3375000 25 8.08000 38 60 213 0.84000 75 2.88000
3380000 27 7.37037 36 60 205 0.81481 76 2.70370
3385000 22 8.50000 37 74 202 0.86364 76 3.27273
3390000 23 8.26087 38 69 201 0.91304 77 3.26087
3395000 25 7.88000 40 71 209 0.92000 77 3.00000
3400000 23 7.95652 35 76 191 0.86957 77 3.30435
3405000 28 6.71429 32 69 199 0.85714 76 2.67857
3410000 27 6.74074 30 78 187 0.81481 76 2.74074
3415000 26 7.42308 33 63 202 0.88462 76 2.84615
3420000 26 7.42308 30 72 206 0.88462 73 2.73077
3425000 25 7.32000 30 65 192 0.92000 76 3.04000
3430000 22 8.04545 29 71 194 0.95455 77 3.36364
3435000 24 7.33333 25 72 195 0.87500 74 3.00000
3440000 23 7.95652 25 73 201 0.86957 75 3.13043
3445000 21 8.19048 23 74 180 0.85714 75 3.33333
3450000 24 7.25000 23 78 179 0.79167 75 3.00000
3455000 22 7.90909 23 79 190 0.81818 76 3.31818
3460000 26 7.03846 22 70 187 0.69231 74 2.80769
3465000 25 7.00000 20 80 190 0.92000 75 2.92000
3470000 25 6.72000 19 78 183 0.88000 74 2.88000
3475000 27 6.59259 23 71 189 0.85185 74 2.74074
3480000 24 7.20833 23 67 191 0.95833 76 3.12500
3485000 26 6.50000 22 65 185 0.96154 78 2.96154
3490000 23 7.17391 24 72 184 0.95652 77 3.30435
3495000 26 6.76923 27 74 187 0.80769 77 2.96154
3500000 30 6.53333 25 66 196 0.83333 77 2.56667
3505000 25 7.40000 33 74 195 0.88000 78 3.00000
3510000 27 6.77778 31 82 193 0.88889 79 2.85185
3515000 29 6.06897 28 74 184 0.72414 79 2.68966
3520000 26 6.50000 26 77 177 0.84615 77 2.92308
3525000 23 7.04348 24 92 186 0.86957 75 3.26087
3530000 28 6.32143 26 70 178 0.71429 76 2.64286
3535000 23 7.26087 23 81 184 0.82609 76 3.21739
3540000 26 6.80769 22 59 188 0.88462 76 2.80769
3545000 21 8.14286 23 63 187 0.95238 76 3.52381
3550000 21 8.38095 26 63 193 0.90476 75 3.52381
3555000 23 7.91304 27 64 197 0.86957 76 3.21739
3560000 24 7.37500 24 67 192 0.95833 76 3.08333
3565000 24 7.41667 28 60 192 0.91667 75 3.04167
3570000 22 7.81818 32 56 180 0.81818 75 3.31818
3575000 27 6.40741 32 58 173 0.85185 74 2.70370
3580000 22 7.45455 31 71 174 0.81818 77 3.40909
3585000 22 7.50000 32 65 170 0.77273 78 3.45455
3590000 22 7.81818 33 60 184 0.95455 77 3.40909
3595000 25 6.92000 31 64 189 0.88000 74 2.92000
3600000 22 7.81818 33 68 190 0.90909 74 3.22727
3605000 25 7.16000 32 66 192 0.88000 72 2.84000
3610000 23 7.21739 29 65 177 0.95652 71 3.04348
3615000 24 7.00000 29 69 179 0.83333 73 2.91667
3620000 25 7.16000 35 67 182 0.92000 71 2.84000
3625000 26 6.65385 31 80 190 0.92308 73 2.73077
3630000 24 7.33333 29 79 185 0.91667 70 2.83333
3635000 24 7.16667 25 82 184 0.87500 72 2.91667
3640000 26 6.88462 35 74 185 0.80769 73 2.73077
3645000 23 7.78261 36 74 194 0.86957 75 3.04348
3650000 26 7.07692 33 70 197 0.88462 75 2.76923
3655000 25 7.40000 37 70 194 0.88000 76 2.92000
3660000 25 6.76000 37 76 193 0.92000 74 2.88000
3665000 26 6.84615 38 69 190 0.92308 74 2.80769
3670000 26 6.76923 37 74 194 0.84615 76 2.88462
3675000 24 7.58333 36 77 198 0.87500 74 3.00000
3680000 26 7.07692 35 65 197 0.76923 73 2.80769
3685000 23 7.91304 37 65 201 0.86957 77 3.26087
3690000 22 8.63636 45 71 213 0.95455 79 3.36364
3695000 26 7.46154 40 58 198 0.80769 77 2.88462
3700000 20 9.15000 44 78 208 1.00000 77 3.75000
3705000 26 7.34615 51 62 199 0.80769 74 2.80769
3710000 21 8.71429 48 76 203 0.85714 77 3.47619
3715000 22 8.31818 45 72 198 0.90909 74 3.27273
3720000 24 7.66667 41 72 199 0.91667 73 3.00000
3725000 27 7.37037 38 61 210 0.92593 75 2.77778
3730000 29 6.96552 35 59 206 0.86207 75 2.58621
3735000 31 6.29032 31 60 204 0.90323 74 2.35484
3740000 28 6.96429 29 58 192 0.92857 74 2.57143
3745000 28 6.85714 29 55 199 0.85714 75 2.53571
3750000 24 7.75000 24 57 197 0.95833 76 3.00000
3755000 27 7.07407 24 47 194 0.88889 76 2.74074
3760000 26 7.03846 20 58 201 1.00000 74 2.80769
3765000 25 7.44000 19 59 196 0.96000 73 2.88000
3770000 28 6.92857 21 55 201 0.96429 75 2.64286
3775000 29 6.79310 20 60 199 0.96552 73 2.44828
3780000 23 8.04348 19 71 193 0.86957 73 3.04348
3785000 22 8.40909 20 74 197 0.86364 72 3.18182
3790000 24 8.00000 21 63 205 0.87500 73 2.95833
3795000 21 9.23810 22 54 210 0.95238 74 3.38095
3800000 23 8.26087 19 52 199 1.00000 76 3.17391
3805000 23 7.78261 17 66 195 1.00000 77 3.21739
3810000 28 6.46429 16 61 190 0.92857 75 2.60714
3815000 26 6.84615 17 62 188 0.96154 75 2.84615
3820000 23 7.91304 20 56 187 0.91304 76 3.26087
3825000 27 7.37037 21 49 205 0.81481 74 2.70370
3830000 25 7.44000 28 62 187 0.88000 78 3.04000
3835000 28 6.64286 27 59 189 0.82143 79 2.78571
3840000 28 7.07143 30 53 202 0.85714 77 2.75000
3845000 27 7.14815 31 67 204 0.81481 76 2.77778
3850000 23 7.95652 27 77 200 0.86957 77 3.21739
3855000 22 8.31818 26 73 211 0.90909 78 3.45455
3860000 23 8.30435 25 58 203 0.86957 76 3.17391
3865000 26 7.26923 24 67 200 0.80769 76 2.84615
3870000 24 7.66667 24 76 203 0.87500 76 3.04167
3875000 24 7.91667 27 74 210 0.91667 76 3.04167
3880000 25 8.00000 27 57 201 0.92000 76 2.96000
3885000 27 7.07407 23 63 202 0.88889 78 2.81481
3890000 28 7.00000 23 63 210 0.96429 77 2.67857
3895000 26 7.61538 27 57 206 0.88462 77 2.84615
3900000 26 7.19231 28 65 189 0.80769 77 2.88462
3905000 28 6.78571 24 60 194 0.82143 75 2.57143
3910000 28 6.75000 22 80 189 0.75000 73 2.50000
3915000 30 6.43333 22 65 185 0.80000 72 2.40000
3920000 24 7.41667 18 76 184 0.83333 75 3.00000
3925000 30 6.23333 20 75 191 0.86667 75 2.40000
3930000 27 6.85185 26 78 195 0.88889 73 2.66667
3935000 32 5.84375 22 83 186 0.71875 72 2.21875
3940000 28 6.46429 21 86 192 0.82143 75 2.60714
3945000 24 6.91667 22 88 182 0.83333 77 3.08333
3950000 27 6.44444 22 83 188 0.81481 79 2.77778
3955000 25 7.32000 23 68 195 0.88000 79 3.00000
3960000 28 6.75000 27 58 200 0.85714 77 2.67857
3965000 25 7.44000 29 58 202 0.92000 76 3.00000
3970000 25 7.28000 29 57 190 0.96000 76 3.00000
3975000 26 6.92308 29 65 188 0.88462 77 2.88462
3980000 26 6.65385 25 72 182 0.88462 76 2.80769
3985000 29 6.37931 24 53 193 0.89655 75 2.58621
3990000 27 6.44444 21 70 179 0.85185 79 2.77778
3995000 27 6.85185 30 71 191 0.92593 77 2.85185
4000000 28 6.67857 28 58 184 0.85714 74 2.64286
4005000 25 6.72000 25 62 172 0.92000 73 2.92000
4010000 25 6.64000 24 66 180 0.92000 75 2.96000
4015000 27 6.22222 23 68 175 0.85185 73 2.70370
4020000 27 6.29630 21 75 181 0.85185 75 2.74074
4025000 33 5.42424 23 73 188 0.81818 77 2.30303
4030000 34 5.58824 21 65 195 0.79412 77 2.23529
4035000 30 6.13333 24 71 196 0.93333 76 2.50000
4040000 25 7.32000 24 70 191 0.84000 74 2.92000
4045000 29 6.86207 27 70 211 0.89655 75 2.58621
4050000 22 8.40909 29 79 206 0.90909 73 3.31818
4055000 25 8.04000 31 60 207 0.76000 72 2.76000
4060000 23 8.73913 29 61 209 0.86957 74 3.04348
4065000 23 8.13043 35 72 205 0.95652 72 3.00000
4070000 26 7.30769 35 67 200 0.76923 73 2.65385
4075000 28 6.67857 36 63 200 0.75000 74 2.46429
4080000 23 7.86957 36 68 189 0.91304 74 3.13043
4085000 21 8.33333 33 65 189 0.95238 72 3.33333
4090000 23 8.00000 34 73 204 0.86957 73 3.13043
4095000 23 7.91304 31 76 187 0.78261 73 3.08696
4100000 21 9.00000 31 74 200 0.85714 74 3.42857
4105000 21 8.80952 31 78 210 0.95238 74 3.42857
4110000 24 7.58333 28 68 191 0.87500 72 2.91667
4115000 22 8.09091 29 77 192 0.90909 70 3.13636
4120000 23 7.52174 27 64 188 0.82609 72 2.95652
4125000 19 8.63158 25 76 181 0.94737 72 3.52632
4130000 24 6.95833 25 61 181 0.91667 73 2.95833
4135000 24 6.54167 24 66 167 0.79167 71 2.79167
4140000 25 6.52000 26 63 177 0.92000 71 2.80000
4145000 24 6.95833 28 64 178 0.83333 73 2.95833
4150000 23 7.13043 27 72 174 0.86957 73 3.04348
4155000 24 6.54167 25 85 180 0.91667 74 3.04167
4160000 31 5.87097 24 64 192 0.87097 75 2.32258
4165000 28 6.39286 22 70 192 0.89286 74 2.60714
4170000 26 6.88462 21 64 194 0.92308 76 2.84615
4175000 27 6.66667 21 68 200 0.96296 76 2.77778
4180000 27 6.74074 23 72 199 0.92593 78 2.70370
4185000 27 6.44444 20 80 194 0.88889 76 2.70370
4190000 26 6.76923 22 80 191 0.88462 77 2.84615
4195000 24 7.33333 26 77 200 0.95833 78 3.08333
4200000 26 7.61538 25 57 209 0.84615 75 2.80769
4205000 28 7.50000 23 52 213 0.89286 75 2.60714
4210000 23 8.78261 24 58 210 0.95652 77 3.26087
4215000 26 7.80769 23 54 214 0.88462 75 2.84615
4220000 26 7.42308 23 62 206 0.88462 75 2.80769
4225000 24 7.41667 21 69 199 0.95833 77 3.08333
4230000 26 6.80769 23 61 188 0.92308 75 2.80769
4235000 27 6.85185 24 71 200 0.92593 74 2.70370
4240000 21 8.52381 29 67 198 1.00000 75 3.28571
4245000 26 6.88462 28 53 199 1.00000 75 2.88462
4250000 22 7.95455 31 57 190 1.00000 76 3.36364
4255000 23 7.47826 29 66 191 1.00000 74 3.17391
4260000 24 7.08333 28 66 191 0.95833 76 3.12500
4265000 28 6.39286 32 56 185 0.85714 79 2.67857
4270000 26 7.30769 34 58 205 0.96154 81 2.96154
4275000 27 7.22222 31 57 206 0.96296 80 2.92593
4280000 25 7.28000 31 61 198 0.96000 78 3.08000
4285000 27 7.07407 31 62 200 0.88889 78 2.85185
4290000 28 7.07143 32 60 201 0.82143 77 2.71429
4295000 23 8.08696 44 68 204 0.86957 76 3.04348
4300000 24 8.20833 47 60 211 0.83333 77 3.00000
4305000 20 9.45000 44 71 202 0.90000 75 3.55000
4310000 23 8.47826 42 73 210 0.91304 76 3.08696
4315000 21 8.61905 38 85 190 0.95238 74 3.38095
4320000 25 7.76000 36 69 205 0.88000 75 2.96000
4325000 27 7.88889 41 54 210 0.77778 77 2.77778
4330000 24 8.29167 36 68 207 0.79167 77 3.04167
4335000 26 7.38462 34 70 190 0.73077 75 2.80769
4340000 25 7.48000 34 71 199 0.84000 74 2.88000
4345000 27 7.14815 36 69 197 0.66667 77 2.70370
4350000 23 7.52174 34 84 189 0.91304 73 3.04348
4355000 20 8.70000 33 85 188 0.90000 75 3.65000
4360000 22 8.22727 33 86 203 0.95455 73 3.13636
4365000 23 7.43478 29 86 189 0.82609 72 3.00000
4370000 28 6.64286 27 74 197 0.82143 76 2.50000
4375000 22 7.72727 27 84 193 0.90909 72 3.13636
4380000 25 6.96000 28 78 180 0.76000 70 2.72000
4385000 24 7.20833 28 79 182 0.79167 71 2.83333
4390000 21 7.57143 27 81 174 0.80952 71 3.09524
4395000 21 7.85714 29 76 193 0.95238 73 3.23810
4400000 29 6.48276 31 62 186 0.79310 72 2.44828
4405000 26 7.00000 32 78 199 0.96154 76 2.84615
4410000 25 7.56000 34 64 204 0.96000 78 3.04000
4415000 26 7.42308 40 60 203 0.84615 77 2.88462
4420000 25 7.44000 40 67 190 0.84000 76 2.96000
4425000 30 5.93333 30 64 180 0.73333 75 2.36667
4430000 25 6.76000 27 69 179 0.84000 73 2.88000
4435000 24 6.95833 24 76 183 0.91667 70 2.70833
4440000 29 6.41379 27 66 195 0.79310 70 2.34483
4445000 27 6.92593 28 66 197 0.85185 73 2.59259
4450000 28 6.85714 27 52 191 0.78571 73 2.50000
4455000 21 7.90476 24 69 183 0.95238 74 3.33333
4460000 23 7.56522 23 62 192 0.91304 68 2.86957
4465000 22 8.27273 22 59 197 0.95455 70 3.09091
4470000 23 8.17391 21 51 197 0.91304 73 3.04348
4475000 24 8.00000 21 47 195 0.95833 71 2.87500
4480000 25 7.76000 25 58 211 0.88000 73 2.80000
4485000 26 7.50000 25 58 207 0.88462 75 2.76923
4490000 24 7.79167 27 57 199 1.00000 73 3.00000
4495000 22 8.31818 27 64 198 0.95455 75 3.31818
4500000 22 8.09091 27 77 197 1.00000 72 3.22727
4505000 25 7.40000 28 75 195 0.84000 72 2.76000
4510000 26 7.19231 28 60 202 0.96154 75 2.69231
4515000 26 7.38462 35 58 203 0.84615 75 2.65385
4520000 26 7.03846 34 59 191 0.84615 74 2.69231
4525000 29 6.41379 32 67 196 0.89655 75 2.44828
4530000 27 7.03704 32 63 205 0.88889 77 2.70370
4535000 30 6.63333 30 55 203 0.90000 72 2.40000
4540000 28 7.25000 27 70 211 0.92857 74 2.57143
4545000 32 6.68750 25 62 215 0.78125 73 2.21875
4550000 26 7.88462 25 75 230 0.92308 74 2.76923
4555000 27 7.44444 22 68 202 0.92593 73 2.66667
4560000 26 7.46154 21 63 203 0.92308 74 2.73077
4565000 26 7.50000 18 72 196 0.88462 72 2.73077
4570000 27 7.25926 26 58 200 0.92593 74 2.66667
4575000 25 7.72000 24 63 202 0.96000 74 2.88000
4580000 26 7.73077 24 61 209 0.92308 73 2.76923
4585000 26 7.84615 23 55 201 0.84615 74 2.73077
4590000 27 7.29630 22 64 213 0.88889 74 2.74074
4595000 27 7.44444 23 65 212 0.88889 73 2.62963
4600000 28 7.35714 23 55 219 0.92857 72 2.53571
4605000 29 7.00000 22 56 202 0.82759 74 2.48276
4610000 29 7.13793 22 54 215 0.86207 75 2.51724
4615000 28 7.21429 20 58 215 0.96429 76 2.64286
4620000 26 7.73077 21 57 211 1.00000 75 2.80769
4625000 27 7.14815 18 61 214 0.92593 74 2.62963
4630000 31 6.48387 16 58 213 0.90323 76 2.41935
4635000 29 7.17241 17 62 219 0.93103 78 2.65517
4640000 25 8.20000 32 57 223 1.00000 77 3.08000
4645000 27 7.48148 30 43 210 0.96296 79 2.85185
4650000 23 8.73913 32 51 213 0.95652 78 3.39130
4655000 24 8.58333 32 59 220 0.83333 77 3.20833
4660000 25 7.76000 27 61 205 0.96000 76 3.00000
4665000 21 8.80952 28 69 199 0.95238 78 3.57143
4670000 30 6.43333 28 58 188 0.76667 77 2.46667
4675000 27 6.92593 29 64 195 0.85185 77 2.81481
4680000 25 7.36000 25 72 197 0.92000 77 3.00000
4685000 24 7.20833 22 63 187 1.00000 73 3.04167
4690000 24 7.45833 26 62 191 1.00000 76 3.08333
4695000 24 7.29167 25 68 196 0.87500 75 3.08333
4700000 24 7.54167 26 68 185 0.91667 75 3.04167
4705000 22 8.04545 30 83 197 0.95455 75 3.36364
4710000 24 7.04167 29 77 189 0.95833 74 2.91667
4715000 26 6.65385 30 79 186 0.88462 75 2.84615
4720000 24 6.83333 27 79 182 0.83333 73 2.95833
4725000 24 6.54167 28 85 177 0.91667 73 3.00000
4730000 24 6.87500 27 74 187 0.91667 75 3.04167
4735000 26 6.65385 28 82 191 0.80769 75 2.84615
4740000 27 6.66667 29 79 188 0.81481 73 2.62963
4745000 29 6.31034 29 83 193 0.82759 76 2.51724
4750000 30 6.33333 25 79 200 0.90000 76 2.46667
4755000 31 6.32258 26 72 205 0.87097 74 2.32258
4760000 27 7.00000 27 68 193 0.77778 74 2.70370
4765000 24 7.70833 23 81 203 0.87500 74 2.95833
4770000 23 7.95652 25 71 195 0.82609 73 3.08696
4775000 23 7.86957 19 60 181 0.78261 76 3.13043
4780000 24 7.50000 19 63 182 0.87500 75 3.04167
4785000 23 8.17391 35 68 194 0.82609 74 3.13043
4790000 30 6.83333 32 51 202 0.76667 72 2.36667
4795000 23 8.60870 44 62 196 0.82609 74 3.08696
4800000 23 8.26087 43 66 201 0.86957 74 3.08696
4805000 21 8.42857 43 77 196 0.90476 74 3.38095
4810000 25 8.00000 45 67 202 0.88000 77 2.88000
4815000 23 8.26087 47 67 209 0.95652 76 3.21739
4820000 23 8.13043 44 75 203 0.91304 75 3.21739
4825000 24 8.00000 43 70 199 0.83333 75 3.04167
4830000 25 7.84000 47 61 198 0.76000 74 2.88000
4835000 27 7.18519 43 56 187 0.85185 75 2.66667
4840000 26 6.84615 42 63 186 0.88462 74 2.76923
4845000 26 6.96154 41 68 192 0.96154 74 2.80769
4850000 24 7.20833 45 72 191 0.95833 76 3.12500
4855000 27 6.85185 47 60 193 0.88889 76 2.81481
4860000 26 6.73077 48 64 184 0.80769 72 2.76923
4865000 27 6.48148 46 69 181 0.81481 75 2.70370
4870000 24 7.33333 46 75 184 0.83333 74 2.91667
4875000 25 6.84000 42 77 182 0.88000 71 2.72000
4880000 26 6.84615 43 68 191 0.80769 71 2.61538
4885000 27 6.70370 39 70 195 0.81481 70 2.51852
4890000 22 8.27273 40 74 210 0.95455 71 3.13636
4895000 26 7.15385 41 71 202 0.96154 76 2.73077
4900000 26 7.26923 44 67 208 0.96154 75 2.69231
4905000 26 7.15385 40 65 201 0.88462 76 2.57692
4910000 25 7.56000 40 73 203 0.92000 73 2.80000
4915000 24 7.50000 37 75 191 0.95833 70 2.87500
4920000 28 6.64286 37 69 194 0.82143 74 2.64286
4925000 24 7.87500 38 65 207 0.91667 73 3.00000
4930000 23 8.13043 37 72 201 0.86957 74 3.17391
4935000 24 8.00000 36 68 202 0.91667 76 3.04167
4940000 27 7.55556 38 52 200 0.85185 75 2.74074
4945000 23 8.17391 37 73 200 0.91304 77 3.21739
4950000 24 7.95833 35 63 194 0.83333 75 3.08333
4955000 26 7.03846 32 59 183 0.80769 74 2.80769
4960000 21 8.00000 30 67 180 0.95238 76 3.47619
4965000 26 6.84615 30 59 182 0.80769 75 2.84615
4970000 26 7.30769 28 54 198 0.80769 78 2.88462
4975000 25 7.28000 27 49 189 0.96000 76 3.04000
4980000 25 7.28000 25 57 194 0.88000 76 3.00000
4985000 25 6.92000 23 64 182 0.92000 75 3.00000
4990000 25 7.00000 23 65 184 0.92000 75 2.96000
4995000 27 6.66667 21 78 188 0.85185 74 2.74074
5000000 30 6.10000 19 72 187 0.76667 74 2.46667
5005000 29 6.17241 20 73 192 0.82759 77 2.65517
5010000 31 5.54839 19 78 178 0.83871 77 2.48387
5015000 25 6.24000 17 84 179 0.96000 77 3.00000
5020000 30 5.63333 17 76 176 0.90000 77 2.50000
5025000 26 6.76923 22 64 176 0.84615 76 2.84615
5030000 31 5.67742 23 61 177 0.74194 75 2.35484
5035000 24 6.91667 22 83 190 0.91667 73 3.00000
5040000 28 6.21429 26 69 185 0.92857 71 2.50000
5045000 23 7.08696 27 69 182 0.95652 73 3.00000
5050000 26 6.57692 27 68 187 0.92308 73 2.73077
5055000 26 6.73077 22 72 187 0.88462 74 2.84615
5060000 24 7.25000 20 79 186 0.83333 73 3.04167
5065000 27 7.18519 21 62 195 0.85185 77 2.74074
5070000 29 6.24138 19 71 184 0.86207 75 2.51724
5075000 30 6.10000 18 69 191 0.83333 74 2.40000
5080000 25 7.08000 18 79 191 0.96000 75 2.96000
5085000 23 7.65217 20 81 192 0.86957 78 3.21739
5090000 28 6.35714 19 71 190 0.85714 80 2.71429
5095000 32 6.28125 20 60 204 0.81250 78 2.34375
5100000 29 6.58621 19 66 198 0.82759 77 2.55172
5105000 25 7.44000 22 65 194 0.96000 78 3.00000
5110000 24 7.62500 21 58 196 0.95833 77 3.20833
5115000 24 7.75000 20 63 199 0.91667 78 3.20833
5120000 24 8.04167 20 69 205 0.95833 77 3.20833
5125000 22 8.54545 19 68 200 1.00000 78 3.50000
5130000 23 7.95652 18 64 196 0.95652 78 3.39130
5135000 29 6.44828 17 55 194 0.89655 77 2.65517
5140000 27 6.77778 18 66 185 0.81481 79 2.88889
5145000 25 7.32000 17 66 196 0.84000 76 3.04000
5150000 22 8.18182 19 72 193 0.95455 78 3.50000
5155000 24 8.00000 21 66 203 0.87500 77 3.16667
5160000 21 8.66667 22 65 197 0.95238 76 3.61905
5165000 26 7.53846 25 57 198 0.80769 76 2.92308
5170000 22 8.22727 24 60 200 0.95455 76 3.36364
5175000 19 9.42105 24 67 201 1.00000 77 3.89474
5180000 24 7.83333 24 60 195 0.87500 78 3.25000
5185000 24 7.54167 25 65 191 0.91667 78 3.25000
5190000 27 6.92593 24 56 197 0.85185 78 2.81481
5195000 21 8.23810 24 71 189 0.85714 78 3.66667
5200000 23 7.69565 30 67 186 0.82609 78 3.39130
5205000 25 7.12000 32 72 190 0.80000 77 3.04000
5210000 21 7.95238 30 88 186 0.95238 79 3.66667
5215000 26 7.00000 32 72 193 0.80769 81 3.07692
5220000 25 7.20000 39 67 185 0.76000 79 3.04000
5225000 22 7.95455 39 79 185 0.95455 78 3.45455
5230000 22 8.00000 39 75 198 0.90909 80 3.54545
5235000 23 7.60870 37 69 191 0.95652 80 3.34783
5240000 25 6.96000 32 62 189 0.92000 77 3.08000
5245000 23 7.52174 32 70 180 0.82609 76 3.17391
5250000 22 8.27273 34 58 195 0.81818 77 3.36364
5255000 23 7.73913 31 68 198 0.91304 74 3.13043
5260000 22 7.81818 31 73 191 0.81818 75 3.22727
5265000 23 7.30435 30 79 183 0.82609 73 3.00000
5270000 25 7.20000 31 74 180 0.80000 73 2.84000
5275000 28 6.53571 30 65 192 0.82143 75 2.60714
5280000 23 7.52174 32 74 181 0.82609 75 3.13043
5285000 24 7.33333 32 68 198 0.79167 76 3.00000
5290000 24 7.45833 28 69 188 0.95833 75 3.08333
5295000 23 7.52174 28 69 180 0.91304 73 3.17391
5300000 25 6.72000 27 67 171 0.84000 73 2.92000
5305000 23 7.56522 27 60 182 0.95652 77 3.13043
5310000 21 8.28571 30 59 186 0.85714 74 3.38095
5315000 21 8.47619 28 63 185 0.85714 75 3.47619
5320000 28 6.67857 23 57 185 0.78571 78 2.67857
5325000 24 7.54167 25 66 194 0.91667 75 3.08333
5330000 23 8.30435 23 57 197 0.82609 76 3.21739
5335000 19 9.42105 22 69 200 1.00000 76 3.84211
5340000 25 7.52000 22 62 196 0.76000 75 2.96000
5345000 22 7.90909 22 67 179 0.86364 76 3.45455
5350000 25 7.40000 23 63 196 0.92000 77 3.04000
5355000 21 9.00000 30 67 199 0.80952 79 3.66667
5360000 18 10.05556 29 80 205 1.00000 80 4.33333
5365000 22 8.54545 30 66 190 0.86364 79 3.45455
5370000 24 7.95833 33 68 197 0.83333 77 3.12500
5375000 25 7.84000 32 55 192 0.76000 77 3.00000
5380000 24 7.41667 30 55 179 0.75000 76 3.00000
5385000 21 7.95238 29 65 184 0.90476 77 3.52381
5390000 24 7.08333 27 72 188 0.91667 78 3.00000
5395000 23 7.34783 24 72 180 0.95652 79 3.30435
5400000 25 7.20000 24 67 190 0.88000 79 3.04000
5405000 25 7.44000 24 68 193 0.88000 78 3.08000
5410000 27 7.18519 24 65 202 0.88889 76 2.81481
5415000 28 6.64286 23 61 193 0.85714 77 2.71429
5420000 25 6.80000 23 67 171 0.88000 75 2.92000
5425000 28 6.42857 23 55 176 0.75000 76 2.64286
5430000 26 6.53846 20 60 169 0.84615 75 2.84615
5435000 25 6.68000 19 63 169 0.88000 78 3.00000
5440000 27 6.29630 18 63 180 0.92593 76 2.74074
5445000 26 6.57692 17 67 178 0.88462 76 2.84615
5450000 26 6.57692 15 68 172 0.84615 76 2.84615
5455000 27 6.59259 25 62 179 0.81481 78 2.77778
5460000 21 8.19048 25 70 185 0.90476 77 3.42857
5465000 24 7.58333 26 65 184 0.87500 77 3.12500
5470000 19 8.47368 35 85 181 0.94737 74 3.73684
5475000 27 6.88889 38 74 185 0.77778 76 2.66667
5480000 27 6.74074 37 79 191 0.81481 75 2.74074
5485000 22 8.00000 35 92 191 0.86364 75 3.27273
5490000 28 6.64286 34 75 187 0.75000 77 2.64286
5495000 25 7.48000 33 70 199 0.96000 77 3.00000
5500000 20 8.75000 32 74 194 0.95000 77 3.75000
5505000 23 7.56522 29 72 190 0.91304 77 3.30435
5510000 21 8.42857 30 65 185 0.85714 75 3.52381
5515000 20 8.55000 28 65 180 1.00000 75 3.75000
5520000 26 7.11538 29 60 186 0.80769 75 2.88462
5525000 22 8.00000 26 76 186 0.95455 78 3.40909
5530000 23 7.56522 22 82 190 0.86957 78 3.26087
5535000 28 7.21429 24 64 197 0.82143 77 2.75000
5540000 27 7.14815 21 67 199 0.85185 76 2.77778
5545000 32 6.15625 22 56 200 0.71875 75 2.34375
5550000 21 8.28571 25 66 189 0.90476 76 3.57143
5555000 20 8.50000 25 71 186 1.00000 76 3.75000
5560000 23 7.78261 22 53 183 0.82609 74 3.13043
5565000 24 7.25000 20 54 183 0.83333 74 3.00000
5570000 21 7.76190 19 64 179 0.90476 75 3.38095
5575000 22 7.50000 20 63 182 0.86364 72 3.22727
5580000 26 6.76923 22 53 186 0.92308 73 2.76923
5585000 21 7.85714 21 62 177 0.95238 74 3.52381
5590000 25 6.84000 18 61 181 0.96000 73 2.88000
5595000 23 7.30435 18 69 179 0.91304 75 3.17391
5600000 23 7.26087 18 62 178 0.91304 73 3.13043
5605000 23 7.26087 18 78 194 0.95652 75 3.17391
5610000 29 6.24138 17 74 197 0.72414 75 2.44828
5615000 26 6.80769 19 68 192 0.92308 74 2.76923
5620000 24 7.79167 25 61 198 0.91667 73 3.04167
5625000 27 6.81481 22 55 183 0.81481 74 2.70370
5630000 24 7.12500 25 62 181 0.83333 74 3.00000
5635000 22 7.77273 30 71 185 0.86364 76 3.36364
5640000 27 6.96296 29 57 186 0.77778 79 2.70370
5645000 24 7.54167 26 65 200 1.00000 76 3.12500
5650000 19 9.05263 26 69 200 0.94737 76 3.84211
5655000 24 7.62500 22 61 198 0.91667 79 3.12500
5660000 24 7.87500 26 60 194 0.87500 76 3.12500
5665000 20 9.15000 25 56 203 1.00000 74 3.60000
5670000 21 8.42857 23 53 191 1.00000 73 3.28571
5675000 21 8.19048 20 61 181 0.95238 73 3.38095
5680000 24 7.12500 17 66 180 0.75000 78 2.91667
5685000 23 7.69565 19 63 189 0.91304 76 3.08696
5690000 21 8.33333 20 62 186 0.90476 74 3.28571
5695000 25 7.48000 23 55 191 0.96000 76 3.00000
5700000 24 7.70833 25 58 194 0.87500 76 3.08333
5705000 22 7.90909 25 69 188 0.95455 71 3.13636
5710000 23 7.82609 26 59 190 0.95652 70 2.91304
5715000 22 7.86364 23 71 189 0.95455 73 3.09091
5720000 26 7.00000 24 62 197 0.84615 73 2.76923
5725000 23 8.08696 25 63 193 0.86957 73 3.17391
5730000 25 7.80000 22 73 207 0.80000 73 2.88000
5735000 23 8.08696 24 72 198 0.86957 74 3.17391
5740000 27 7.22222 25 56 201 0.85185 75 2.77778
5745000 22 8.22727 26 65 211 0.90909 76 3.31818
5750000 22 8.27273 26 68 197 0.90909 75 3.27273
5755000 26 7.34615 27 67 205 0.84615 79 2.88462
5760000 31 6.54839 26 65 215 0.87097 78 2.45161
5765000 27 7.85185 28 70 225 0.92593 79 2.85185
5770000 26 7.80769 29 61 217 0.88462 78 2.96154
5775000 23 8.82609 28 73 208 0.86957 76 3.26087
5780000 26 8.42308 27 62 224 0.84615 78 2.92308
5785000 21 9.80952 26 61 216 0.95238 77 3.57143
5790000 21 9.66667 25 62 215 0.95238 76 3.52381
5795000 23 8.78261 23 59 208 0.91304 77 3.30435
5800000 22 8.95455 21 66 215 0.90909 78 3.50000
5805000 21 9.00000 23 64 192 0.95238 75 3.52381
5810000 23 8.34783 25 60 189 0.78261 74 3.13043
5815000 24 8.00000 25 70 191 0.79167 72 2.95833
5820000 26 7.23077 25 74 191 0.84615 73 2.80769
5825000 28 6.64286 25 73 189 0.82143 74 2.64286
5830000 26 6.84615 23 68 185 0.84615 76 2.76923
5835000 26 6.84615 25 64 182 0.92308 75 2.80769
5840000 24 7.29167 23 77 186 0.87500 74 3.00000
5845000 22 7.54545 25 76 184 0.90909 76 3.27273
5850000 24 7.00000 26 78 180 0.83333 72 2.91667
5855000 25 6.76000 25 77 186 0.88000 72 2.84000
5860000 24 7.50000 27 69 195 0.91667 75 3.00000
5865000 29 6.34483 25 62 187 0.86207 76 2.51724
5870000 32 6.09375 27 64 205 0.87500 79 2.43750
5875000 30 6.16667 22 67 196 0.93333 78 2.50000
5880000 29 6.55172 22 53 193 0.93103 76 2.51724
5885000 26 6.76923 21 65 190 1.00000 75 2.76923
5890000 26 6.23077 21 73 179 0.96154 76 2.80769
5895000 27 6.22222 21 62 180 0.85185 76 2.66667
5900000 26 6.19231 19 68 170 0.84615 75 2.76923
5905000 26 6.53846 23 64 177 0.92308 73 2.76923
5910000 25 6.68000 21 64 169 0.80000 74 2.92000
5915000 26 6.00000 18 65 162 0.84615 75 2.80769
5920000 29 5.86207 20 59 168 0.79310 75 2.58621
5925000 25 6.56000 23 74 180 0.88000 76 2.96000
5930000 29 5.89655 22 76 179 0.79310 77 2.58621
5935000 27 6.22222 21 72 170 0.77778 75 2.59259
5940000 24 6.62500 18 80 182 0.91667 75 2.95833
5945000 27 6.18519 17 66 180 0.85185 73 2.62963
5950000 24 6.58333 16 71 177 0.87500 76 3.08333
5955000 22 7.18182 17 81 182 0.95455 74 3.36364
5960000 26 6.46154 16 64 172 0.84615 76 2.84615
5965000 22 7.40909 18 82 189 0.95455 76 3.31818
5970000 26 6.96154 18 72 195 0.84615 77 2.76923
5975000 25 7.44000 18 68 196 0.84000 78 2.96000
5980000 27 7.00000 20 71 197 0.85185 79 2.77778
5985000 27 7.33333 21 77 205 0.88889 80 2.92593
5990000 28 7.50000 22 80 216 0.89286 80 2.82143
5995000 30 7.06667 22 79 212 0.86667 78 2.60000
6000000 33 6.72727 27 62 221 0.81818 80 2.42424
6005000 29 7.48276 28 63 225 0.89655 80 2.75862
6010000 25 8.36000 33 59 204 0.84000 80 3.20000
6015000 25 8.20000 34 73 214 0.80000 81 3.24000
6020000 24 8.16667 36 80 205 0.87500 80 3.33333
6025000 28 7.07143 30 76 197 0.75000 79 2.82143
6030000 30 6.70000 28 73 201 0.73333 79 2.63333
6035000 26 7.73077 30 73 213 0.92308 77 2.96154
6040000 29 7.48276 32 53 210 0.82759 77 2.62069
6045000 26 7.69231 27 62 206 0.80769 76 2.88462
6050000 24 7.54167 24 66 202 0.95833 76 3.08333
6055000 25 7.24000 25 61 185 0.84000 72 2.88000
6060000 20 8.45000 27 67 190 0.95000 75 3.75000
6065000 25 7.44000 26 62 195 0.88000 75 3.00000
6070000 23 8.17391 26 78 196 0.86957 78 3.34783
6075000 27 7.25926 25 74 205 0.81481 77 2.77778
6080000 25 8.16000 30 64 204 0.80000 78 3.08000
6085000 24 8.45833 29 68 206 0.87500 78 3.25000
6090000 24 8.33333 27 63 207 0.91667 78 3.20833
6095000 24 8.08333 23 58 192 0.83333 77 3.16667
6100000 25 7.68000 23 54 192 0.92000 79 3.08000
6105000 26 7.80769 21 62 200 0.84615 77 2.92308
6110000 26 7.80769 23 55 195 0.80769 76 2.92308
6115000 23 8.26087 31 72 206 1.00000 76 3.30435
6120000 26 7.50000 26 61 208 0.80769 76 2.92308
6125000 25 7.28000 23 69 200 0.84000 74 2.92000
6130000 24 7.58333 26 63 202 0.91667 76 3.12500
6135000 27 6.59259 23 72 189 0.81481 78 2.88889
6140000 26 6.96154 22 74 193 0.88462 76 2.92308
6145000 29 6.65517 20 65 192 0.75862 77 2.65517
6150000 27 7.00000 22 64 199 0.88889 77 2.81481
6155000 23 7.69565 22 68 190 0.86957 76 3.26087
6160000 24 7.50000 23 68 195 0.95833 77 3.16667
6165000 29 6.37931 19 54 188 0.82759 77 2.62069
6170000 25 7.84000 21 51 202 0.88000 76 3.00000
6175000 27 7.14815 17 48 192 0.88889 74 2.74074
6180000 24 7.70833 20 57 200 0.91667 75 3.04167
6185000 25 7.40000 25 55 193 0.84000 74 2.96000
6190000 27 6.40741 17 58 182 0.88889 74 2.74074
6195000 29 6.24138 17 55 171 0.86207 75 2.55172
6200000 27 6.48148 17 69 171 0.81481 75 2.74074
6205000 28 6.25000 17 70 195 0.96429 75 2.67857
6210000 26 6.50000 18 75 172 0.88462 73 2.80769
6215000 27 6.29630 20 74 181 0.96296 74 2.74074
6220000 27 6.18519 19 80 181 0.81481 75 2.62963
6225000 25 6.88000 14 81 198 0.92000 73 2.92000
6230000 29 6.17241 14 75 193 0.89655 76 2.58621
6235000 31 5.74194 16 72 169 0.74194 77 2.38710
6240000 28 6.60714 18 72 197 0.89286 78 2.75000
6245000 26 7.23077 22 75 205 0.92308 76 2.92308
6250000 28 6.67857 21 79 192 0.75000 78 2.67857
6255000 23 7.56522 21 88 197 0.91304 75 3.21739
6260000 27 7.03704 19 83 201 0.88889 76 2.77778
6265000 26 7.30769 20 73 203 0.88462 76 2.84615
6270000 23 8.00000 22 77 206 0.86957 76 3.21739
6275000 26 7.46154 20 61 199 0.76923 74 2.84615
6280000 21 9.23810 22 63 211 0.95238 72 3.28571
6285000 18 10.55556 28 64 210 1.00000 72 4.00000
6290000 19 10.26316 27 53 207 0.94737 74 3.78947
6295000 22 8.77273 26 46 198 0.90909 75 3.40909
6300000 19 9.36842 28 57 196 0.94737 73 3.78947
6305000 23 8.17391 32 50 198 0.86957 74 3.17391
6310000 24 7.79167 29 57 202 0.83333 76 3.16667
6315000 19 9.47368 29 61 202 1.00000 78 4.05263
6320000 20 9.05000 24 66 194 0.95000 78 3.75000
6325000 22 8.18182 24 67 193 0.95455 79 3.50000
6330000 20 8.40000 25 74 184 0.90000 75 3.65000
6335000 25 7.20000 23 68 196 0.88000 75 3.00000
6340000 20 8.40000 26 75 190 0.90000 78 3.75000
6345000 29 6.27586 22 71 180 0.75862 77 2.65517
6350000 26 7.03846 20 86 205 0.92308 76 2.92308
6355000 26 7.34615 24 77 199 0.76923 76 2.84615
6360000 22 8.36364 23 84 193 0.81818 76 3.36364
6365000 24 7.95833 31 71 198 0.83333 75 3.12500
6370000 26 7.23077 27 66 187 0.80769 76 2.88462
6375000 24 7.45833 26 79 197 0.87500 78 3.12500
6380000 26 7.26923 25 71 197 0.80769 78 2.96154
6385000 23 8.00000 27 67 201 0.86957 78 3.30435
6390000 29 6.79310 27 55 195 0.82759 77 2.62069
6395000 22 8.45455 29 69 203 0.90909 76 3.45455
6400000 21 8.90476 28 61 205 1.00000 77 3.61905
6405000 25 7.60000 28 64 196 0.80000 77 3.04000
6410000 20 9.50000 26 67 205 0.95000 78 3.85000
6415000 24 8.08333 25 69 209 0.91667 78 3.20833
6420000 24 8.25000 24 69 205 0.87500 75 3.12500
6425000 21 8.42857 23 79 197 0.90476 75 3.57143
6430000 22 7.95455 23 86 193 0.90909 76 3.36364
6435000 23 7.65217 26 82 192 0.91304 76 3.26087
6440000 25 7.20000 23 76 191 0.96000 77 3.00000
6445000 23 7.91304 23 65 198 0.86957 78 3.26087
6450000 22 7.90909 24 68 187 0.90909 79 3.45455
6455000 23 8.00000 23 70 196 0.86957 77 3.30435
6460000 23 7.91304 20 66 200 0.91304 78 3.30435
6465000 28 6.96429 20 56 196 0.85714 75 2.67857
6470000 25 7.72000 21 69 201 0.80000 77 3.00000
6475000 25 7.32000 19 72 200 0.88000 79 3.04000
6480000 25 7.08000 18 80 197 0.92000 79 3.12000
6485000 30 6.40000 17 64 204 0.86667 79 2.63333
6490000 24 7.20833 21 73 193 0.87500 79 3.25000
6495000 30 6.23333 19 68 184 0.70000 79 2.60000
6500000 27 6.66667 20 76 198 0.92593 80 2.88889
6505000 30 6.50000 19 64 193 0.76667 77 2.56667
6510000 23 8.43478 21 64 202 0.91304 77 3.30435
6515000 28 6.92857 21 69 201 0.82143 77 2.67857
6520000 26 7.88462 24 72 219 0.88462 76 2.88462
6525000 24 8.62500 27 75 220 0.95833 76 3.16667
6530000 23 8.86957 28 68 219 0.82609 75 3.26087
6535000 20 9.95000 31 67 215 0.95000 78 3.85000
6540000 22 8.95455 32 65 207 0.86364 78 3.54545
6545000 23 8.26087 27 67 203 0.91304 79 3.39130
6550000 23 8.30435 24 70 198 0.82609 79 3.39130
6555000 23 8.04348 25 71 192 0.86957 77 3.34783
6560000 24 7.62500 30 70 188 0.75000 77 3.16667
6565000 18 9.72222 26 77 196 1.00000 77 4.22222
6570000 23 7.78261 25 69 186 0.86957 76 3.26087
6575000 23 7.73913 24 69 179 0.78261 78 3.30435
6580000 25 6.92000 21 68 173 0.72000 77 3.00000
6585000 20 8.25000 20 70 174 0.90000 76 3.75000
6590000 22 7.77273 21 73 173 0.86364 79 3.59091
6595000 24 7.79167 22 68 179 0.70833 78 3.25000
6600000 21 8.28571 20 86 186 0.80952 77 3.66667
6605000 22 8.27273 23 87 190 0.72727 76 3.40909
6610000 20 9.10000 20 94 190 0.75000 75 3.70000
6615000 19 9.73684 17 86 193 0.78947 77 3.89474
6620000 22 8.63636 17 78 191 0.77273 78 3.40909
6625000 24 7.95833 19 77 196 0.83333 77 3.16667
6630000 21 9.00000 20 74 199 0.80952 79 3.61905
6635000 24 8.04167 22 67 197 0.83333 76 3.12500
6640000 22 8.45455 21 63 188 0.86364 76 3.45455
6645000 19 9.36842 24 79 186 0.84211 77 4.00000
6650000 21 8.52381 25 61 178 0.76190 78 3.61905
6655000 22 8.22727 24 60 184 0.68182 76 3.36364
6660000 21 8.42857 22 63 181 0.80952 77 3.66667
6665000 21 8.23810 23 82 188 0.85714 78 3.71429
6670000 24 7.62500 26 76 189 0.75000 78 3.16667
6675000 24 7.75000 28 63 202 0.83333 77 3.20833
6680000 18 9.72222 28 75 193 1.00000 77 4.27778
6685000 25 7.64000 28 58 198 0.80000 77 3.08000
6690000 24 8.00000 27 75 203 0.87500 79 3.20833
6695000 22 8.54545 28 74 201 0.86364 77 3.40909
6700000 27 7.22222 27 64 199 0.81481 79 2.77778
6705000 22 8.40909 26 74 187 0.90909 76 3.31818
6710000 18 10.22222 28 71 208 0.94444 77 4.11111
6715000 19 9.00000 23 68 188 0.84211 74 3.78947
6720000 22 7.68182 23 77 184 0.86364 75 3.22727
6725000 20 8.15000 20 73 182 0.95000 76 3.75000
6730000 17 9.58824 22 70 178 0.88235 76 4.23529
6735000 19 8.89474 21 73 188 0.89474 77 4.00000
6740000 19 8.89474 23 72 183 0.84211 77 3.94737
6745000 22 7.45455 21 73 177 0.72727 77 3.40909
6750000 19 8.31579 21 77 173 0.84211 75 3.89474
6755000 25 6.88000 23 67 173 0.80000 76 3.00000
6760000 22 7.63636 23 72 175 0.86364 77 3.50000
6765000 26 6.69231 25 71 174 0.73077 78 2.96154
6770000 24 7.25000 20 71 181 0.83333 78 3.16667
6775000 21 7.76190 21 88 184 0.85714 79 3.57143
6780000 24 7.12500 24 71 180 0.83333 77 3.16667
6785000 21 7.90476 25 70 193 0.95238 79 3.66667
6790000 17 9.70588 26 67 180 1.00000 77 4.47059
6795000 19 8.42105 22 57 171 0.89474 78 4.00000
6800000 19 7.94737 19 66 166 0.84211 73 3.78947
6805000 20 7.75000 22 57 163 0.85000 73 3.60000
6810000 22 7.36364 20 59 174 0.90909 73 3.27273
6815000 19 8.15789 23 62 163 0.78947 72 3.73684
6820000 19 8.05263 23 71 166 0.89474 76 3.89474
6825000 21 7.71429 26 63 177 0.95238 77 3.57143
6830000 22 7.54545 25 69 180 0.90909 78 3.45455
6835000 23 7.39130 26 70 180 0.82609 79 3.34783
6840000 25 7.28000 29 76 187 0.80000 79 3.04000
6845000 24 7.87500 29 71 198 0.83333 76 3.08333
6850000 23 8.30435 29 69 194 0.86957 75 3.21739
6855000 25 7.64000 30 65 197 0.84000 77 3.08000
6860000 22 7.95455 29 67 184 0.90909 76 3.40909
6865000 20 8.50000 25 74 189 0.95000 76 3.75000
6870000 21 8.42857 28 61 194 0.95238 77 3.52381
6875000 24 7.50000 27 64 201 0.87500 77 3.00000
6880000 24 7.91667 28 62 202 0.79167 79 3.16667
6885000 18 9.44444 27 72 187 1.00000 77 4.16667
6890000 20 8.50000 27 73 185 0.80000 77 3.75000
6895000 20 8.75000 27 68 186 0.90000 78 3.80000
6900000 21 8.71429 25 60 200 0.95238 78 3.57143
6905000 20 9.05000 25 62 200 0.95000 76 3.80000
6910000 21 8.19048 24 59 181 0.76190 76 3.52381
6915000 19 8.78947 24 69 185 0.89474 74 3.89474
6920000 20 8.45000 23 72 189 0.90000 74 3.65000
6925000 22 8.18182 23 70 187 0.81818 73 3.27273
6930000 23 7.95652 25 79 201 0.91304 72 3.13043
6935000 23 7.91304 23 74 193 0.82609 73 3.13043
6940000 23 7.91304 20 75 192 0.82609 73 3.13043
6945000 26 7.38462 20 72 207 0.84615 74 2.84615
6950000 27 7.44444 22 64 204 0.77778 75 2.74074
6955000 25 8.32000 24 63 215 0.80000 76 2.92000
6960000 30 7.30000 23 61 218 0.83333 77 2.50000
6965000 30 7.16667 25 67 221 0.93333 76 2.53333
6970000 26 7.96154 24 77 216 0.84615 77 2.88462
6975000 28 7.75000 22 73 218 0.85714 75 2.64286
6980000 28 7.53571 19 67 217 0.89286 76 2.67857
6985000 23 8.65217 20 73 209 0.91304 76 3.30435
6990000 21 9.52381 20 71 216 0.95238 78 3.61905
6995000 23 9.26087 22 57 223 0.91304 76 3.26087
7000000 23 8.86957 19 63 219 0.95652 76 3.21739
7005000 32 6.65625 19 55 210 0.81250 75 2.34375
7010000 29 6.65517 18 73 203 0.86207 75 2.55172
7015000 24 7.83333 24 74 208 0.95833 78 3.04167
7020000 23 8.65217 25 73 220 1.00000 78 3.26087
7025000 24 8.54167 28 66 216 0.87500 76 3.08333
7030000 25 7.80000 29 69 208 0.92000 78 3.04000
7035000 27 7.37037 27 56 201 0.88889 79 2.81481
7040000 25 7.80000 27 60 205 0.88000 79 3.12000
7045000 23 8.30435 27 54 200 0.91304 79 3.39130
7050000 25 7.72000 25 57 207 1.00000 80 3.16000
7055000 27 7.03704 23 58 202 0.88889 79 2.92593
7060000 27 6.85185 23 57 199 0.88889 79 2.92593
7065000 31 6.19355 25 47 185 0.74194 79 2.54839
7070000 22 8.45455 25 61 203 0.95455 78 3.40909
7075000 25 7.24000 24 62 185 0.84000 77 3.08000
7080000 25 7.60000 25 63 207 0.96000 78 3.08000
7085000 27 7.25926 21 68 202 0.85185 78 2.85185
7090000 26 7.53846 18 59 205 0.76923 77 2.92308
7095000 24 7.83333 20 66 205 0.91667 78 3.16667
7100000 23 8.08696 26 74 201 0.91304 77 3.26087
7105000 21 9.00000 29 74 209 1.00000 78 3.61905
7110000 22 8.68182 25 66 206 0.95455 79 3.54545
7115000 24 8.16667 24 61 210 0.87500 80 3.25000
7120000 25 7.64000 24 57 198 0.80000 77 3.08000
7125000 22 8.63636 23 60 199 0.86364 78 3.50000
7130000 20 9.35000 23 70 205 0.95000 74 3.70000
7135000 20 9.30000 25 69 204 0.85000 77 3.75000
7140000 24 7.95833 26 61 199 0.79167 77 3.12500
7145000 19 9.68421 30 72 208 0.94737 76 3.89474
7150000 19 9.57895 29 71 199 0.89474 78 4.05263
7155000 25 7.68000 26 63 203 0.80000 77 3.08000
7160000 29 7.00000 26 65 201 0.72414 78 2.68966
7165000 25 7.80000 33 68 201 0.88000 77 3.08000
7170000 22 8.36364 25 70 193 0.77273 78 3.45455
7175000 24 8.33333 28 64 209 0.66667 78 3.16667
7180000 20 9.50000 29 68 201 0.85000 78 3.75000
7185000 22 8.77273 28 63 197 0.86364 78 3.50000
7190000 19 9.42105 25 64 190 0.84211 78 4.00000
7195000 23 7.65217 21 64 184 0.82609 78 3.34783
7200000 17 9.58824 21 71 180 0.94118 79 4.47059
7205000 18 9.44444 25 63 175 0.88889 77 4.22222
7210000 19 9.31579 27 63 192 0.89474 76 4.00000
7215000 21 8.04762 26 77 178 0.76190 76 3.57143
7220000 21 7.76190 27 80 176 0.76190 77 3.57143
7225000 22 7.59091 29 80 181 0.81818 75 3.36364
7230000 24 6.91667 27 78 177 0.83333 75 3.12500
7235000 22 7.59091 25 74 177 0.81818 75 3.31818
7240000 21 7.61905 26 79 187 0.85714 75 3.47619
7245000 25 6.76000 28 63 178 0.88000 73 2.84000
7250000 23 7.08696 30 69 178 0.91304 72 2.91304
7255000 21 7.76190 33 72 191 1.00000 72 3.38095
7260000 24 7.20833 30 66 187 0.91667 74 2.91667
7265000 24 7.45833 31 72 190 0.91667 74 3.04167
7270000 25 7.28000 30 71 195 0.96000 73 2.88000
7275000 24 7.45833 30 70 194 0.91667 79 3.12500
7280000 23 7.08696 27 67 173 0.95652 75 3.21739
7285000 27 6.51852 25 65 179 0.77778 76 2.74074
7290000 28 6.50000 25 78 193 0.75000 76 2.60714
7295000 23 8.26087 26 76 205 0.91304 77 3.21739
7300000 26 7.26923 27 66 195 0.96154 78 2.96154
7305000 31 6.09677 24 54 194 0.77419 77 2.48387
7310000 23 7.73913 25 73 195 0.86957 79 3.34783
7315000 25 7.24000 27 70 197 0.84000 79 3.00000
7320000 24 7.16667 24 67 190 0.83333 80 3.16667
7325000 23 7.86957 26 66 199 0.91304 79 3.39130
7330000 21 8.57143 24 67 190 0.85714 76 3.61905
7335000 20 8.80000 22 72 193 0.95000 77 3.70000
7340000 22 8.40909 21 66 192 0.81818 76 3.36364
7345000 20 8.95000 20 65 194 0.95000 74 3.60000
7350000 19 9.21053 23 68 189 1.00000 72 3.78947
7355000 23 7.86957 24 62 199 0.91304 73 3.13043
7360000 23 7.65217 24 66 184 0.82609 78 3.26087
7365000 21 8.76190 28 66 198 0.90476 78 3.57143
7370000 21 8.52381 25 66 191 0.90476 75 3.57143
7375000 22 8.22727 25 67 197 0.90909 74 3.36364
7380000 21 8.57143 24 66 192 0.90476 75 3.52381
7385000 28 6.96429 25 59 195 0.75000 75 2.67857
7390000 24 7.95833 25 67 193 0.79167 76 3.12500
7395000 24 7.87500 30 59 198 0.87500 76 3.16667
7400000 22 8.04545 26 65 191 0.90909 75 3.36364
7405000 23 8.08696 24 53 191 0.91304 75 3.17391
7410000 22 8.18182 24 59 190 0.90909 73 3.27273
7415000 24 7.91667 29 61 200 0.95833 74 3.08333
7420000 26 7.57692 32 61 209 0.88462 73 2.80769
7425000 28 6.78571 30 58 185 0.64286 71 2.53571
7430000 21 7.95238 28 70 185 0.90476 74 3.38095
7435000 23 7.43478 26 68 189 0.82609 74 3.13043
7440000 21 8.42857 27 58 190 0.90476 77 3.52381
7445000 26 7.00000 25 65 188 0.84615 76 2.84615
7450000 21 8.14286 25 80 186 0.85714 79 3.61905
7455000 20 8.95000 25 80 195 0.85000 78 3.75000
7460000 20 9.55000 29 69 208 0.95000 78 3.80000
7465000 26 8.15385 29 58 214 0.84615 77 2.92308
7470000 26 7.50000 27 69 208 0.88462 79 2.96154
7475000 20 9.15000 27 77 195 0.95000 77 3.75000
7480000 24 8.08333 25 69 206 0.91667 78 3.16667
7485000 24 7.66667 22 72 191 0.91667 76 3.16667
7490000 25 7.44000 21 76 193 0.76000 75 2.92000
7495000 19 8.73684 20 86 186 0.94737 74 3.84211
7500000 25 7.00000 20 71 191 0.80000 76 2.92000
7505000 30 6.33333 20 59 188 0.73333 74 2.40000
7510000 22 8.22727 20 73 191 0.81818 76 3.31818
7515000 22 7.72727 20 76 179 0.86364 75 3.27273
7520000 18 8.77778 20 89 185 1.00000 76 4.11111
7525000 27 6.77778 18 69 186 0.77778 74 2.66667
7530000 18 9.50000 19 75 189 0.94444 76 4.00000
7535000 18 9.55556 22 81 195 0.94444 78 4.11111
7540000 27 7.07407 22 58 193 0.77778 78 2.81481
7545000 20 8.85000 22 68 191 0.95000 76 3.75000
7550000 24 7.83333 24 63 195 0.87500 76 3.16667
7555000 22 7.95455 27 80 193 0.86364 77 3.50000
7560000 23 8.08696 28 79 199 0.86957 77 3.26087
7565000 24 7.79167 27 80 196 0.79167 76 3.12500
7570000 25 7.88000 29 75 203 0.76000 77 3.04000
7575000 23 8.43478 31 73 204 0.86957 78 3.34783
7580000 22 8.63636 29 66 196 0.77273 74 3.31818
7585000 21 8.57143 28 66 201 0.90476 75 3.52381
7590000 24 7.58333 29 58 190 0.87500 75 3.04167
7595000 21 8.28571 26 78 185 0.85714 76 3.42857
7600000 23 7.69565 26 67 189 0.86957 77 3.21739
7605000 27 6.66667 27 60 180 0.81481 80 2.85185
7610000 24 7.04167 25 70 183 0.91667 76 3.12500
7615000 24 7.16667 23 74 178 0.79167 77 3.12500
7620000 25 7.08000 25 78 190 0.88000 74 2.88000
7625000 27 6.48148 18 81 188 0.81481 76 2.66667
7630000 31 6.16129 20 72 197 0.90323 78 2.41935
7635000 25 7.20000 24 84 197 0.80000 77 2.92000
7640000 26 7.19231 24 79 195 0.76923 76 2.80769
7645000 22 8.36364 25 71 201 0.95455 76 3.36364
7650000 24 7.83333 26 69 199 0.83333 76 3.08333
7655000 23 8.39130 30 76 217 0.95652 78 3.34783
7660000 20 9.40000 27 74 210 0.95000 76 3.80000
7665000 23 8.21739 25 77 203 0.86957 79 3.39130
7670000 25 8.00000 25 66 209 0.80000 79 3.12000
7675000 20 9.40000 28 65 198 0.90000 78 3.85000
7680000 20 9.10000 25 60 206 1.00000 79 3.90000
7685000 20 9.15000 26 68 201 0.95000 79 3.90000
7690000 21 9.00000 27 72 205 0.85714 79 3.61905
7695000 23 8.69565 25 62 211 0.86957 79 3.34783
7700000 22 8.81818 27 70 212 0.90909 80 3.59091
7705000 22 8.72727 28 70 206 0.90909 80 3.54545
7710000 23 8.39130 27 78 208 0.91304 81 3.39130
7715000 24 8.16667 27 72 208 0.87500 80 3.29167
7720000 25 7.80000 25 71 210 0.88000 81 3.20000
7725000 27 7.03704 26 75 202 0.88889 79 2.88889
7730000 26 7.61538 26 68 209 0.88462 78 2.96154
7735000 26 7.65385 22 69 217 0.88462 75 2.88462
7740000 25 7.76000 18 60 205 0.84000 75 2.96000
7745000 25 7.80000 19 56 206 0.88000 76 3.00000
7750000 25 7.84000 18 50 202 0.96000 76 3.04000
7755000 26 7.69231 23 47 202 0.92308 77 2.92308
7760000 23 8.34783 24 58 201 0.86957 80 3.39130
7765000 26 7.38462 23 41 196 0.92308 80 3.00000
7770000 23 7.73913 21 50 190 0.95652 78 3.30435
7775000 20 8.35000 24 64 183 0.95000 77 3.75000
7780000 21 7.76190 25 76 182 0.95238 78 3.52381
7785000 21 7.90476 28 70 186 0.90476 78 3.52381
7790000 23 7.47826 29 64 177 0.91304 77 3.26087
7795000 24 7.25000 28 63 184 0.83333 78 3.20833
7800000 21 8.57143 28 67 188 0.90476 77 3.61905
7805000 27 6.85185 24 54 189 0.85185 76 2.74074
7810000 25 6.80000 22 67 172 0.88000 74 2.88000
7815000 24 7.45833 27 61 189 0.83333 74 3.08333
7820000 23 7.43478 25 68 188 0.91304 75 3.17391
7825000 23 7.47826 26 72 184 0.91304 75 3.04348
7830000 22 7.63636 27 70 185 0.90909 70 3.13636
7835000 27 6.25926 26 67 177 0.85185 67 2.44444
7840000 26 6.50000 26 71 174 0.73077 67 2.57692
7845000 27 6.44444 23 76 186 0.77778 72 2.48148
7850000 25 7.16000 28 72 187 0.80000 72 2.72000
7855000 26 6.65385 23 70 179 0.84615 74 2.76923
7860000 24 7.04167 23 71 186 0.91667 74 3.04167
7865000 24 6.70833 21 82 175 0.83333 70 2.75000
7870000 27 5.92593 22 75 161 0.77778 72 2.51852
7875000 29 5.79310 21 73 177 0.82759 74 2.48276
7880000 27 6.22222 18 77 177 0.88889 74 2.66667
7885000 32 5.25000 17 69 173 0.81250 73 2.21875
7890000 25 6.28000 17 82 175 0.92000 73 2.84000
7895000 28 5.92857 18 68 180 0.85714 77 2.57143
7900000 27 6.22222 15 68 177 0.81481 75 2.70370
7905000 29 6.13793 16 64 180 0.89655 74 2.55172
7910000 29 6.37931 18 57 186 0.79310 74 2.51724
7915000 26 6.76923 24 57 182 0.84615 73 2.76923
7920000 24 6.41667 22 68 155 0.91667 73 3.04167
7925000 28 5.82143 24 68 166 0.75000 75 2.60714
7930000 24 6.50000 24 73 172 0.87500 75 3.00000
7935000 23 6.56522 24 76 172 0.95652 77 3.13043
7940000 23 6.52174 22 78 169 0.95652 77 3.17391
7945000 22 6.90909 19 79 167 0.90909 76 3.31818
7950000 27 6.00000 17 68 172 0.85185 74 2.70370
7955000 26 5.88462 17 78 171 0.84615 75 2.84615
7960000 24 6.33333 14 80 168 0.87500 74 2.91667
7965000 27 6.37037 16 54 173 0.81481 74 2.66667
7970000 28 5.92857 13 61 168 0.85714 74 2.64286
7975000 25 6.80000 14 70 183 0.80000 75 2.88000
7980000 23 7.08696 15 65 175 0.91304 77 3.26087
7985000 27 6.37037 16 67 178 0.77778 78 2.81481
7990000 28 6.42857 17 57 189 0.92857 76 2.64286
7995000 26 6.88462 17 53 185 0.84615 78 2.92308
8000000 29 6.24138 15 58 181 0.82759 77 2.62069
8005000 29 5.93103 15 62 180 0.86207 76 2.58621
8010000 30 5.73333 18 75 189 0.90000 74 2.46667
8015000 29 6.13793 17 77 186 0.93103 77 2.51724
8020000 29 6.00000 21 73 176 0.82759 73 2.44828
8025000 22 7.04545 21 80 182 0.95455 73 3.09091
8030000 26 6.57692 35 62 186 0.84615 77 2.80769
8035000 23 7.86957 40 64 191 0.95652 75 3.21739
8040000 25 7.40000 39 62 190 0.96000 75 2.84000
8045000 23 8.13043 40 74 198 1.00000 76 3.26087
8050000 24 7.70833 36 64 194 0.83333 76 3.04167
8055000 26 7.15385 34 64 192 0.80769 78 2.88462
8060000 21 8.61905 32 70 197 0.90476 78 3.52381
8065000 28 6.78571 29 58 180 0.78571 78 2.71429
8070000 25 7.04000 25 66 192 0.88000 76 2.92000
8075000 22 7.40909 21 67 162 0.81818 76 3.36364
8080000 22 7.22727 24 84 174 0.90909 77 3.36364
8085000 28 6.17857 25 70 167 0.82143 73 2.60714
8090000 29 6.44828 26 63 181 0.79310 74 2.55172
8095000 28 6.60714 25 63 192 0.75000 76 2.64286
8100000 26 6.61538 23 66 181 0.80769 72 2.61538
8105000 28 6.10714 22 60 169 0.78571 74 2.53571
8110000 25 6.76000 29 70 177 0.84000 72 2.80000
8115000 26 6.26923 21 70 171 0.84615 77 2.76923
8120000 27 5.96296 17 68 166 0.74074 76 2.59259
8125000 23 6.78261 16 78 174 0.95652 73 3.08696
8130000 26 6.57692 17 71 180 0.84615 76 2.73077
8135000 30 6.03333 17 65 175 0.80000 72 2.40000
8140000 26 6.92308 18 68 192 0.92308 75 2.76923
8145000 26 6.69231 16 53 181 0.88462 74 2.76923
8150000 27 6.88889 22 54 184 0.77778 76 2.70370
8155000 30 6.43333 22 59 189 0.80000 75 2.43333
8160000 33 5.84848 21 62 189 0.78788 75 2.27273
8165000 25 7.36000 20 68 188 0.88000 77 2.96000
8170000 24 7.58333 18 62 190 0.91667 74 3.00000
8175000 25 7.40000 18 59 178 0.84000 71 2.84000
8180000 23 7.73913 18 57 194 1.00000 74 3.13043
8185000 26 7.00000 16 52 189 0.84615 74 2.73077
8190000 23 7.52174 16 64 190 0.95652 73 3.08696
8195000 23 7.91304 16 61 196 1.00000 73 3.08696
8200000 24 7.58333 17 65 191 0.95833 72 2.91667
8205000 26 7.23077 22 70 202 0.92308 74 2.76923
8210000 25 7.76000 24 76 204 0.92000 75 2.96000
8215000 25 7.48000 19 75 195 0.88000 74 2.88000
8220000 25 7.44000 20 67 202 0.92000 76 2.92000
8225000 23 8.13043 22 78 207 0.95652 76 3.13043
8230000 31 6.51613 22 66 209 0.77419 74 2.29032
8235000 27 6.74074 22 74 201 0.88889 75 2.59259
8240000 26 7.34615 20 65 206 0.92308 74 2.61538
8245000 24 7.83333 20 70 194 0.91667 74 2.83333
8250000 29 7.03448 21 61 215 0.89655 74 2.41379
8255000 22 8.95455 22 68 214 0.95455 73 3.09091
8260000 27 7.48148 23 56 204 0.88889 71 2.51852
8265000 22 8.72727 25 61 208 0.90909 74 3.13636
8270000 22 8.77273 26 62 212 1.00000 72 3.27273
8275000 24 8.00000 22 62 208 0.91667 71 2.83333
8280000 24 7.79167 23 60 201 1.00000 72 2.83333
8285000 22 8.40909 24 65 204 1.00000 75 3.18182
8290000 23 8.52174 33 64 205 0.95652 75 3.17391
8295000 26 7.61538 27 59 207 0.80769 74 2.80769
8300000 22 8.68182 27 64 204 1.00000 77 3.40909
8305000 21 9.00000 27 68 213 0.95238 75 3.38095
8310000 26 7.11538 24 68 198 0.84615 76 2.73077
8315000 24 7.25000 24 70 190 0.91667 71 2.83333
8320000 25 6.68000 21 63 178 0.92000 74 2.80000
8325000 23 7.08696 19 70 182 0.95652 72 3.00000
8330000 26 6.92308 24 68 190 0.88462 72 2.69231
8335000 25 7.56000 26 55 198 0.88000 71 2.80000
8340000 25 7.48000 27 66 196 0.88000 73 2.76000
8345000 26 7.26923 29 61 196 0.80769 73 2.73077
8350000 23 7.82609 28 63 196 0.86957 74 3.04348
8355000 23 7.91304 29 66 201 0.91304 74 3.08696
8360000 23 8.00000 33 65 198 0.91304 72 3.04348
8365000 21 8.28571 30 71 186 0.95238 72 3.28571
8370000 21 8.61905 29 66 196 0.95238 75 3.38095
8375000 23 8.34783 31 58 207 0.95652 76 3.17391
8380000 22 8.90909 31 60 213 0.90909 76 3.36364
8385000 24 8.70833 32 50 217 0.87500 75 3.08333
8390000 23 8.65217 28 46 208 0.95652 77 3.21739
8395000 19 10.36842 30 53 214 1.00000 76 3.78947
8400000 21 9.38095 27 53 206 0.95238 73 3.42857
8405000 21 8.42857 23 63 195 1.00000 75 3.38095
8410000 22 8.36364 29 59 191 0.90909 78 3.36364
8415000 20 8.75000 29 67 195 0.90000 77 3.55000
8420000 23 7.65217 27 68 189 0.82609 74 3.08696
8425000 22 8.27273 27 63 198 0.95455 74 3.31818
8430000 24 7.04167 26 54 183 0.91667 76 3.04167
8435000 30 5.86667 22 48 178 0.90000 78 2.53333
8440000 25 6.52000 22 55 171 0.96000 75 2.96000
8445000 24 7.00000 23 64 182 0.95833 77 3.08333
8450000 23 7.43478 22 67 192 0.95652 77 3.26087
8455000 23 7.86957 23 59 194 0.95652 76 3.21739
8460000 25 7.20000 18 60 190 0.92000 75 2.96000
8465000 26 7.03846 16 67 192 0.88462 75 2.76923
8470000 31 6.12903 15 59 190 0.77419 76 2.29032
8475000 26 7.03846 17 71 205 0.88462 74 2.76923
8480000 25 7.72000 18 63 201 0.92000 73 2.84000
8485000 26 7.38462 19 49 197 0.92308 73 2.73077
8490000 29 6.27586 19 58 189 0.89655 74 2.55172
8495000 30 6.20000 21 47 195 0.93333 75 2.46667
8500000 32 6.09375 20 40 196 0.84375 75 2.28125
8505000 27 6.48148 21 54 177 0.88889 76 2.70370
8510000 28 6.82143 22 59 200 0.92857 75 2.67857
8515000 24 7.58333 33 63 196 0.87500 74 3.08333
8520000 25 7.00000 32 77 197 0.92000 76 2.96000
8525000 31 6.00000 27 70 197 0.83871 76 2.38710
8530000 33 6.09091 33 63 196 0.72727 79 2.27273
8535000 30 6.40000 31 68 195 0.86667 77 2.50000
8540000 27 7.03704 33 75 197 0.88889 77 2.70370
8545000 29 6.75862 29 63 194 0.79310 76 2.48276
8550000 21 8.95238 25 70 202 0.90476 77 3.47619
8555000 27 7.44444 27 66 211 0.92593 76 2.77778
8560000 29 6.89655 29 65 210 0.82759 77 2.58621
8565000 32 6.18750 29 67 195 0.78125 75 2.34375
8570000 27 7.37037 29 74 216 0.88889 77 2.81481
8575000 23 8.34783 26 67 210 0.95652 75 3.17391
8580000 23 8.17391 24 72 211 1.00000 75 3.26087
8585000 26 7.15385 20 61 201 0.88462 78 2.88462
8590000 27 7.03704 17 68 205 0.85185 77 2.77778
8595000 24 7.25000 16 74 199 0.95833 75 3.08333
8600000 26 6.84615 15 67 194 1.00000 73 2.73077
8605000 31 6.16129 15 55 190 0.87097 75 2.32258
8610000 26 7.30769 17 61 194 0.92308 74 2.80769
8615000 25 7.52000 17 64 202 1.00000 73 2.92000
8620000 22 7.81818 18 71 194 1.00000 74 3.31818
8625000 24 7.16667 17 70 184 0.87500 76 3.12500
8630000 25 7.08000 21 62 185 0.88000 76 2.88000
8635000 26 7.11538 24 64 199 0.88462 77 2.88462
8640000 23 8.13043 23 67 205 0.95652 78 3.30435
8645000 24 7.66667 21 68 191 0.91667 77 3.12500
8650000 25 7.52000 22 61 196 0.92000 78 3.04000
8655000 21 8.95238 25 60 207 0.95238 76 3.61905
8660000 22 8.45455 22 63 202 0.95455 76 3.40909
8665000 23 8.26087 28 61 203 0.91304 78 3.30435
8670000 22 8.36364 25 60 201 1.00000 78 3.50000
8675000 25 7.04000 23 69 193 0.92000 76 3.04000
8680000 25 7.52000 23 73 202 0.88000 77 3.04000
8685000 28 7.03571 21 68 200 0.85714 74 2.64286
8690000 27 6.88889 19 77 196 0.88889 74 2.74074
8695000 26 7.26923 22 70 196 0.88462 76 2.84615
8700000 28 6.96429 24 62 205 0.82143 77 2.71429
8705000 28 6.82143 23 69 199 0.78571 76 2.64286
8710000 27 6.88889 22 72 198 0.85185 75 2.74074
8715000 26 7.23077 22 72 197 0.92308 75 2.76923
8720000 29 7.10345 26 63 200 0.82759 76 2.55172
8725000 25 7.92000 26 68 203 0.92000 76 2.92000
8730000 25 7.84000 25 72 196 0.96000 74 2.96000
8735000 27 7.40741 22 64 197 0.85185 73 2.70370
8740000 28 7.00000 19 59 192 0.78571 74 2.60714
8745000 23 8.39130 19 61 199 0.95652 76 3.26087
8750000 24 8.00000 19 57 195 0.95833 76 3.16667
8755000 26 7.73077 19 51 209 0.96154 76 2.92308
8760000 26 7.61538 18 50 205 0.92308 76 2.92308
8765000 26 7.46154 17 53 195 0.92308 74 2.84615
8770000 27 7.18519 19 58 208 0.92593 79 2.77778
8775000 26 7.69231 17 45 200 1.00000 78 2.96154
8780000 23 8.21739 20 60 202 0.95652 77 3.30435
8785000 28 7.25000 20 50 205 0.85714 74 2.60714
8790000 28 7.39286 19 62 209 0.85714 78 2.60714
8795000 29 7.13793 28 63 202 0.89655 76 2.55172
8800000 25 8.20000 26 60 209 0.96000 76 2.96000
8805000 26 7.88462 28 54 206 0.92308 75 2.88462
8810000 28 7.17857 28 54 200 0.89286 74 2.60714
8815000 26 7.61538 28 62 202 0.92308 76 2.84615
8820000 24 8.41667 29 68 211 0.95833 76 3.04167
8825000 24 8.79167 27 57 220 0.91667 74 3.08333
8830000 23 9.21739 28 56 217 0.95652 74 3.17391
8835000 22 9.59091 31 57 214 1.00000 74 3.31818
8840000 22 9.27273 30 60 206 0.95455 75 3.36364
8845000 24 8.58333 30 50 198 0.87500 75 3.04167
8850000 22 9.04545 31 54 200 1.00000 72 3.22727
8855000 24 8.33333 30 50 202 0.87500 73 3.04167
8860000 21 9.09524 27 60 203 0.95238 71 3.38095
8865000 23 8.39130 24 54 194 0.91304 74 3.17391
8870000 25 7.52000 23 57 193 0.88000 76 2.96000
8875000 23 8.26087 22 63 200 0.95652 76 3.21739
8880000 26 7.96154 23 57 210 0.84615 74 2.80769
8885000 23 8.52174 21 53 202 0.91304 75 3.17391
8890000 23 8.56522 21 55 206 0.95652 78 3.26087
8895000 28 7.03571 20 52 199 0.89286 77 2.67857
8900000 21 8.80952 24 70 206 1.00000 76 3.57143
8905000 28 6.92857 24 49 193 0.85714 74 2.64286
8910000 29 6.65517 23 51 194 0.86207 75 2.55172
8915000 26 7.34615 26 50 187 0.84615 77 2.88462
8920000 28 6.71429 22 60 194 0.85714 79 2.75000
8925000 28 6.85714 22 51 189 0.82143 78 2.75000
8930000 24 7.79167 20 60 196 0.91667 78 3.20833
8935000 26 7.23077 20 55 190 0.88462 76 2.92308
8940000 27 6.96296 19 65 197 0.88889 76 2.77778
8945000 25 7.44000 18 63 197 0.88000 75 3.00000
8950000 25 7.64000 21 71 213 0.96000 75 2.96000
8955000 25 7.44000 20 63 194 0.96000 77 3.08000
8960000 28 6.42857 17 67 184 0.89286 75 2.64286
8965000 25 7.36000 16 67 208 0.96000 75 2.88000
8970000 23 8.30435 16 55 202 1.00000 74 3.21739
8975000 25 7.56000 15 53 204 0.96000 74 2.96000
8980000 25 7.44000 16 48 191 0.92000 74 2.96000
8985000 24 7.20833 15 51 183 0.95833 75 3.08333
8990000 24 7.00000 16 55 181 1.00000 75 3.04167
8995000 27 6.25926 16 56 180 0.88889 76 2.77778
9000000 27 6.29630 16 52 177 0.88889 73 2.66667
9005000 26 6.73077 18 60 187 0.88462 70 2.69231
9010000 29 6.20690 16 54 179 0.89655 74 2.41379
9015000 26 6.30769 16 61 170 0.92308 71 2.65385
9020000 23 7.13043 16 71 190 0.91304 74 3.08696
9025000 24 7.54167 20 53 188 0.87500 72 3.00000
9030000 22 8.36364 19 54 193 0.90909 77 3.36364
9035000 22 8.00000 18 58 186 0.95455 76 3.27273
9040000 20 8.95000 18 59 182 0.90000 77 3.65000
9045000 19 9.10526 19 66 190 0.94737 75 3.68421
9050000 27 6.81481 20 49 192 0.92593 76 2.70370
9055000 20 8.70000 21 63 189 0.95000 76 3.60000
9060000 29 6.37931 21 55 185 0.79310 75 2.55172
9065000 24 7.45833 21 62 199 0.95833 74 3.04167
9070000 23 7.47826 20 68 184 0.95652 74 3.13043
9075000 26 6.80769 24 65 182 0.84615 78 2.80769
9080000 25 7.16000 27 70 195 0.88000 76 2.92000
9085000 28 6.67857 27 66 186 0.85714 77 2.64286
9090000 25 7.24000 28 73 186 0.88000 77 3.00000
9095000 27 6.70370 25 67 188 0.81481 78 2.85185
9100000 25 7.08000 23 79 188 0.84000 78 2.92000
9105000 26 7.34615 25 58 195 0.84615 76 2.84615
9110000 23 8.30435 25 59 200 0.91304 76 3.26087
9115000 30 6.73333 24 55 203 0.83333 76 2.50000
9120000 26 7.26923 24 63 204 0.92308 76 2.88462
9125000 26 7.23077 24 58 195 0.88462 76 2.92308
9130000 29 6.89655 23 53 203 0.89655 77 2.65517
9135000 23 8.13043 23 73 192 0.95652 77 3.34783
9140000 27 7.37037 21 63 214 0.88889 78 2.85185
9145000 26 7.50000 23 67 195 0.80769 74 2.84615
9150000 24 8.08333 25 68 212 1.00000 75 3.12500
9155000 25 7.96000 23 56 207 0.92000 76 2.96000
9160000 24 8.54167 24 52 214 0.95833 77 3.16667
9165000 24 8.08333 19 52 199 0.87500 77 3.08333
9170000 28 7.25000 21 51 202 0.75000 76 2.71429
9175000 26 7.30769 19 63 199 0.88462 76 2.88462
9180000 23 8.00000 22 74 198 0.91304 76 3.30435
9185000 30 6.66667 21 63 195 0.80000 77 2.53333
9190000 28 6.71429 19 68 199 0.89286 76 2.67857
9195000 28 6.92857 20 64 205 0.92857 75 2.67857
9200000 26 7.38462 20 67 203 0.96154 74 2.80769
9205000 26 7.34615 22 63 199 0.96154 72 2.76923
9210000 26 7.23077 22 69 192 0.92308 74 2.80769
9215000 26 7.38462 24 64 206 0.88462 75 2.76923
9220000 23 8.00000 25 69 196 0.95652 76 3.17391
9225000 28 6.89286 23 61 197 0.85714 76 2.60714
9230000 26 7.46154 22 55 202 0.96154 74 2.76923
9235000 30 6.86667 24 40 204 0.86667 74 2.46667
9240000 29 6.72414 20 55 200 0.82759 74 2.48276
9245000 24 7.62500 20 71 198 0.95833 74 2.95833
9250000 27 6.85185 18 61 201 0.92593 75 2.62963
9255000 29 6.58621 17 55 199 0.89655 75 2.51724
9260000 25 7.60000 17 51 199 0.88000 77 3.00000
9265000 26 7.03846 17 53 187 0.84615 76 2.80769
9270000 29 6.27586 18 62 190 0.86207 74 2.55172
9275000 29 6.55172 22 53 192 0.89655 74 2.55172
9280000 26 7.15385 26 65 195 0.88462 75 2.84615
9285000 26 7.07692 26 56 197 0.92308 77 2.88462
9290000 29 6.55172 27 59 200 0.89655 78 2.58621
9295000 28 6.75000 25 56 194 0.89286 77 2.67857
9300000 24 7.70833 24 66 193 0.87500 76 3.08333
9305000 26 7.26923 23 64 200 0.88462 78 2.92308
9310000 25 7.68000 22 61 198 0.84000 78 3.00000
9315000 23 7.86957 20 64 197 0.91304 78 3.30435
9320000 24 7.75000 20 54 201 0.95833 78 3.04167
9325000 27 6.92593 21 60 199 0.92593 76 2.70370
9330000 25 7.40000 22 61 205 1.00000 78 3.00000
9335000 26 7.34615 21 65 198 0.84615 78 2.88462
9340000 27 6.70370 17 68 188 0.81481 77 2.77778
9345000 29 6.31034 19 69 189 0.82759 74 2.48276
9350000 26 7.34615 22 71 202 0.96154 78 2.96154
9355000 26 7.50000 24 66 212 0.88462 76 2.80769
9360000 24 8.04167 24 69 211 0.95833 73 2.95833
9365000 29 7.00000 27 55 201 0.82759 77 2.58621
9370000 25 7.52000 27 62 193 0.92000 76 3.00000
9375000 27 6.96296 27 53 192 0.88889 78 2.77778
9380000 23 7.73913 23 71 197 0.86957 77 3.08696
9385000 29 6.75862 26 55 203 0.82759 80 2.68966
9390000 29 6.62069 26 63 197 0.86207 79 2.65517
9395000 23 7.91304 22 68 203 0.95652 79 3.21739
9400000 27 7.07407 19 63 199 0.92593 75 2.70370
9405000 22 8.27273 22 60 191 0.95455 75 3.27273
9410000 28 6.92857 17 51 208 0.96429 75 2.60714
9415000 27 7.03704 18 49 202 0.88889 75 2.62963
9420000 24 8.04167 21 50 206 0.95833 77 3.08333
9425000 25 7.60000 20 54 207 0.96000 78 2.92000
9430000 27 7.11111 20 54 201 0.88889 77 2.70370
9435000 25 7.20000 18 63 201 1.00000 76 2.88000
9440000 23 7.30435 18 66 188 0.91304 76 3.08696
9445000 24 7.00000 15 69 188 0.91667 72 2.83333
9450000 24 7.58333 15 60 189 0.87500 72 2.79167
9455000 24 7.70833 22 65 200 0.95833 76 3.00000
9460000 25 7.16000 21 62 187 0.84000 75 2.92000
9465000 26 7.11538 21 72 205 0.92308 74 2.76923
9470000 30 6.56667 22 67 208 0.86667 77 2.46667
9475000 26 7.30769 19 62 204 0.92308 73 2.76923
9480000 26 6.76923 19 63 188 1.00000 72 2.76923
9485000 27 6.40741 18 65 193 1.00000 76 2.74074
9490000 31 6.00000 18 43 192 0.90323 77 2.41935
9495000 29 6.51724 19 51 199 0.89655 78 2.62069
9500000 29 6.58621 20 50 198 0.93103 76 2.58621
9505000 27 6.70370 20 53 194 0.96296 76 2.74074
9510000 28 6.39286 19 62 190 0.89286 73 2.57143
9515000 27 6.48148 18 72 193 0.96296 75 2.77778
9520000 31 5.83871 19 54 182 0.83871 76 2.38710
9525000 29 6.27586 23 58 188 0.86207 74 2.41379
9530000 28 6.57143 23 57 193 0.89286 76 2.53571
9535000 24 8.25000 34 52 203 0.91667 72 2.91667
9540000 23 8.43478 33 59 208 0.95652 76 3.04348
9545000 22 8.40909 32 65 203 0.95455 75 3.22727
9550000 24 8.04167 32 63 205 0.95833 77 3.04167
9555000 21 9.14286 33 61 209 0.95238 75 3.42857
9560000 20 9.45000 33 76 213 0.95000 74 3.65000
9565000 24 8.50000 28 64 222 0.87500 73 2.95833
9570000 23 8.13043 24 68 208 1.00000 74 3.13043
9575000 23 8.30435 25 69 206 0.95652 73 3.08696
9580000 26 7.80769 25 51 210 0.88462 75 2.84615
9585000 25 7.56000 25 56 200 0.92000 76 3.00000
9590000 19 9.00000 24 73 189 0.94737 74 3.63158
9595000 21 8.38095 21 61 190 0.90476 74 3.33333
9600000 24 7.62500 22 53 190 0.91667 74 3.04167
9605000 23 7.86957 21 61 196 1.00000 75 3.26087
9610000 23 7.34783 22 69 183 0.91304 76 3.26087
9615000 24 7.37500 25 59 190 0.91667 79 3.16667
9620000 28 6.82143 23 53 200 0.92857 78 2.78571
9625000 26 6.61538 20 63 187 0.96154 78 2.92308
9630000 27 6.22222 20 65 185 0.92593 76 2.81481
9635000 22 7.18182 22 79 177 0.95455 76 3.36364
9640000 27 6.37037 22 58 188 0.92593 75 2.77778
9645000 25 6.48000 21 66 175 0.92000 78 2.88000
9650000 27 6.48148 19 67 183 0.88889 76 2.74074
9655000 33 6.09091 24 55 205 0.81818 78 2.27273
9660000 28 7.14286 24 66 211 0.85714 76 2.64286
9665000 24 8.12500 23 60 203 0.95833 74 2.95833
9670000 27 7.40741 25 55 210 0.88889 76 2.70370
9675000 25 7.96000 28 60 211 0.96000 77 2.96000
9680000 26 7.96154 27 66 216 0.88462 74 2.76923
9685000 25 8.12000 29 63 220 0.96000 77 2.96000
9690000 24 7.83333 29 72 211 0.95833 76 3.12500
9695000 25 7.84000 31 69 208 0.88000 80 3.08000
9700000 27 7.33333 27 65 206 0.92593 75 2.74074
9705000 23 8.73913 26 61 217 0.91304 75 3.21739
9710000 22 9.18182 25 70 218 0.95455 76 3.27273
9715000 23 8.56522 27 64 205 0.82609 73 3.13043
9720000 22 9.13636 24 63 210 0.95455 72 3.27273
9725000 21 9.19048 22 62 205 0.95238 72 3.38095
9730000 25 7.36000 24 50 192 0.80000 73 2.84000
9735000 23 7.52174 25 55 179 0.86957 74 3.13043
9740000 23 7.73913 25 66 191 0.91304 74 3.13043
9745000 21 8.19048 24 68 193 0.90476 76 3.33333
9750000 25 6.88000 23 64 189 0.92000 75 3.00000
9755000 29 6.48276 25 58 198 0.79310 74 2.55172
9760000 28 6.57143 23 65 192 0.85714 76 2.64286
9765000 26 6.88462 29 68 187 0.88462 75 2.84615
9770000 30 6.10000 22 65 190 0.76667 75 2.46667
9775000 24 7.29167 23 72 190 0.83333 77 3.12500
9780000 22 8.36364 24 74 199 0.90909 75 3.36364
9785000 27 6.96296 22 72 201 0.88889 75 2.70370
9790000 27 6.59259 21 73 186 0.88889 76 2.70370
9795000 26 6.92308 25 66 183 0.76923 76 2.76923
9800000 26 6.84615 22 71 187 0.80769 76 2.76923
9805000 21 8.23810 22 77 185 0.95238 75 3.52381
9810000 26 7.19231 24 75 212 0.92308 77 2.88462
9815000 26 7.00000 22 67 197 0.88462 73 2.80769
9820000 30 6.70000 22 56 207 0.83333 75 2.43333
9825000 25 7.32000 21 71 195 0.88000 75 2.92000
9830000 23 8.00000 23 64 203 0.91304 74 3.13043
9835000 23 8.04348 21 66 204 0.95652 75 3.21739
9840000 23 8.47826 21 65 206 0.86957 76 3.17391
9845000 22 8.63636 21 62 209 0.95455 79 3.45455
9850000 22 9.18182 22 49 209 0.90909 76 3.40909
9855000 21 9.33333 20 52 211 1.00000 76 3.57143
9860000 24 8.25000 21 47 204 0.87500 76 3.12500
9865000 26 7.57692 21 55 203 0.88462 74 2.84615
9870000 20 9.00000 20 67 202 1.00000 76 3.70000
9875000 26 7.53846 22 58 204 0.84615 78 2.92308
9880000 24 8.04167 22 60 202 0.91667 76 3.16667
9885000 29 6.79310 19 49 198 0.79310 75 2.58621
9890000 25 7.44000 18 49 186 0.88000 78 3.08000
9895000 23 7.82609 21 56 190 0.91304 78 3.34783
9900000 29 6.65517 19 57 188 0.79310 77 2.65517
9905000 27 7.00000 19 63 192 0.92593 78 2.85185
9910000 29 6.37931 15 58 194 0.89655 76 2.58621
9915000 30 6.23333 17 61 187 0.86667 74 2.40000
9920000 30 6.63333 19 52 195 0.90000 70 2.30000
9925000 26 7.15385 16 66 193 0.92308 71 2.69231
9930000 28 7.21429 16 63 213 0.82143 73 2.46429
9935000 24 7.70833 18 63 200 0.91667 71 2.83333
9940000 24 8.16667 17 63 205 0.95833 73 2.95833
9945000 23 8.65217 17 62 213 0.86957 72 3.04348
9950000 22 9.18182 17 57 209 0.86364 74 3.22727
9955000 25 8.20000 18 55 213 0.92000 72 2.80000
9960000 22 9.09091 18 63 211 0.90909 74 3.18182
9965000 25 8.04000 16 67 218 0.96000 75 2.88000
9970000 28 7.28571 17 70 211 0.78571 72 2.50000
9975000 26 7.50000 15 77 203 0.84615 73 2.73077
9980000 25 7.56000 16 67 204 0.88000 73 2.84000
9985000 22 8.31818 16 71 201 0.86364 75 3.36364
9990000 22 8.22727 15 74 195 0.95455 75 3.36364
9995000 25 7.28000 22 67 193 0.84000 76 3.00000
10000000 27 7.11111 23 64 194 0.88889 76 2.77778
