# Timesteps, List of cluster sizes
0: [3, 2, 2, 2, 2, 2, 2, 2, 2, 2, 2, 2, 2, 2, 2, 3, 2, 2, 2]
5000: [2, 2, 3, 6, 4, 5, 2, 5, 2, 3, 3, 2, 6, 2, 3, 3, 2, 2, 2, 3, 5, 3, 2, 2, 2, 2, 3, 2, 3, 2, 2, 2, 4, 2, 2, 3, 2, 2, 2, 2]
10000: [2, 3, 2, 3, 2, 5, 10, 5, 5, 2, 6, 8, 4, 2, 2, 3, 3, 4, 8, 4, 4, 3, 2, 4, 4, 3, 3, 5, 2, 3, 3, 2, 2, 2, 4, 2, 3, 5, 4, 3, 2, 2, 2, 2, 2, 2, 2]
15000: [9, 2, 2, 2, 9, 13, 7, 5, 2, 2, 8, 5, 2, 4, 3, 4, 4, 2, 10, 5, 4, 5, 3, 8, 4, 5, 2, 4, 2, 2, 3, 3, 2, 2, 4, 5, 2, 4, 3, 2, 5, 2]
20000: [10, 9, 2, 2, 12, 16, 7, 6, 4, 8, 6, 2, 4, 4, 4, 6, 4, 10, 6, 4, 6, 2, 8, 4, 2, 4, 2, 6, 2, 3, 5, 5, 2, 3, 2, 2, 4, 2, 2]
25000: [4, 23, 13, 2, 2, 14, 16, 6, 7, 4, 10, 2, 2, 4, 6, 8, 7, 4, 3, 4, 2, 3, 8, 6, 2, 2, 4, 4, 2, 5, 2, 5, 5, 5, 2, 3, 3]
30000: [2, 23, 14, 9, 2, 15, 17, 7, 12, 2, 12, 6, 3, 6, 2, 5, 3, 5, 3, 14, 7, 7, 7, 2, 2, 4, 3, 2, 2, 2, 5, 5, 3, 3]
35000: [25, 12, 9, 16, 18, 7, 13, 12, 6, 2, 3, 6, 5, 5, 2, 4, 12, 7, 7, 6, 2, 3, 4, 3, 2, 5, 6, 2, 2, 2]
40000: [8, 7, 26, 12, 9, 17, 18, 7, 14, 12, 3, 6, 3, 5, 6, 2, 2, 6, 12, 7, 5, 3, 4, 3, 2, 5, 6, 2, 2, 2, 2]
45000: [8, 7, 26, 11, 9, 17, 18, 7, 14, 12, 4, 7, 6, 4, 7, 3, 4, 3, 2, 6, 13, 7, 4, 4, 3, 5, 6, 2, 2, 3, 2]
50000: [9, 6, 27, 9, 9, 5, 18, 19, 7, 14, 12, 7, 7, 6, 7, 3, 2, 12, 4, 7, 4, 2, 3, 3, 5, 8, 2, 3, 2, 3, 2]
55000: [2, 5, 32, 9, 10, 5, 19, 19, 7, 14, 12, 7, 7, 6, 2, 3, 7, 2, 8, 11, 4, 8, 7, 2, 2, 7, 2, 3, 3]
60000: [8, 5, 32, 9, 12, 5, 20, 20, 8, 14, 3, 11, 7, 6, 6, 3, 9, 3, 8, 3, 11, 2, 4, 8, 7, 4, 3, 3, 2, 3]
65000: [8, 7, 33, 10, 12, 5, 20, 20, 18, 15, 12, 8, 6, 6, 3, 9, 4, 8, 2, 4, 9, 6, 2, 2, 3, 2, 2, 2]
70000: [3, 8, 7, 38, 10, 13, 6, 21, 18, 15, 20, 12, 9, 5, 6, 4, 10, 4, 8, 2, 3, 3, 10, 2, 2, 3, 2, 2, 3, 2, 2]
75000: [4, 8, 6, 39, 9, 13, 6, 21, 23, 18, 15, 12, 9, 6, 6, 14, 4, 7, 2, 2, 4, 8, 3, 2, 2, 3, 2]
80000: [8, 5, 40, 9, 14, 12, 21, 22, 19, 15, 4, 11, 10, 6, 13, 5, 7, 4, 8, 2, 3, 3, 2, 2, 2, 2]
85000: [8, 7, 41, 7, 14, 12, 21, 22, 19, 15, 4, 10, 11, 6, 12, 5, 4, 8, 6, 3, 2, 2, 2, 2]
90000: [7, 8, 41, 7, 16, 11, 22, 22, 19, 16, 4, 11, 11, 6, 12, 5, 4, 10, 6, 2, 2, 2, 2]
95000: [8, 9, 41, 7, 16, 11, 24, 24, 18, 16, 12, 10, 6, 12, 4, 2, 2, 4, 8, 6, 2, 2]
100000: [8, 7, 41, 10, 16, 12, 25, 21, 18, 17, 11, 11, 6, 12, 4, 2, 2, 4, 9, 6, 2, 2, 3, 2]
105000: [6, 41, 11, 17, 13, 26, 23, 18, 17, 11, 11, 7, 11, 2, 2, 4, 10, 7, 7, 3, 2, 3]
110000: [6, 41, 12, 17, 14, 35, 20, 18, 17, 11, 6, 10, 3, 9, 7, 6, 3, 2, 4]
115000: [19, 7, 42, 11, 17, 14, 33, 23, 16, 10, 11, 7, 2, 3, 9, 7, 3, 2, 6, 3, 2, 2, 2, 4]
120000: [19, 7, 45, 11, 17, 14, 34, 23, 18, 10, 12, 7, 2, 2, 3, 10, 7, 2, 2, 7, 3, 2, 5, 2]
125000: [18, 7, 45, 11, 17, 13, 35, 23, 18, 10, 11, 7, 6, 3, 10, 7, 2, 2, 9, 3, 2]
130000: [17, 7, 46, 11, 17, 13, 34, 24, 18, 10, 11, 7, 6, 5, 10, 7, 2, 2, 8, 3, 2]
135000: [18, 7, 46, 10, 19, 34, 27, 18, 13, 11, 11, 7, 6, 9, 5, 10, 8, 2, 3, 2]
140000: [18, 6, 46, 12, 19, 35, 27, 18, 13, 10, 10, 7, 2, 4, 8, 5, 10, 7, 2, 3, 2, 2]
145000: [18, 7, 20, 46, 11, 33, 24, 18, 13, 12, 10, 7, 5, 8, 4, 11, 8, 3, 3, 3, 2]
150000: [18, 8, 66, 11, 8, 33, 25, 18, 13, 12, 10, 3, 2, 4, 12, 9, 5, 7, 4, 2, 2]
155000: [18, 6, 20, 47, 8, 33, 24, 19, 14, 11, 9, 10, 2, 3, 6, 4, 11, 8, 7, 4]
160000: [19, 5, 20, 57, 8, 7, 34, 24, 19, 15, 12, 9, 2, 4, 5, 2, 3, 9, 8, 5, 2]
165000: [19, 5, 20, 57, 8, 8, 34, 25, 19, 15, 13, 10, 3, 5, 3, 10, 8, 5]
170000: [19, 6, 19, 58, 8, 8, 33, 26, 20, 15, 13, 10, 4, 5, 3, 10, 8, 4]
175000: [18, 7, 19, 58, 9, 8, 34, 26, 20, 15, 14, 9, 4, 5, 3, 9, 8, 2, 4]
180000: [18, 9, 19, 59, 9, 8, 34, 26, 21, 15, 13, 10, 4, 5, 2, 9, 7, 2, 2, 4]
185000: [21, 8, 19, 59, 7, 8, 32, 24, 21, 16, 13, 10, 3, 5, 2, 9, 7, 4, 2]
190000: [22, 7, 19, 59, 7, 8, 33, 24, 21, 16, 12, 11, 3, 5, 2, 9, 7, 2, 4, 2]
195000: [21, 7, 19, 60, 6, 8, 35, 23, 22, 16, 12, 11, 5, 2, 9, 7, 4, 3, 2]
200000: [41, 8, 19, 61, 6, 8, 36, 21, 16, 12, 2, 12, 4, 4, 2, 9, 7, 4]
205000: [20, 7, 19, 62, 6, 8, 37, 21, 22, 17, 11, 12, 3, 5, 2, 9, 7, 4]
210000: [20, 7, 20, 60, 5, 7, 36, 20, 22, 17, 12, 12, 5, 5, 9, 7, 4]
215000: [22, 8, 19, 59, 5, 7, 37, 20, 21, 18, 11, 12, 4, 6, 9, 7, 4]
220000: [22, 8, 19, 59, 5, 8, 36, 21, 20, 18, 10, 12, 4, 5, 9, 7, 4]
225000: [21, 8, 19, 60, 7, 9, 35, 21, 23, 17, 10, 12, 5, 4, 9, 7, 2, 4, 2]
230000: [21, 6, 19, 60, 7, 8, 35, 22, 23, 16, 10, 12, 5, 4, 9, 7, 2, 5, 2]
235000: [20, 6, 19, 63, 7, 7, 38, 22, 23, 16, 10, 12, 5, 5, 10, 7, 2, 4, 2]
240000: [20, 7, 20, 64, 6, 7, 37, 22, 23, 16, 10, 12, 5, 5, 10, 8, 2, 5]
245000: [20, 6, 20, 64, 6, 7, 35, 22, 22, 16, 10, 12, 5, 5, 2, 10, 7, 2, 5]
250000: [20, 7, 20, 64, 5, 7, 35, 22, 22, 16, 11, 12, 11, 5, 5, 8, 6]
255000: [20, 6, 20, 65, 5, 8, 21, 15, 10, 34, 21, 12, 10, 5, 4, 7, 6]
260000: [41, 6, 21, 65, 5, 7, 16, 10, 35, 21, 12, 4, 5, 9, 7, 5, 2]
265000: [43, 6, 22, 64, 5, 7, 16, 10, 33, 22, 12, 10, 4, 4, 7, 5]
270000: [43, 6, 63, 5, 21, 7, 15, 10, 33, 22, 12, 10, 4, 3, 8, 5, 2]
275000: [43, 6, 22, 63, 5, 6, 15, 11, 32, 22, 12, 10, 4, 3, 7, 6, 2]
280000: [43, 6, 21, 64, 5, 6, 14, 10, 32, 23, 11, 10, 5, 2, 7, 5, 2]
285000: [43, 6, 21, 63, 5, 6, 14, 10, 32, 23, 11, 9, 2, 7, 4, 3, 2]
290000: [42, 6, 21, 63, 4, 2, 6, 24, 14, 10, 33, 11, 8, 2, 7, 2, 3, 5]
295000: [42, 6, 22, 63, 4, 2, 6, 25, 13, 10, 34, 11, 8, 2, 7, 2, 2, 5]
300000: [43, 6, 22, 62, 4, 3, 8, 3, 24, 14, 11, 34, 11, 9, 7, 2, 2, 2, 5]
305000: [43, 6, 22, 64, 3, 8, 24, 14, 12, 34, 10, 9, 2, 7, 2, 2, 2, 5, 2]
310000: [43, 6, 22, 72, 7, 4, 13, 14, 33, 21, 10, 10, 3, 2, 5]
315000: [44, 6, 22, 72, 8, 2, 13, 13, 34, 22, 10, 10, 3, 4, 2, 5]
320000: [45, 6, 22, 72, 8, 2, 13, 13, 34, 22, 10, 10, 4, 4, 2, 5]
325000: [44, 6, 21, 72, 8, 3, 12, 13, 34, 22, 10, 11, 5, 2, 4, 4]
330000: [44, 7, 20, 72, 8, 11, 13, 35, 22, 11, 10, 6, 4, 4]
335000: [42, 7, 20, 72, 8, 12, 15, 35, 22, 11, 10, 7, 4, 5]
340000: [42, 7, 20, 72, 11, 15, 36, 22, 11, 10, 7, 4, 5, 5, 2]
345000: [42, 7, 20, 72, 11, 14, 36, 22, 12, 10, 5, 5, 5, 5]
350000: [42, 7, 30, 73, 23, 12, 36, 12, 12, 6, 5, 5, 5]
355000: [42, 6, 32, 73, 22, 11, 37, 13, 11, 4, 2, 5, 6, 5, 2]
360000: [42, 6, 31, 73, 23, 11, 15, 38, 11, 6, 6, 5, 5, 2]
365000: [42, 5, 32, 72, 24, 11, 15, 39, 11, 5, 2, 6, 5, 5, 2]
370000: [41, 5, 33, 72, 24, 11, 15, 42, 12, 5, 2, 4, 5, 4]
375000: [42, 20, 33, 72, 22, 11, 41, 12, 5, 5, 5, 4]
380000: [41, 21, 32, 72, 2, 23, 10, 39, 12, 5, 5, 5, 4]
385000: [41, 21, 32, 72, 3, 23, 10, 39, 12, 5, 5, 5, 4, 2]
390000: [42, 21, 33, 72, 25, 9, 36, 12, 5, 5, 5, 4, 2]
395000: [42, 20, 31, 74, 24, 9, 38, 5, 12, 6, 6, 4, 2]
400000: [42, 20, 31, 73, 23, 10, 38, 12, 5, 3, 5, 4, 4]
405000: [42, 20, 31, 75, 22, 10, 34, 12, 5, 3, 5, 4, 4, 2]
410000: [31, 75, 21, 41, 19, 10, 34, 12, 5, 3, 5, 4, 4, 2]
415000: [32, 74, 34, 21, 41, 19, 10, 12, 5, 4, 4, 4, 2]
420000: [32, 75, 21, 42, 20, 10, 33, 12, 2, 6, 4, 4, 4, 2, 2]
425000: [11, 32, 75, 21, 45, 20, 34, 12, 5, 4, 4, 4]
430000: [10, 21, 32, 76, 23, 46, 33, 12, 5, 4, 4, 4]
435000: [9, 20, 32, 76, 23, 47, 34, 12, 5, 4, 4, 4]
440000: [11, 22, 32, 76, 21, 47, 33, 12, 5, 5, 4, 4]
445000: [9, 23, 33, 76, 21, 47, 33, 13, 5, 5, 4, 4]
450000: [9, 22, 33, 76, 22, 47, 34, 12, 5, 5, 4, 5]
455000: [9, 21, 33, 76, 46, 34, 21, 12, 5, 5, 3, 5]
460000: [9, 21, 33, 76, 47, 35, 22, 12, 5, 5, 4, 4]
465000: [8, 21, 33, 76, 23, 47, 35, 12, 6, 5, 5, 4]
470000: [9, 21, 34, 76, 23, 47, 35, 6, 12, 5, 7, 5]
475000: [9, 21, 34, 76, 22, 46, 35, 6, 12, 6, 6, 4]
480000: [8, 21, 34, 77, 23, 46, 36, 11, 6, 5, 7, 4]
485000: [8, 21, 34, 77, 23, 47, 36, 6, 11, 6, 7, 4]
490000: [8, 21, 35, 77, 23, 47, 37, 5, 11, 6, 7, 4]
495000: [8, 23, 35, 77, 22, 47, 38, 5, 11, 7, 7, 4]
500000: [8, 23, 34, 77, 23, 47, 38, 5, 8, 6, 10, 5]
505000: [9, 24, 33, 76, 24, 47, 39, 5, 8, 6, 10, 4]
510000: [22, 34, 78, 2, 24, 46, 8, 38, 5, 7, 6, 10, 4]
515000: [22, 35, 78, 2, 24, 46, 8, 5, 6, 37, 6, 10, 4]
520000: [22, 35, 78, 2, 24, 47, 8, 37, 5, 6, 10, 4, 5]
525000: [22, 35, 78, 2, 24, 47, 8, 38, 5, 6, 10, 4, 5]
530000: [9, 22, 34, 78, 24, 47, 35, 4, 6, 10, 4, 5]
535000: [9, 23, 34, 79, 24, 47, 37, 4, 6, 6, 10, 5]
540000: [9, 22, 33, 79, 24, 46, 37, 4, 6, 6, 10, 5, 2]
545000: [9, 23, 33, 78, 25, 44, 37, 4, 6, 6, 10, 5]
550000: [9, 23, 33, 79, 24, 44, 35, 4, 5, 6, 10, 5, 2]
555000: [9, 23, 34, 79, 24, 44, 35, 5, 5, 6, 11, 5]
560000: [9, 23, 34, 79, 23, 45, 35, 5, 4, 6, 12, 5]
565000: [9, 23, 33, 79, 23, 45, 36, 4, 4, 6, 12, 5]
570000: [9, 23, 33, 77, 23, 44, 36, 4, 3, 6, 12, 5]
575000: [10, 24, 33, 78, 23, 45, 35, 4, 3, 5, 12, 2, 5]
580000: [10, 24, 33, 78, 25, 44, 35, 4, 3, 6, 11, 3, 6]
585000: [11, 24, 33, 78, 25, 44, 35, 4, 3, 6, 10, 3, 5]
590000: [11, 25, 33, 78, 23, 44, 35, 4, 3, 6, 10, 2, 5]
595000: [10, 25, 34, 78, 24, 44, 35, 4, 3, 6, 10, 2, 5]
600000: [9, 24, 34, 78, 24, 45, 36, 4, 3, 5, 10, 2, 5]
605000: [8, 34, 79, 23, 44, 22, 38, 4, 3, 5, 10, 2, 5]
610000: [8, 34, 80, 24, 44, 21, 38, 4, 3, 5, 10, 5]
615000: [8, 34, 80, 27, 43, 21, 38, 4, 3, 5, 10, 5]
620000: [8, 33, 80, 27, 44, 21, 38, 4, 3, 5, 10, 6]
625000: [8, 5, 33, 81, 27, 44, 21, 38, 3, 5, 11, 7]
630000: [9, 5, 33, 81, 27, 44, 21, 38, 5, 5, 11, 7]
635000: [9, 5, 32, 81, 27, 2, 46, 21, 36, 4, 5, 10, 6]
640000: [9, 5, 32, 81, 27, 45, 22, 35, 4, 5, 10, 5]
645000: [9, 5, 32, 81, 26, 47, 22, 36, 4, 5, 10, 5]
650000: [10, 5, 32, 80, 25, 47, 22, 36, 5, 5, 9, 5]
655000: [10, 5, 32, 81, 25, 46, 22, 36, 4, 4, 9, 6]
660000: [10, 6, 32, 81, 27, 46, 22, 36, 4, 4, 9, 7]
665000: [10, 6, 33, 84, 28, 47, 22, 36, 4, 9, 6, 3]
670000: [9, 6, 32, 84, 29, 47, 22, 35, 4, 9, 6, 3]
675000: [9, 32, 84, 27, 46, 21, 35, 5, 5, 9, 6, 3]
680000: [9, 32, 84, 27, 45, 21, 36, 5, 5, 9, 5, 3]
685000: [9, 32, 85, 28, 45, 19, 35, 5, 5, 9, 6, 4]
690000: [9, 32, 83, 26, 45, 19, 36, 5, 5, 9, 2, 5, 3]
695000: [9, 32, 82, 25, 45, 19, 2, 35, 5, 5, 9, 5, 3]
700000: [9, 33, 82, 24, 45, 19, 34, 5, 4, 2, 9, 5, 4, 2]
705000: [9, 33, 82, 25, 45, 20, 2, 34, 5, 5, 9, 5, 4]
710000: [9, 33, 81, 25, 45, 21, 35, 5, 5, 8, 5, 4]
715000: [9, 23, 32, 81, 25, 45, 35, 5, 5, 9, 5, 4]
720000: [9, 24, 32, 80, 25, 45, 35, 5, 5, 9, 5, 4]
725000: [10, 23, 32, 80, 25, 43, 2, 35, 5, 10, 5, 6, 3]
730000: [10, 22, 32, 82, 24, 42, 35, 7, 10, 5, 6, 3]
735000: [10, 22, 32, 83, 23, 43, 35, 6, 10, 5, 7, 2]
740000: [10, 22, 34, 83, 23, 42, 35, 6, 10, 5, 5]
745000: [10, 22, 34, 83, 23, 42, 35, 6, 10, 5, 5, 3]
750000: [22, 34, 83, 24, 43, 34, 6, 11, 6, 4, 10, 3]
755000: [12, 22, 35, 83, 25, 43, 34, 6, 11, 6, 4, 4]
760000: [11, 84, 35, 25, 22, 43, 34, 6, 11, 6, 4, 4]
765000: [11, 33, 83, 26, 22, 43, 34, 6, 11, 7, 4, 4]
770000: [10, 34, 82, 22, 43, 35, 25, 5, 10, 7, 4, 4]
775000: [10, 34, 82, 27, 23, 43, 35, 5, 11, 7, 4, 3]
780000: [10, 34, 81, 28, 23, 43, 34, 4, 11, 7, 4, 2]
785000: [10, 34, 81, 25, 23, 43, 33, 4, 10, 7, 4, 3]
790000: [11, 34, 80, 23, 23, 43, 34, 4, 10, 7, 4, 4]
795000: [11, 34, 82, 23, 21, 43, 34, 4, 8, 7, 2, 5, 4, 2]
800000: [10, 34, 82, 23, 21, 43, 34, 4, 8, 8, 5, 4, 2]
805000: [10, 34, 82, 23, 21, 43, 35, 4, 8, 8, 4, 4, 2]
810000: [10, 34, 83, 23, 43, 20, 36, 4, 2, 8, 8, 4, 4, 2]
815000: [10, 34, 83, 23, 43, 20, 36, 4, 8, 8, 4, 4, 2]
820000: [11, 34, 82, 22, 43, 19, 37, 4, 8, 8, 4, 3, 2]
825000: [11, 33, 81, 21, 43, 19, 37, 4, 8, 8, 4, 3]
830000: [11, 33, 81, 22, 44, 19, 36, 4, 8, 8, 4, 2]
835000: [11, 33, 81, 22, 45, 19, 35, 4, 8, 8, 4, 2]
840000: [10, 33, 81, 23, 47, 19, 34, 2, 5, 8, 7, 4]
845000: [34, 33, 82, 48, 21, 36, 6, 8, 4, 6]
850000: [33, 33, 82, 47, 20, 37, 5, 8, 4, 5, 2]
855000: [33, 34, 82, 47, 20, 38, 5, 8, 7, 4, 2]
860000: [33, 34, 82, 47, 20, 37, 5, 2, 8, 7, 4, 2]
865000: [33, 34, 83, 47, 21, 37, 5, 2, 8, 7, 4, 2]
870000: [33, 33, 104, 47, 37, 6, 8, 7, 4, 2]
875000: [33, 33, 104, 46, 38, 6, 8, 7, 4, 2]
880000: [33, 34, 104, 45, 38, 5, 8, 7, 3, 4]
885000: [33, 34, 104, 45, 38, 5, 8, 6, 4, 4]
890000: [33, 35, 104, 45, 38, 4, 8, 6, 4, 4]
895000: [33, 33, 104, 9, 44, 37, 4, 6, 3, 5]
900000: [34, 33, 104, 9, 44, 37, 4, 6, 3, 5]
905000: [33, 33, 102, 9, 44, 37, 4, 6, 6, 3]
910000: [34, 34, 102, 9, 45, 37, 2, 4, 6, 6, 3]
915000: [34, 34, 103, 9, 45, 37, 4, 6, 6, 4]
920000: [33, 35, 103, 9, 45, 37, 4, 6, 6, 4]
925000: [33, 36, 102, 9, 44, 37, 4, 6, 7, 5]
930000: [33, 36, 102, 10, 44, 37, 4, 6, 7, 5]
935000: [34, 36, 103, 10, 44, 38, 4, 6, 7, 4]
940000: [33, 35, 104, 10, 44, 37, 8, 4, 6, 3, 2]
945000: [33, 34, 104, 10, 45, 37, 7, 4, 6, 3]
950000: [33, 33, 104, 10, 45, 37, 7, 4, 7, 3]
955000: [33, 33, 105, 11, 46, 37, 7, 4, 5, 4]
960000: [33, 33, 105, 12, 46, 36, 4, 6, 6, 4]
965000: [32, 34, 104, 12, 45, 35, 4, 5, 6, 3]
970000: [33, 34, 105, 6, 11, 45, 37, 4, 6, 3]
975000: [33, 34, 104, 6, 12, 44, 37, 4, 6, 3]
980000: [34, 34, 104, 6, 12, 44, 37, 4, 6, 3]
985000: [34, 37, 34, 103, 5, 12, 44, 4, 6, 3]
990000: [34, 39, 34, 103, 5, 12, 44, 4, 6, 3]
995000: [33, 39, 34, 103, 5, 12, 45, 5, 6, 3]
1000000: [33, 39, 34, 104, 5, 12, 44, 5, 6, 3]
1005000: [33, 38, 34, 104, 5, 12, 44, 5, 6, 3]
1010000: [34, 37, 33, 104, 6, 12, 44, 5, 6, 3]
1015000: [35, 37, 32, 104, 6, 12, 44, 5, 6, 3]
1020000: [35, 35, 32, 104, 6, 12, 44, 5, 6, 3]
1025000: [36, 36, 33, 103, 6, 12, 44, 4, 6, 3]
1030000: [36, 35, 33, 103, 7, 12, 44, 4, 6, 3]
1035000: [36, 34, 103, 7, 12, 44, 36, 5, 6, 3]
1040000: [37, 34, 103, 7, 13, 44, 37, 5, 6, 3]
1045000: [36, 35, 102, 7, 12, 44, 35, 5, 6, 3]
1050000: [37, 35, 103, 7, 12, 44, 36, 5, 6, 3]
1055000: [37, 35, 103, 7, 12, 44, 36, 5, 6, 3]
1060000: [37, 34, 102, 6, 12, 44, 36, 4, 6, 3]
1065000: [36, 36, 103, 5, 12, 43, 36, 4, 6, 3]
1070000: [36, 36, 103, 5, 12, 42, 36, 4, 6, 3]
1075000: [38, 35, 102, 5, 12, 43, 35, 4, 7, 3]
1080000: [38, 33, 104, 5, 12, 42, 35, 4, 7, 3]
1085000: [38, 33, 106, 5, 12, 41, 35, 4, 6, 3]
1090000: [37, 33, 105, 5, 11, 41, 35, 4, 6, 3]
1095000: [35, 33, 105, 5, 11, 41, 35, 5, 2, 7, 3]
1100000: [36, 33, 105, 5, 12, 41, 35, 6, 7, 3, 2]
1105000: [37, 33, 103, 6, 12, 40, 37, 5, 7, 4, 2]
1110000: [36, 33, 104, 5, 12, 40, 35, 5, 8, 4]
1115000: [35, 32, 104, 4, 12, 40, 35, 5, 7, 4]
1120000: [36, 105, 33, 4, 12, 39, 35, 5, 8, 5]
1125000: [36, 104, 33, 4, 12, 39, 36, 6, 8, 5]
1130000: [36, 105, 33, 4, 11, 39, 37, 6, 2, 4, 7]
1135000: [34, 105, 33, 4, 11, 39, 37, 6, 4, 7]
1140000: [35, 105, 33, 5, 11, 39, 36, 6, 4, 7]
1145000: [36, 107, 33, 5, 11, 39, 36, 5, 4, 7]
1150000: [35, 108, 33, 5, 11, 38, 36, 5, 4, 7]
1155000: [37, 107, 32, 4, 10, 38, 36, 5, 4, 7, 2]
1160000: [35, 107, 31, 4, 10, 38, 36, 6, 8, 3]
1165000: [35, 106, 31, 4, 10, 39, 36, 10, 7, 3]
1170000: [33, 107, 32, 4, 11, 39, 35, 8, 6, 3]
1175000: [35, 106, 32, 4, 11, 40, 2, 34, 8, 6, 2, 3]
1180000: [35, 109, 32, 4, 12, 40, 33, 7, 6, 3]
1185000: [36, 108, 32, 4, 11, 40, 33, 7, 6, 3]
1190000: [35, 108, 32, 5, 11, 40, 35, 7, 6, 3]
1195000: [36, 106, 34, 5, 12, 40, 35, 7, 6, 3]
1200000: [36, 108, 33, 5, 12, 40, 35, 7, 6, 2, 4]
1205000: [37, 108, 31, 5, 12, 40, 35, 7, 6, 4]
1210000: [37, 108, 31, 5, 12, 40, 36, 7, 6, 4]
1215000: [37, 108, 32, 5, 12, 40, 35, 8, 6, 4]
1220000: [38, 107, 32, 5, 12, 41, 35, 8, 6, 4]
1225000: [39, 106, 32, 5, 12, 41, 35, 8, 6, 4]
1230000: [39, 106, 32, 5, 12, 41, 35, 7, 6, 4]
1235000: [39, 106, 31, 5, 12, 41, 36, 7, 7, 3]
1240000: [39, 106, 31, 5, 11, 41, 35, 7, 7, 3]
1245000: [38, 105, 31, 5, 12, 41, 34, 7, 8, 3]
1250000: [38, 105, 31, 5, 13, 41, 34, 7, 8, 3]
1255000: [39, 105, 31, 5, 13, 41, 33, 7, 7, 3]
1260000: [39, 107, 31, 5, 12, 40, 33, 7, 7, 3]
1265000: [38, 108, 30, 5, 12, 40, 32, 7, 7, 2]
1270000: [38, 107, 30, 5, 12, 39, 33, 7, 7, 3]
1275000: [38, 107, 30, 5, 13, 39, 33, 9, 7, 3]
1280000: [38, 107, 30, 2, 13, 40, 33, 9, 7, 3]
1285000: [39, 107, 30, 3, 13, 40, 33, 10, 7, 2, 3]
1290000: [39, 107, 30, 3, 13, 40, 33, 11, 3, 7, 3]
1295000: [39, 107, 30, 3, 13, 40, 33, 10, 7, 2, 3]
1300000: [107, 30, 2, 13, 40, 33, 10, 37, 7, 3]
1305000: [38, 106, 30, 3, 12, 40, 33, 10, 7, 3]
1310000: [37, 106, 30, 12, 40, 33, 10, 7, 2, 2, 3]
1315000: [38, 107, 30, 12, 40, 33, 10, 7, 2, 2, 3]
1320000: [39, 106, 30, 11, 40, 34, 7, 9, 2, 2, 3]
1325000: [38, 107, 31, 10, 40, 9, 32, 7, 2, 2, 3]
1330000: [38, 107, 31, 10, 40, 9, 32, 6, 2, 3]
1335000: [38, 107, 31, 10, 40, 9, 32, 6, 2, 3]
1340000: [36, 107, 29, 2, 10, 40, 8, 33, 6, 2, 3]
1345000: [37, 106, 29, 11, 40, 9, 33, 7, 2, 2, 3]
1350000: [37, 106, 29, 33, 12, 41, 9, 6, 2, 2, 3]
1355000: [37, 107, 29, 31, 12, 41, 9, 6, 3, 3]
1360000: [37, 107, 29, 30, 13, 41, 9, 6, 3, 3]
1365000: [37, 108, 30, 31, 13, 41, 9, 5, 3, 3]
1370000: [37, 108, 30, 31, 12, 42, 5, 4, 8, 3]
1375000: [35, 107, 31, 30, 42, 11, 6, 5, 8, 3]
1380000: [35, 107, 31, 31, 42, 11, 6, 3, 7, 4]
1385000: [34, 108, 31, 31, 12, 42, 6, 4, 7, 3]
1390000: [34, 108, 31, 32, 12, 42, 6, 5, 7, 2]
1395000: [33, 108, 31, 34, 13, 43, 6, 5, 7, 2]
1400000: [33, 108, 31, 34, 13, 43, 2, 7, 5, 7, 3]
1405000: [33, 110, 31, 34, 13, 42, 7, 4, 7, 3]
1410000: [33, 111, 31, 34, 13, 42, 7, 4, 6, 3]
1415000: [33, 111, 31, 34, 13, 43, 7, 4, 6, 3]
1420000: [33, 111, 31, 33, 13, 44, 8, 6, 3, 2]
1425000: [33, 111, 31, 32, 12, 44, 8, 6, 3, 2]
1430000: [34, 111, 40, 31, 11, 44, 6, 3, 2, 2]
1435000: [33, 112, 39, 31, 10, 44, 6, 3, 2, 2]
1440000: [34, 110, 40, 31, 10, 44, 6, 3, 2]
1445000: [34, 109, 41, 31, 10, 43, 6, 3, 2]
1450000: [34, 107, 42, 31, 10, 44, 6, 3, 2]
1455000: [34, 107, 42, 32, 10, 44, 6, 2, 3]
1460000: [34, 106, 41, 32, 10, 44, 2, 6, 2, 3]
1465000: [34, 104, 41, 32, 10, 44, 6, 2, 2]
1470000: [35, 106, 41, 32, 10, 44, 6, 2, 2]
1475000: [35, 107, 42, 32, 10, 44, 6, 3]
1480000: [35, 106, 42, 32, 10, 44, 6, 3, 2, 2]
1485000: [34, 107, 42, 32, 11, 44, 5, 3]
1490000: [34, 108, 42, 32, 11, 45, 5, 3]
1495000: [35, 107, 41, 32, 11, 45, 5, 3, 2]
1500000: [35, 107, 41, 33, 11, 45, 4, 3]
1505000: [35, 105, 42, 33, 11, 45, 5, 3]
1510000: [34, 105, 40, 33, 12, 45, 6, 3]
1515000: [32, 103, 39, 35, 12, 45, 7, 3]
1520000: [33, 105, 39, 35, 12, 46, 8, 2, 4]
1525000: [33, 105, 40, 35, 12, 47, 8, 4]
1530000: [34, 105, 40, 35, 12, 45, 8, 4]
1535000: [35, 106, 40, 35, 12, 46, 7, 4]
1540000: [34, 105, 40, 35, 12, 46, 8, 3]
1545000: [34, 105, 40, 35, 12, 45, 8, 3]
1550000: [36, 105, 40, 35, 12, 45, 8, 2]
1555000: [36, 104, 40, 35, 12, 47, 8, 2]
1560000: [105, 40, 34, 12, 47, 34, 8, 2]
1565000: [104, 40, 34, 12, 48, 34, 7, 2]
1570000: [105, 40, 34, 12, 48, 34, 6, 2]
1575000: [105, 41, 34, 11, 48, 34, 6, 3]
1580000: [104, 41, 34, 11, 47, 35, 6, 3]
1585000: [36, 105, 40, 35, 11, 49, 6, 2, 3]
1590000: [36, 106, 40, 35, 11, 49, 6, 3]
1595000: [35, 106, 40, 35, 11, 49, 6, 3]
1600000: [35, 106, 39, 34, 11, 49, 6, 2]
1605000: [34, 107, 39, 36, 11, 48, 6, 2]
1610000: [35, 107, 39, 36, 11, 48, 7, 2]
1615000: [35, 107, 39, 36, 11, 49, 6, 2]
1620000: [36, 107, 39, 34, 11, 49, 6, 2]
1625000: [36, 108, 39, 35, 11, 50, 6, 2]
1630000: [107, 39, 35, 11, 50, 35, 6, 2, 2]
1635000: [35, 107, 39, 36, 11, 49, 7, 2]
1640000: [35, 108, 38, 37, 11, 49, 7, 2, 2]
1645000: [35, 106, 37, 38, 10, 49, 7, 2]
1650000: [35, 107, 38, 38, 10, 49, 2, 7, 2]
1655000: [35, 107, 39, 37, 10, 48, 7, 2]
1660000: [37, 107, 38, 37, 10, 48, 6, 2]
1665000: [37, 106, 38, 36, 10, 47, 7, 2]
1670000: [37, 106, 38, 36, 10, 47, 6, 2]
1675000: [36, 106, 38, 36, 10, 47, 6, 2, 2]
1680000: [36, 106, 39, 36, 10, 49, 6, 2]
1685000: [35, 106, 39, 36, 10, 49, 6, 2]
1690000: [35, 105, 39, 35, 10, 49, 2, 7, 2]
1695000: [35, 105, 39, 36, 10, 49, 3, 7, 2]
1700000: [36, 105, 40, 35, 10, 48, 3, 7, 2]
1705000: [36, 105, 39, 35, 10, 48, 3, 7, 2]
1710000: [36, 104, 40, 34, 10, 48, 3, 7, 2]
1715000: [36, 104, 40, 35, 10, 48, 3, 7, 2]
1720000: [35, 104, 41, 34, 10, 48, 3, 6]
1725000: [35, 103, 41, 34, 10, 47, 3, 6]
1730000: [34, 102, 41, 35, 10, 46, 3, 6]
1735000: [35, 102, 41, 34, 10, 46, 3, 6]
1740000: [35, 102, 42, 35, 10, 46, 3, 6]
1745000: [36, 101, 43, 36, 10, 46, 3, 6]
1750000: [36, 101, 43, 37, 10, 46, 3, 6, 2]
1755000: [36, 102, 43, 36, 11, 46, 3, 6]
1760000: [36, 102, 42, 37, 11, 46, 3, 6]
1765000: [102, 39, 37, 11, 46, 3, 35, 6]
1770000: [101, 39, 36, 7, 11, 46, 3, 34]
1775000: [101, 39, 35, 7, 11, 47, 3, 33]
1780000: [101, 39, 34, 7, 11, 48, 3, 34]
1785000: [101, 40, 34, 7, 12, 48, 3, 33]
1790000: [99, 40, 35, 6, 12, 48, 3, 35]
1795000: [99, 41, 37, 6, 13, 48, 35, 3]
1800000: [99, 41, 37, 6, 12, 48, 36, 3]
1805000: [98, 41, 37, 12, 47, 36, 5, 2, 3]
1810000: [100, 41, 35, 13, 47, 36, 5, 2, 3]
1815000: [100, 43, 36, 13, 47, 36, 5, 4]
1820000: [100, 43, 36, 13, 48, 35, 5, 4]
1825000: [100, 44, 37, 13, 46, 36, 5, 4]
1830000: [100, 43, 37, 13, 48, 35, 5, 4]
1835000: [100, 42, 37, 13, 48, 2, 36, 5, 4]
1840000: [100, 42, 37, 13, 48, 37, 5, 4]
1845000: [102, 42, 37, 13, 50, 37, 5, 4]
1850000: [102, 42, 37, 14, 49, 37, 5, 4]
1855000: [102, 43, 37, 14, 50, 37, 5, 4]
1860000: [102, 43, 37, 14, 50, 37, 5, 4, 2]
1865000: [102, 43, 38, 14, 50, 37, 5, 4, 2]
1870000: [102, 43, 37, 14, 50, 37, 5, 4, 2]
1875000: [103, 43, 35, 14, 50, 37, 5, 4, 2]
1880000: [102, 44, 35, 13, 50, 36, 5, 4]
1885000: [101, 43, 36, 14, 50, 36, 5, 4]
1890000: [101, 43, 36, 13, 50, 37, 5, 5]
1895000: [100, 44, 36, 13, 50, 37, 5, 5]
1900000: [98, 45, 36, 12, 50, 36, 5, 5]
1905000: [98, 44, 36, 12, 50, 35, 5, 4]
1910000: [98, 43, 36, 12, 50, 35, 5, 4]
1915000: [98, 43, 35, 11, 50, 34, 5, 3]
1920000: [98, 43, 33, 11, 50, 34, 5, 3]
1925000: [99, 42, 33, 12, 50, 36, 5, 2, 3]
1930000: [99, 42, 33, 12, 50, 36, 5, 2, 3]
1935000: [99, 42, 33, 12, 50, 6, 34, 2, 3]
1940000: [99, 43, 34, 12, 51, 6, 34, 2, 3]
1945000: [99, 42, 34, 12, 51, 6, 34, 2, 3]
1950000: [99, 42, 34, 12, 50, 6, 34, 2, 3]
1955000: [99, 42, 33, 12, 50, 6, 34, 2, 3]
1960000: [99, 41, 34, 12, 50, 6, 34, 2, 3]
1965000: [99, 41, 34, 12, 50, 6, 33, 3, 3]
1970000: [99, 40, 35, 12, 51, 6, 33, 3, 2]
1975000: [99, 40, 35, 11, 51, 6, 34, 3, 2]
1980000: [100, 40, 35, 11, 51, 6, 35, 3, 2]
1985000: [99, 40, 35, 11, 52, 6, 35, 3, 2]
1990000: [99, 40, 35, 11, 53, 6, 35, 4, 2]
1995000: [99, 38, 34, 11, 53, 6, 34, 3, 2]
2000000: [99, 39, 34, 11, 53, 6, 34, 2, 3, 2]
