# Timesteps, List of cluster sizes
0: [3, 2, 2, 2, 2, 2, 2, 2, 2, 2, 2, 2, 2, 2, 2, 3, 2, 2, 2]
5000: [2, 2, 3, 3, 2, 2, 2, 2, 3, 2, 2, 2, 2, 2, 2, 3, 2, 3, 2, 3, 2, 4, 2, 2, 2, 3, 2, 3, 2, 2, 4, 2, 2, 2]
10000: [2, 3, 3, 2, 5, 4, 2, 3, 3, 5, 2, 4, 5, 5, 2, 4, 2, 2, 2, 4, 3, 4, 2, 5, 2, 2, 4, 3, 3, 2, 2, 2, 2, 2, 3]
15000: [6, 2, 5, 7, 5, 4, 6, 4, 5, 2, 5, 4, 3, 4, 4, 2, 2, 2, 3, 2, 4, 4, 3, 6, 2, 2, 2, 2, 2, 2, 3, 3, 2, 2, 2]
20000: [6, 4, 4, 2, 6, 7, 10, 2, 2, 2, 4, 4, 4, 2, 2, 2, 2, 3, 3, 2, 2, 3, 2, 4, 4, 3, 5, 2, 2, 2, 2, 2, 3, 2, 4, 2, 2, 3, 2, 3, 3, 2, 2, 2]
25000: [7, 2, 2, 7, 11, 3, 9, 11, 2, 4, 5, 2, 6, 2, 2, 3, 2, 2, 6, 3, 5, 2, 5, 2, 3, 2, 2, 4, 4, 2, 2, 2, 2, 2, 2, 2, 2, 3, 2, 2, 2, 2]
30000: [8, 2, 4, 7, 12, 5, 13, 5, 6, 7, 9, 3, 3, 3, 7, 3, 2, 3, 3, 2, 2, 2, 5, 3, 4, 2, 4, 3, 2, 3, 2, 3, 2, 2, 2, 2, 2]
35000: [9, 5, 7, 12, 6, 13, 5, 5, 6, 4, 8, 2, 5, 2, 3, 2, 2, 2, 2, 4, 3, 2, 3, 4, 4, 3, 3, 3, 2, 2, 2, 2]
40000: [9, 2, 5, 13, 8, 12, 5, 2, 2, 4, 9, 6, 5, 10, 2, 2, 2, 5, 3, 2, 4, 2, 2, 3, 4, 4, 3, 3, 2, 3, 2, 2, 2, 2, 2, 2, 2]
45000: [8, 7, 4, 11, 7, 12, 2, 3, 4, 9, 5, 5, 9, 2, 2, 2, 2, 4, 6, 6, 4, 2, 2, 2, 2, 3, 3, 3, 4, 3, 2, 2, 2, 2, 2, 2, 2, 2, 2]
50000: [8, 2, 19, 4, 8, 12, 2, 2, 4, 10, 6, 8, 7, 4, 3, 2, 3, 5, 7, 3, 2, 2, 2, 2, 2, 3, 3, 2, 2, 5, 2, 2, 2, 3, 2, 2, 2, 2, 2, 2]
55000: [8, 18, 3, 8, 12, 4, 2, 3, 5, 9, 8, 2, 9, 4, 2, 3, 5, 7, 3, 2, 2, 4, 3, 2, 2, 2, 6, 6, 5, 2, 2, 2, 2, 3, 2]
60000: [7, 2, 18, 3, 6, 12, 3, 3, 10, 2, 8, 6, 3, 8, 2, 3, 2, 2, 3, 3, 10, 3, 2, 2, 3, 2, 3, 4, 5, 5, 5, 2, 2, 2, 3, 2, 2]
65000: [6, 18, 7, 13, 4, 4, 2, 4, 10, 8, 2, 9, 2, 2, 3, 10, 2, 2, 3, 2, 5, 4, 4, 2, 5, 6, 2, 2, 2, 2, 2, 2]
70000: [6, 19, 2, 5, 7, 13, 3, 3, 4, 9, 9, 2, 4, 7, 5, 2, 11, 2, 2, 7, 5, 4, 3, 2, 2, 3, 3, 3]
75000: [8, 21, 7, 7, 13, 4, 2, 6, 7, 12, 8, 7, 4, 5, 2, 9, 2, 5, 6, 3, 2, 2, 2, 4, 3, 2]
80000: [8, 21, 2, 7, 6, 14, 2, 2, 5, 14, 9, 7, 2, 6, 3, 2, 8, 3, 3, 4, 2, 2, 2, 2, 4, 4, 2, 3, 2, 4, 2, 2, 3]
85000: [2, 9, 2, 22, 8, 3, 15, 14, 2, 9, 2, 7, 2, 3, 2, 8, 2, 4, 3, 2, 2, 4, 3, 4, 2, 2, 4, 4, 2]
90000: [3, 12, 22, 3, 8, 3, 16, 3, 2, 13, 7, 7, 4, 3, 6, 2, 5, 3, 2, 8, 3, 2, 2, 2, 6, 2, 5, 2]
95000: [5, 9, 23, 4, 9, 4, 17, 2, 4, 14, 8, 7, 2, 4, 2, 3, 5, 6, 4, 9, 2, 2, 2, 2, 6, 5, 2, 2]
100000: [3, 8, 3, 24, 7, 5, 16, 15, 2, 8, 5, 4, 5, 7, 8, 4, 2, 4, 2, 2, 2, 3, 9, 4, 2, 2, 2, 2, 5, 2, 2]
105000: [8, 2, 26, 7, 13, 16, 13, 9, 4, 6, 8, 6, 2, 5, 4, 5, 2, 2, 3, 2, 4, 3, 2, 2, 2, 2, 2, 4, 2, 2, 2]
110000: [4, 8, 2, 25, 7, 15, 17, 21, 5, 3, 3, 8, 3, 7, 3, 2, 2, 2, 2, 4, 2, 3, 5, 2, 2, 2]
115000: [9, 3, 25, 12, 17, 20, 2, 4, 3, 9, 4, 7, 3, 2, 2, 2, 3, 5, 4, 4, 2, 7, 3, 3, 2, 2]
120000: [10, 25, 14, 18, 22, 3, 4, 4, 10, 4, 2, 2, 7, 4, 3, 2, 4, 4, 4, 2, 5, 5, 4, 2, 2, 2, 2]
125000: [8, 25, 13, 18, 20, 4, 10, 3, 3, 6, 5, 2, 2, 2, 6, 5, 4, 3, 2, 3, 2, 4, 2, 4, 2, 3, 2]
130000: [9, 26, 13, 17, 23, 3, 9, 2, 4, 6, 5, 2, 3, 3, 6, 4, 2, 4, 3, 3, 4, 2, 2, 4, 2, 2]
135000: [10, 25, 15, 16, 22, 7, 2, 9, 5, 4, 4, 4, 2, 2, 2, 4, 2, 3, 4, 3, 2, 2, 5, 2, 3, 2]
140000: [11, 22, 6, 4, 14, 16, 22, 8, 4, 10, 2, 3, 5, 3, 2, 4, 2, 2, 3, 4, 4, 2, 3, 2]
145000: [10, 20, 4, 3, 15, 16, 20, 9, 4, 9, 2, 2, 4, 2, 2, 4, 3, 3, 2, 4, 2, 2, 5, 2, 2, 2, 3, 2, 3, 3, 2]
150000: [10, 20, 21, 5, 15, 17, 2, 10, 3, 5, 8, 2, 2, 3, 4, 3, 4, 2, 5, 2, 2, 2, 3, 3, 3, 2, 3, 4, 2, 2, 2, 3, 2]
155000: [8, 20, 21, 5, 14, 16, 10, 5, 8, 5, 2, 6, 2, 3, 2, 2, 2, 3, 2, 2, 2, 2]
160000: [10, 20, 22, 5, 15, 15, 2, 3, 10, 9, 3, 6, 3, 6, 2, 4, 6, 2, 2, 3, 2, 2, 2, 2, 2, 2, 2, 2, 2]
165000: [9, 20, 23, 5, 2, 14, 15, 10, 8, 2, 2, 3, 5, 2, 5, 6, 2, 4, 2, 2, 2, 2, 2, 3, 2, 2, 2]
170000: [11, 19, 24, 3, 15, 14, 2, 12, 8, 7, 2, 2, 5, 3, 6, 6, 3, 2, 4, 3, 2, 3, 2, 2, 3, 2, 2]
175000: [2, 11, 20, 21, 13, 13, 10, 7, 4, 4, 6, 2, 6, 2, 4, 2, 4, 2, 2, 2, 2, 2, 4, 2, 2, 4]
180000: [13, 2, 10, 20, 23, 2, 14, 2, 9, 8, 5, 2, 4, 2, 6, 2, 2, 3, 5, 6, 4, 2, 7, 2, 4]
185000: [13, 9, 20, 23, 13, 9, 2, 8, 4, 2, 8, 2, 2, 2, 2, 6, 4, 6, 2, 5, 3, 5, 2]
190000: [14, 9, 22, 24, 13, 2, 7, 9, 4, 2, 2, 8, 7, 3, 5, 2, 3, 2, 4, 4, 4, 2, 2, 2, 2, 2]
195000: [15, 2, 20, 23, 12, 6, 9, 4, 2, 4, 9, 8, 2, 2, 2, 2, 6, 5, 4, 2, 5, 5, 2, 2, 5]
200000: [15, 19, 23, 12, 8, 10, 4, 2, 3, 9, 8, 8, 2, 2, 3, 2, 3, 5, 6, 3, 2, 4, 2, 6, 2]
205000: [14, 2, 20, 24, 13, 10, 2, 2, 10, 4, 3, 5, 7, 6, 8, 4, 2, 4, 6, 5, 3, 2, 2, 5, 4]
210000: [16, 19, 25, 13, 11, 10, 4, 2, 4, 4, 8, 7, 8, 2, 2, 5, 7, 5, 2, 2, 2, 2, 5, 3]
215000: [17, 21, 25, 13, 9, 2, 4, 11, 9, 2, 9, 7, 3, 4, 2, 6, 6, 3, 6, 2, 3, 2, 2, 2, 3, 2]
220000: [15, 2, 20, 25, 14, 8, 2, 11, 3, 8, 3, 8, 6, 4, 2, 2, 2, 5, 6, 7, 3, 2, 2, 2, 2, 2, 2, 2, 3]
225000: [14, 21, 26, 5, 8, 2, 2, 13, 2, 11, 4, 2, 8, 2, 3, 10, 7, 2, 5, 3, 3, 6, 6, 2, 2, 4]
230000: [13, 5, 24, 19, 13, 2, 8, 11, 9, 4, 8, 2, 4, 3, 9, 2, 6, 5, 6, 2, 2, 2, 2, 3, 4]
235000: [16, 5, 24, 21, 3, 13, 2, 8, 11, 3, 9, 8, 11, 4, 6, 2, 2, 4, 2, 3, 2, 5, 2, 3, 4, 2, 2, 2]
240000: [15, 26, 7, 22, 14, 10, 10, 2, 4, 9, 9, 2, 5, 2, 7, 10, 4, 2, 5, 2, 5, 2, 2]
245000: [15, 23, 3, 2, 23, 2, 13, 9, 11, 6, 4, 6, 2, 2, 7, 2, 9, 8, 8, 3, 2, 5, 2, 5, 2]
250000: [15, 24, 4, 2, 23, 2, 14, 8, 12, 2, 6, 2, 4, 3, 5, 2, 2, 2, 6, 2, 2, 9, 8, 8, 2, 7, 2, 5, 2]
255000: [15, 23, 5, 4, 20, 15, 8, 12, 4, 5, 5, 3, 6, 2, 4, 2, 3, 9, 8, 2, 8, 2, 6, 2, 2, 2, 2, 3]
260000: [14, 2, 22, 5, 19, 14, 2, 9, 12, 5, 4, 5, 6, 3, 4, 2, 8, 7, 7, 2, 2, 2, 6, 2, 2, 4, 2, 2, 2, 2]
265000: [14, 6, 21, 9, 4, 16, 19, 8, 11, 4, 7, 9, 4, 2, 5, 2, 3, 7, 6, 3, 2, 4, 2, 2, 2, 2]
270000: [14, 7, 21, 8, 4, 16, 2, 17, 8, 11, 7, 11, 2, 3, 3, 2, 5, 2, 2, 4, 9, 7, 2, 2, 2, 5]
275000: [15, 4, 20, 8, 6, 16, 2, 16, 8, 10, 3, 7, 7, 2, 3, 3, 2, 5, 2, 2, 9, 8, 2, 2, 2, 2, 2, 4, 2]
280000: [15, 21, 9, 6, 17, 18, 8, 2, 10, 2, 2, 7, 7, 2, 2, 3, 4, 2, 4, 2, 4, 10, 7, 4, 3, 3]
285000: [16, 22, 7, 15, 17, 8, 9, 10, 2, 2, 7, 8, 4, 4, 2, 4, 10, 6, 2, 2, 4, 2, 2, 2, 3, 2]
290000: [16, 20, 5, 15, 18, 8, 9, 11, 2, 2, 6, 2, 6, 6, 2, 10, 6, 2, 3, 3, 2, 3, 3, 2]
295000: [16, 19, 4, 15, 18, 8, 8, 10, 7, 14, 6, 2, 2, 10, 2, 3, 2, 3, 2, 2, 2, 5, 2]
300000: [17, 19, 6, 16, 16, 9, 9, 11, 2, 13, 6, 2, 3, 10, 2, 3, 2, 3, 2, 4, 3, 2, 2]
305000: [19, 7, 15, 14, 18, 9, 2, 8, 12, 15, 4, 6, 3, 2, 10, 2, 2, 3, 2, 2, 2, 3, 3]
310000: [2, 21, 8, 16, 13, 18, 2, 4, 8, 3, 13, 6, 2, 8, 7, 2, 2, 8, 2, 2, 2, 9, 2, 3, 2, 2]
315000: [19, 2, 15, 12, 18, 8, 4, 8, 2, 3, 14, 6, 2, 8, 3, 8, 7, 2, 2, 10, 2, 2, 2, 2]
320000: [2, 19, 15, 12, 19, 7, 5, 9, 3, 3, 2, 15, 5, 3, 3, 8, 2, 9, 7, 9, 2, 2, 2, 2]
325000: [19, 2, 17, 11, 18, 4, 3, 3, 2, 13, 5, 2, 9, 6, 2, 5, 3, 2, 9, 2, 7, 11, 2, 2, 4]
330000: [19, 3, 17, 12, 16, 5, 3, 2, 4, 3, 12, 4, 6, 11, 7, 8, 2, 3, 8, 2, 2, 2, 10, 3, 2, 3]
335000: [20, 2, 16, 12, 16, 2, 2, 4, 2, 4, 12, 4, 7, 2, 8, 2, 6, 7, 2, 2, 7, 2, 2, 11, 3, 2]
340000: [21, 16, 16, 12, 2, 3, 4, 5, 4, 10, 13, 4, 2, 8, 2, 5, 10, 2, 2, 2, 7, 3, 9, 2]
345000: [22, 15, 16, 12, 3, 6, 4, 5, 10, 13, 5, 9, 5, 9, 2, 2, 7, 2, 2, 3, 2, 10]
350000: [24, 17, 16, 15, 2, 2, 5, 4, 4, 11, 4, 3, 7, 9, 3, 7, 8, 2, 2, 8, 11, 2, 2, 2]
355000: [2, 10, 21, 16, 15, 15, 2, 5, 6, 2, 12, 6, 3, 2, 2, 7, 7, 4, 8, 2, 2, 2, 9, 2, 13, 2, 2, 2, 2, 2]
360000: [9, 21, 17, 15, 15, 9, 2, 2, 4, 5, 13, 5, 5, 2, 2, 7, 8, 2, 4, 7, 2, 3, 2, 4, 2, 2, 11, 2, 3]
365000: [8, 24, 17, 15, 15, 10, 2, 2, 4, 10, 13, 4, 3, 6, 2, 7, 3, 7, 2, 4, 2, 3, 9, 2, 2, 2, 2, 2]
370000: [2, 7, 22, 17, 13, 16, 9, 4, 14, 5, 2, 7, 9, 8, 2, 4, 7, 5, 10, 2, 2, 3]
375000: [8, 22, 19, 2, 15, 17, 7, 5, 2, 3, 12, 2, 6, 2, 9, 8, 5, 2, 6, 10, 4, 2, 4, 2]
380000: [13, 7, 22, 21, 3, 15, 10, 19, 7, 5, 3, 3, 4, 8, 5, 6, 10, 2, 2, 2, 3, 2, 2]
385000: [7, 23, 14, 19, 19, 4, 12, 3, 8, 2, 6, 2, 6, 5, 2, 6, 11, 4, 3, 2, 2, 2, 2, 2, 2, 2]
390000: [13, 6, 20, 14, 16, 3, 20, 4, 4, 8, 2, 4, 2, 8, 2, 6, 12, 8, 4, 2, 3, 2, 2, 2, 2]
395000: [13, 7, 26, 14, 15, 19, 4, 4, 8, 4, 9, 2, 5, 12, 10, 2, 2, 2, 3]
400000: [12, 3, 25, 15, 2, 14, 19, 2, 4, 6, 4, 7, 4, 11, 9, 4, 2, 7, 8, 2, 2, 2, 2]
405000: [12, 7, 27, 14, 14, 2, 21, 2, 2, 2, 4, 7, 4, 12, 9, 3, 5, 7, 10, 2, 2, 2, 2, 2, 2]
410000: [8, 26, 14, 13, 3, 20, 2, 13, 2, 4, 8, 3, 13, 8, 2, 4, 2, 6, 10, 3, 2, 2, 2]
415000: [2, 9, 24, 14, 12, 3, 22, 13, 2, 4, 4, 8, 11, 11, 12, 2, 4, 6, 3, 2, 2, 2, 2, 2]
420000: [9, 26, 15, 13, 4, 20, 13, 4, 4, 7, 13, 11, 9, 2, 2, 4, 7, 3, 3, 2, 2, 2]
425000: [10, 25, 15, 14, 2, 20, 13, 5, 2, 4, 6, 12, 11, 2, 9, 2, 4, 8, 2, 2, 2, 3, 2]
430000: [2, 9, 24, 20, 16, 15, 2, 13, 2, 5, 6, 7, 10, 13, 10, 2, 4, 2, 5, 3, 2]
435000: [8, 23, 21, 20, 15, 2, 13, 2, 4, 7, 7, 10, 12, 3, 4, 8, 5, 2, 2]
440000: [7, 23, 21, 17, 15, 13, 5, 5, 5, 10, 11, 2, 2, 2, 6, 8, 2, 6, 2, 2, 2, 2]
445000: [7, 24, 22, 18, 15, 14, 4, 5, 5, 13, 11, 2, 3, 8, 7, 2, 2, 5, 2, 2, 2, 2, 3]
450000: [2, 5, 24, 22, 17, 2, 15, 2, 4, 15, 12, 5, 6, 2, 13, 3, 9, 6, 2, 4, 2, 3]
455000: [6, 24, 21, 16, 2, 14, 4, 14, 12, 3, 7, 12, 3, 9, 6, 2, 3, 4, 2]
460000: [2, 7, 25, 22, 17, 16, 3, 15, 11, 3, 6, 11, 2, 8, 2, 10, 2, 4, 4]
465000: [7, 27, 27, 17, 16, 3, 3, 13, 11, 4, 7, 11, 2, 10, 5, 2, 2, 2, 2, 2, 2, 2]
470000: [7, 27, 24, 16, 14, 3, 3, 2, 14, 9, 5, 6, 11, 2, 12, 2, 4, 2]
475000: [9, 27, 23, 16, 14, 3, 14, 2, 10, 6, 5, 6, 2, 3, 12, 3, 2, 12, 2, 2, 2, 2, 2, 2]
480000: [8, 27, 22, 16, 14, 2, 5, 13, 11, 4, 6, 2, 12, 3, 2, 11, 7, 2, 2, 2, 2, 3, 2, 2]
485000: [10, 28, 20, 2, 17, 14, 6, 15, 12, 4, 7, 11, 3, 2, 12, 7, 2, 3, 2, 2]
490000: [8, 26, 20, 14, 17, 14, 13, 13, 6, 5, 3, 3, 2, 11, 2, 7, 6, 2]
495000: [9, 27, 19, 13, 16, 16, 12, 13, 13, 2, 5, 6, 2, 2, 2, 3, 2, 6, 4, 2, 2]
500000: [9, 27, 18, 12, 17, 16, 13, 5, 15, 13, 5, 8, 3, 2, 2, 2, 6, 5, 2, 2, 2]
505000: [7, 27, 17, 13, 18, 17, 13, 2, 2, 2, 13, 2, 12, 7, 2, 5, 3, 8, 4, 2, 2, 3, 2, 2]
510000: [8, 28, 18, 12, 19, 18, 11, 13, 2, 12, 2, 2, 5, 7, 3, 2, 7, 2, 4, 2, 2, 2, 2]
515000: [9, 4, 18, 13, 18, 18, 26, 11, 14, 13, 5, 3, 5, 7, 5, 2, 2, 2]
520000: [11, 9, 4, 18, 11, 18, 17, 29, 12, 14, 7, 6, 4, 5, 6]
525000: [3, 2, 20, 17, 29, 10, 9, 17, 2, 11, 13, 8, 4, 2, 11, 4, 5, 2, 7, 2, 2]
530000: [13, 19, 21, 29, 10, 8, 19, 9, 11, 13, 4, 3, 4, 2, 6, 2, 2]
535000: [10, 19, 19, 27, 12, 20, 4, 9, 8, 12, 13, 5, 5, 5, 2, 2]
540000: [2, 13, 20, 17, 27, 13, 4, 18, 9, 8, 2, 12, 12, 2, 6, 2, 4, 3, 2]
545000: [11, 19, 2, 18, 27, 12, 3, 17, 3, 9, 8, 6, 12, 13, 5, 2, 3, 2, 2]
550000: [5, 12, 18, 14, 17, 28, 12, 18, 9, 9, 4, 12, 2, 2, 3, 2, 3, 2, 2]
555000: [6, 2, 12, 20, 13, 27, 16, 18, 8, 8, 4, 13, 11, 5, 2, 2, 2, 2]
560000: [6, 14, 19, 26, 15, 18, 8, 8, 4, 12, 10, 2, 11, 5, 2, 2, 2, 2]
565000: [7, 8, 13, 20, 26, 14, 18, 8, 3, 12, 12, 11, 4, 2, 3, 2]
570000: [5, 8, 15, 13, 19, 29, 15, 18, 2, 8, 4, 2, 11, 11, 2, 5, 3, 2, 2, 2, 2, 2]
575000: [6, 10, 11, 20, 27, 14, 18, 9, 4, 13, 2, 11, 12, 2, 6, 2, 2]
580000: [6, 11, 12, 2, 18, 28, 15, 20, 9, 5, 12, 10, 12, 6, 2, 2, 2, 2, 2, 2]
585000: [7, 11, 11, 2, 18, 26, 16, 20, 10, 8, 9, 12, 2, 2, 11, 5, 2, 2, 2, 2]
590000: [10, 3, 12, 20, 28, 16, 20, 11, 10, 2, 8, 13, 9, 10, 3, 3, 2, 3]
595000: [9, 9, 23, 2, 12, 19, 27, 17, 12, 11, 2, 12, 8, 4, 11, 2, 4, 2, 2]
600000: [8, 9, 24, 10, 2, 19, 27, 18, 12, 9, 2, 12, 8, 3, 10, 2, 4, 2]
605000: [10, 25, 11, 20, 29, 17, 11, 8, 9, 12, 8, 12, 3, 2, 2, 4, 2]
610000: [10, 26, 11, 12, 19, 29, 17, 11, 2, 7, 2, 13, 8, 8, 2, 2, 2, 2, 2]
615000: [23, 8, 11, 12, 19, 30, 14, 12, 2, 13, 8, 8, 6, 2, 2, 2, 3]
620000: [21, 7, 11, 13, 20, 29, 13, 13, 2, 13, 9, 8, 7, 2, 2, 4, 2]
625000: [19, 7, 13, 10, 19, 5, 29, 15, 13, 3, 15, 8, 9, 3, 2, 2, 6, 2]
630000: [20, 5, 11, 11, 19, 31, 16, 12, 7, 2, 13, 12, 9, 5, 3, 2, 2, 2]
635000: [20, 5, 11, 11, 21, 32, 16, 14, 5, 12, 10, 10, 2, 5, 2, 2]
640000: [20, 5, 11, 12, 22, 32, 16, 13, 11, 10, 11, 2, 3, 4]
645000: [2, 21, 6, 11, 13, 23, 32, 14, 9, 11, 9, 9, 2, 2, 4, 2, 4, 2]
650000: [23, 8, 9, 14, 23, 31, 15, 9, 13, 11, 2, 10, 2, 7, 4, 2]
655000: [21, 8, 9, 14, 21, 29, 16, 8, 2, 2, 14, 11, 11, 2, 4, 2, 2]
660000: [22, 8, 9, 12, 21, 29, 17, 8, 2, 13, 12, 2, 8, 2, 5, 2, 2, 2, 3, 2]
665000: [19, 10, 10, 21, 30, 17, 8, 15, 12, 6, 12, 8, 2, 2, 2, 2]
670000: [19, 8, 11, 21, 30, 16, 10, 3, 13, 2, 2, 9, 5, 14, 9, 2, 2, 2, 2, 2]
675000: [20, 9, 10, 20, 29, 16, 9, 2, 13, 2, 9, 3, 4, 14, 10, 2, 2, 3, 2, 2, 2, 2, 2]
680000: [20, 8, 10, 20, 29, 16, 9, 13, 9, 4, 13, 10, 2, 2, 2, 2]
685000: [20, 9, 9, 10, 19, 31, 15, 13, 14, 13, 3, 6, 2, 2, 2, 3, 2, 2, 3]
690000: [23, 9, 9, 10, 21, 31, 14, 13, 2, 15, 10, 5, 7, 4, 2, 2, 3]
695000: [20, 9, 8, 21, 30, 15, 2, 12, 2, 8, 9, 13, 2, 10, 5, 3, 3, 2, 2]
700000: [19, 8, 8, 20, 6, 28, 15, 11, 2, 9, 10, 13, 9, 2, 2, 2, 2, 2, 2, 2]
705000: [19, 9, 12, 21, 7, 28, 14, 7, 13, 14, 10, 2, 7, 3, 2, 2, 2]
710000: [20, 2, 12, 16, 9, 18, 7, 28, 13, 5, 13, 10, 11, 2, 2, 2]
715000: [21, 12, 11, 6, 17, 29, 14, 5, 13, 13, 2, 10, 2, 15, 2]
720000: [12, 10, 21, 6, 18, 30, 14, 6, 2, 14, 12, 3, 9, 2, 2, 16, 3, 3, 2, 2, 2, 2]
725000: [24, 12, 10, 7, 17, 31, 14, 7, 2, 12, 10, 16, 2, 9, 3, 2, 2, 2, 2]
730000: [23, 3, 12, 8, 7, 18, 31, 14, 12, 12, 2, 8, 7, 16, 2, 2]
735000: [21, 2, 13, 11, 6, 20, 33, 13, 11, 13, 2, 14, 7, 2, 2, 7, 2, 2, 2]
740000: [20, 4, 12, 11, 13, 6, 19, 32, 14, 2, 10, 2, 16, 7, 2, 2, 2, 7, 2, 2, 2, 2]
745000: [18, 14, 11, 2, 12, 6, 19, 32, 14, 2, 8, 11, 16, 2, 8, 3, 3, 2, 2]
750000: [14, 11, 9, 19, 7, 20, 32, 14, 8, 10, 2, 2, 14, 2, 8, 2, 2, 2, 2]
755000: [18, 17, 13, 12, 8, 6, 19, 31, 14, 9, 2, 13, 9, 2, 2, 2, 2, 2, 2]
760000: [18, 18, 13, 11, 10, 6, 19, 32, 14, 2, 13, 8, 2, 2, 10, 3, 2]
765000: [18, 14, 13, 11, 10, 5, 19, 33, 15, 2, 12, 3, 2, 9, 2, 9, 2, 2, 3]
770000: [20, 14, 21, 10, 9, 2, 7, 14, 31, 11, 2, 12, 2, 2, 8, 3, 9, 2, 2, 2]
775000: [21, 2, 14, 21, 10, 11, 8, 15, 29, 2, 3, 12, 12, 8, 3, 2, 2, 8, 2, 2, 2, 2]
780000: [21, 15, 22, 12, 11, 6, 14, 27, 2, 13, 13, 2, 8, 8, 2, 2, 2, 3, 2]
785000: [22, 15, 22, 14, 11, 7, 15, 26, 4, 13, 2, 8, 2, 2, 9, 10, 3]
790000: [21, 13, 14, 12, 7, 19, 15, 4, 27, 3, 11, 2, 9, 2, 9, 10, 3, 2, 2]
795000: [19, 14, 18, 13, 14, 5, 26, 11, 2, 11, 12, 5, 2, 2, 2, 8, 9, 2, 2]
800000: [18, 13, 2, 12, 11, 9, 20, 12, 14, 3, 2, 28, 2, 2, 12, 14, 5, 2, 2]
805000: [18, 13, 11, 11, 8, 20, 13, 3, 9, 28, 11, 14, 6, 2, 2, 2, 2]
810000: [16, 10, 9, 8, 19, 14, 4, 9, 27, 11, 17, 12, 2, 2, 5, 2, 2]
815000: [17, 7, 7, 18, 13, 19, 13, 4, 8, 26, 11, 12, 4, 6, 2, 2, 2, 2]
820000: [2, 9, 8, 19, 13, 19, 15, 4, 9, 27, 3, 14, 11, 13, 2, 6, 2]
825000: [10, 8, 19, 14, 19, 16, 29, 3, 15, 11, 8, 11, 6, 2, 4]
830000: [17, 2, 2, 10, 8, 9, 20, 13, 18, 7, 2, 28, 14, 11, 2, 12, 2, 4, 2, 2, 2, 2]
835000: [16, 12, 9, 9, 10, 20, 14, 18, 7, 2, 28, 12, 14, 2, 2, 2, 4]
840000: [16, 12, 7, 8, 20, 11, 17, 6, 27, 13, 6, 2, 14, 2, 4, 2]
845000: [17, 13, 7, 7, 18, 12, 17, 6, 27, 13, 6, 13, 2, 2, 4, 2]
850000: [18, 13, 9, 9, 18, 12, 17, 3, 6, 29, 11, 6, 12, 2, 3, 5, 2]
855000: [19, 2, 11, 8, 7, 20, 11, 19, 6, 29, 2, 11, 7, 13, 2, 5, 2, 2, 2, 2, 2, 2, 2]
860000: [18, 10, 20, 7, 8, 20, 11, 9, 30, 12, 9, 2, 12, 3, 4, 2, 2, 2]
865000: [17, 13, 19, 8, 10, 21, 12, 7, 33, 10, 9, 13, 3, 2, 3, 2, 2]
870000: [15, 13, 19, 9, 7, 19, 12, 7, 2, 31, 11, 8, 4, 12, 5, 2, 2, 2]
875000: [13, 10, 19, 9, 9, 21, 12, 8, 31, 11, 10, 3, 12, 2, 4, 2, 3, 2, 2]
880000: [13, 10, 19, 8, 9, 20, 10, 8, 29, 12, 11, 3, 12, 2, 5, 2, 2, 2, 2]
885000: [13, 2, 2, 9, 17, 8, 9, 19, 9, 31, 13, 11, 3, 14, 3, 9, 2, 5, 3]
890000: [12, 21, 9, 19, 7, 9, 6, 2, 30, 13, 11, 13, 2, 9, 3, 2, 2, 2, 2]
895000: [12, 13, 8, 21, 6, 9, 22, 6, 2, 33, 10, 12, 11, 4, 2, 2]
900000: [14, 13, 12, 17, 9, 8, 21, 31, 7, 6, 2, 10, 2, 11, 2, 2, 11, 2, 2]
905000: [14, 12, 12, 19, 8, 7, 19, 29, 8, 5, 10, 10, 11, 2, 2, 2, 2, 2]
910000: [14, 13, 13, 19, 8, 7, 19, 28, 9, 2, 6, 2, 8, 10, 13, 2, 2, 2, 2]
915000: [14, 13, 13, 19, 7, 6, 21, 28, 7, 8, 3, 8, 10, 11, 2, 2, 2]
920000: [14, 14, 12, 19, 7, 7, 21, 29, 7, 5, 2, 8, 11, 2, 14, 2, 2, 2, 2, 2]
925000: [14, 13, 19, 9, 7, 20, 11, 28, 13, 8, 6, 8, 2, 12, 2, 2, 2, 2, 2]
930000: [14, 20, 9, 19, 28, 13, 10, 7, 4, 3, 12, 8, 2, 12, 7, 2, 2, 2, 2]
935000: [14, 2, 9, 19, 31, 15, 4, 12, 9, 20, 13, 11, 7, 7, 2]
940000: [15, 9, 9, 19, 31, 14, 2, 5, 5, 11, 10, 13, 9, 17, 2, 2, 2, 2, 2]
945000: [14, 11, 21, 32, 13, 6, 5, 12, 12, 2, 13, 17, 2, 8, 2, 8]
950000: [15, 14, 20, 32, 13, 5, 6, 2, 13, 17, 9, 3, 11, 8, 2, 9, 2]
955000: [15, 15, 10, 2, 21, 33, 13, 6, 6, 2, 13, 18, 2, 3, 11, 9, 4, 9, 2, 2]
960000: [14, 8, 21, 30, 14, 4, 5, 12, 14, 14, 18, 3, 8, 8, 2]
965000: [14, 9, 19, 27, 14, 2, 4, 13, 5, 3, 12, 12, 18, 3, 8, 4, 7, 2]
970000: [14, 9, 21, 27, 15, 4, 15, 5, 2, 12, 10, 18, 2, 8, 3, 7, 2, 2, 2]
975000: [16, 9, 21, 29, 14, 2, 4, 13, 5, 11, 2, 2, 11, 18, 9, 2, 8, 2, 2]
980000: [15, 8, 20, 29, 12, 6, 6, 11, 11, 19, 12, 2, 2, 9, 2, 8, 2, 2]
985000: [14, 7, 21, 29, 12, 6, 5, 12, 12, 17, 13, 3, 10, 2, 2, 7]
990000: [14, 7, 18, 30, 15, 7, 5, 12, 13, 17, 13, 2, 5, 7, 2, 11, 2]
995000: [29, 2, 14, 8, 20, 14, 6, 6, 13, 2, 17, 13, 12, 7, 10, 2, 3, 2]
1000000: [29, 15, 9, 18, 8, 3, 10, 14, 12, 18, 11, 12, 8, 2, 3, 3, 2, 2]
1005000: [30, 14, 10, 20, 2, 7, 4, 9, 12, 14, 17, 10, 12, 2, 7, 2, 2, 2]
1010000: [27, 13, 14, 18, 10, 18, 6, 9, 15, 11, 11, 2, 2, 7, 2, 2, 3, 2]
1015000: [27, 2, 12, 15, 19, 13, 21, 5, 5, 11, 2, 15, 11, 9, 2, 6, 2, 2, 2, 2, 2, 2, 2]
1020000: [26, 11, 17, 19, 9, 20, 6, 13, 2, 2, 2, 12, 2, 11, 8, 2, 10, 3, 5, 2]
1025000: [26, 11, 17, 19, 9, 2, 21, 6, 12, 13, 11, 8, 10, 2, 2, 4]
1030000: [26, 17, 19, 8, 22, 6, 5, 13, 13, 2, 12, 11, 8, 9, 2, 2, 2]
1035000: [27, 17, 20, 8, 21, 6, 2, 4, 11, 13, 14, 11, 8, 2, 2, 8, 2, 2, 3, 2, 2]
1040000: [29, 18, 18, 8, 22, 6, 4, 2, 10, 12, 13, 11, 9, 2, 8, 2]
1045000: [29, 18, 18, 9, 22, 6, 5, 10, 12, 12, 11, 10, 7, 2, 2, 2, 2, 2]
1050000: [29, 14, 17, 18, 9, 19, 6, 3, 6, 10, 12, 10, 13, 9, 2, 2]
1055000: [29, 23, 12, 17, 17, 7, 5, 10, 9, 2, 12, 11, 12, 2, 8, 2, 2]
1060000: [28, 12, 17, 17, 24, 9, 10, 9, 12, 2, 12, 11, 7, 5, 2]
1065000: [29, 12, 16, 17, 8, 23, 7, 9, 9, 12, 11, 2, 2, 12, 5, 3, 2, 2, 2]
1070000: [27, 13, 17, 19, 8, 20, 6, 2, 9, 2, 9, 13, 13, 2, 11, 2, 4, 2, 2, 3, 3]
1075000: [27, 13, 15, 19, 12, 21, 6, 3, 10, 9, 17, 11, 10, 4, 2]
1080000: [27, 15, 20, 11, 21, 7, 9, 11, 18, 12, 9, 4, 10, 2, 2]
1085000: [27, 14, 19, 12, 21, 7, 8, 11, 18, 14, 9, 5, 11, 2]
1090000: [26, 13, 20, 11, 20, 7, 8, 12, 16, 12, 9, 5, 10, 2, 2, 2]
1095000: [26, 15, 20, 10, 19, 6, 9, 11, 15, 11, 10, 4, 10, 2]
1100000: [26, 8, 12, 20, 12, 19, 11, 12, 11, 15, 5, 10, 8, 2, 2, 2]
1105000: [26, 8, 13, 21, 13, 22, 11, 12, 10, 14, 4, 2, 12, 2, 9, 2, 2, 2, 2, 2]
1110000: [26, 8, 13, 14, 23, 13, 21, 10, 10, 13, 4, 11, 10, 2, 2, 2]
1115000: [26, 6, 14, 15, 22, 13, 21, 9, 2, 10, 14, 4, 11, 2, 11, 2, 2, 2]
1120000: [27, 15, 14, 20, 13, 21, 7, 9, 10, 15, 4, 11, 10, 2, 2, 2]
1125000: [25, 13, 14, 18, 11, 21, 2, 6, 2, 9, 11, 14, 4, 2, 11, 9, 2]
1130000: [25, 13, 17, 20, 11, 7, 11, 2, 9, 19, 13, 5, 11, 7, 2, 2, 2, 2, 2, 2, 2]
1135000: [26, 12, 18, 21, 11, 11, 2, 10, 19, 13, 12, 2, 7, 4, 5, 2, 2, 2, 2]
1140000: [27, 15, 19, 12, 13, 11, 21, 18, 12, 6, 12, 8, 2, 2, 5, 2, 2, 2, 2, 2]
1145000: [27, 13, 21, 11, 2, 11, 15, 18, 10, 2, 14, 12, 6, 8, 4]
1150000: [27, 12, 2, 21, 13, 13, 9, 15, 2, 18, 11, 11, 4, 6, 8, 2, 4, 2, 2, 2]
1155000: [26, 2, 12, 20, 5, 10, 10, 15, 19, 12, 11, 5, 9, 2, 11, 4]
1160000: [24, 12, 19, 6, 11, 12, 15, 20, 2, 12, 12, 2, 10, 4, 2, 2, 11, 2, 2, 2]
1165000: [24, 2, 12, 19, 14, 6, 12, 13, 15, 22, 2, 12, 9, 5, 2, 11]
1170000: [23, 12, 2, 21, 11, 7, 12, 12, 21, 2, 11, 13, 5, 10, 12, 2, 2]
1175000: [25, 12, 21, 12, 7, 12, 10, 20, 11, 17, 4, 10, 2, 11, 2]
1180000: [26, 12, 21, 11, 6, 13, 12, 20, 2, 9, 15, 9, 2, 11, 2, 2, 2, 3, 2]
1185000: [28, 12, 20, 12, 6, 12, 13, 11, 2, 21, 9, 14, 9, 2, 3]
1190000: [27, 12, 20, 11, 5, 12, 12, 11, 22, 2, 10, 13, 9, 2, 3]
1195000: [11, 18, 2, 11, 5, 12, 25, 2, 10, 10, 2, 20, 10, 13, 8, 4, 2, 2]
1200000: [11, 18, 2, 11, 7, 10, 24, 11, 11, 2, 20, 9, 13, 9, 4, 2, 2]
1205000: [11, 19, 11, 7, 10, 27, 11, 12, 2, 20, 10, 2, 14, 8, 2, 4, 2, 2, 2]
1210000: [2, 11, 21, 27, 12, 7, 11, 11, 13, 2, 20, 10, 15, 8, 4, 2]
1215000: [11, 20, 27, 11, 6, 12, 12, 12, 2, 20, 16, 11, 2, 2, 9, 4, 2]
1220000: [10, 19, 29, 9, 5, 33, 2, 12, 12, 13, 4, 17, 2, 10, 2, 2]
1225000: [9, 20, 30, 14, 8, 6, 30, 12, 11, 7, 16, 10, 2, 2, 2]
1230000: [10, 19, 30, 12, 8, 29, 7, 12, 12, 7, 17, 2, 2, 11, 2, 2, 2, 2]
1235000: [17, 12, 29, 11, 10, 27, 6, 12, 6, 18, 11, 11]
1240000: [20, 12, 27, 10, 10, 29, 6, 12, 13, 2, 5, 18, 11, 3]
1245000: [19, 14, 27, 11, 11, 29, 6, 11, 13, 6, 16, 12, 2, 2, 2]
1250000: [19, 2, 14, 26, 11, 11, 30, 7, 9, 13, 2, 2, 5, 15, 11, 2, 2, 3]
1255000: [18, 14, 26, 12, 12, 30, 7, 8, 2, 13, 6, 2, 15, 13, 2, 2, 2, 2, 2]
1260000: [18, 14, 26, 14, 12, 12, 6, 28, 9, 8, 16, 13, 2, 2, 2]
1265000: [18, 14, 26, 13, 13, 12, 6, 8, 28, 7, 17, 12, 3, 2, 2, 2]
1270000: [19, 14, 9, 28, 14, 13, 12, 8, 26, 2, 18, 6, 12, 2, 2, 2]
1275000: [19, 16, 8, 28, 14, 12, 10, 7, 28, 2, 18, 5, 12, 2, 2, 2, 2]
1280000: [19, 15, 28, 14, 10, 7, 28, 20, 7, 9, 2, 4, 10, 2, 2]
1285000: [19, 15, 28, 13, 8, 11, 30, 22, 7, 4, 10, 2, 2, 6, 2]
1290000: [21, 11, 29, 14, 9, 10, 31, 21, 7, 2, 2, 4, 9, 2, 2, 6]
1295000: [20, 11, 28, 14, 9, 10, 31, 20, 2, 7, 4, 9, 2, 2, 6, 2, 2]
1300000: [21, 11, 29, 15, 11, 9, 30, 19, 7, 7, 4, 9, 3, 2, 2]
1305000: [20, 11, 27, 14, 12, 9, 30, 18, 7, 5, 9, 3, 2, 4, 2, 2, 2, 2]
1310000: [19, 12, 29, 14, 31, 11, 9, 16, 2, 7, 3, 2, 4, 8, 2]
1315000: [21, 13, 28, 13, 32, 11, 10, 15, 7, 4, 9, 4, 2, 2, 2]
1320000: [21, 10, 13, 27, 13, 32, 11, 8, 15, 7, 4, 2, 5, 2, 2, 2, 2]
1325000: [22, 9, 15, 29, 14, 31, 11, 9, 17, 7, 6, 2, 2, 2]
1330000: [14, 22, 28, 13, 31, 10, 9, 16, 9, 3, 6, 4, 2, 8, 2, 2]
1335000: [15, 24, 28, 13, 29, 10, 8, 17, 9, 2, 3, 2, 2, 6, 4, 10, 2]
1340000: [15, 21, 27, 13, 29, 11, 2, 8, 17, 12, 2, 6, 4, 2, 10, 2, 2]
1345000: [14, 10, 19, 26, 14, 29, 9, 18, 8, 2, 3, 7, 10, 2]
1350000: [18, 15, 10, 28, 13, 31, 2, 8, 17, 9, 2, 10, 6, 3, 2, 2]
1355000: [11, 19, 14, 11, 27, 14, 17, 31, 8, 9, 12, 3, 2]
1360000: [13, 19, 13, 11, 28, 13, 2, 16, 30, 2, 9, 2, 2, 2, 6, 12, 2]
1365000: [13, 13, 12, 20, 30, 13, 29, 2, 16, 2, 2, 9, 3, 6, 11, 2, 2, 2, 2]
1370000: [11, 13, 11, 21, 29, 12, 27, 16, 2, 10, 3, 6, 11, 2, 2, 2]
1375000: [9, 16, 11, 21, 29, 12, 28, 17, 10, 2, 9, 5, 6, 2, 2, 2]
1380000: [11, 21, 28, 12, 17, 11, 9, 27, 9, 3, 13, 6, 2, 2, 2]
1385000: [18, 11, 20, 25, 11, 2, 10, 9, 28, 8, 15, 3, 2, 6, 2, 2]
1390000: [27, 19, 21, 12, 10, 31, 9, 9, 8, 7, 12, 5, 2, 2, 2, 2]
1395000: [10, 27, 20, 26, 12, 10, 18, 10, 8, 2, 8, 11, 4, 2, 2, 2]
1400000: [9, 13, 28, 22, 26, 13, 11, 18, 10, 2, 9, 8, 6, 2, 2, 2, 2, 2, 2]
1405000: [10, 27, 20, 25, 14, 11, 2, 17, 10, 12, 2, 8, 7, 7, 2, 2, 2, 2]
1410000: [10, 27, 2, 20, 26, 13, 11, 17, 10, 12, 2, 9, 6, 4, 2, 2]
1415000: [10, 13, 28, 20, 25, 13, 11, 3, 15, 12, 8, 7, 2, 7, 2, 2]
1420000: [10, 14, 29, 13, 20, 27, 12, 17, 2, 2, 8, 7, 2, 5, 10, 2, 3, 2, 2, 2]
1425000: [10, 14, 27, 20, 25, 12, 12, 17, 11, 9, 2, 8, 2, 4, 2]
1430000: [11, 15, 27, 20, 25, 14, 11, 16, 11, 2, 2, 8, 8, 4]
1435000: [11, 13, 28, 26, 19, 15, 11, 15, 9, 2, 2, 9, 8, 5, 2, 2]
1440000: [10, 14, 26, 28, 19, 17, 12, 2, 15, 10, 2, 2, 8, 3, 2, 8, 2, 2, 2, 2, 2]
1445000: [9, 14, 25, 27, 2, 19, 14, 10, 15, 11, 2, 4, 9, 2, 2, 8, 2]
1450000: [9, 15, 27, 26, 18, 14, 11, 2, 16, 12, 2, 2, 4, 10, 2, 8]
1455000: [9, 13, 26, 28, 11, 19, 15, 11, 2, 14, 12, 4, 2, 2, 8]
1460000: [11, 12, 27, 29, 11, 20, 15, 12, 13, 14, 2, 3, 10, 2, 2, 2, 2]
1465000: [11, 13, 27, 30, 13, 21, 11, 14, 12, 13, 2, 8, 2, 2]
1470000: [11, 13, 28, 31, 11, 20, 4, 12, 11, 13, 12, 2, 9, 2, 2, 2, 2]
1475000: [13, 28, 34, 9, 19, 2, 11, 13, 2, 14, 10, 4, 7, 12, 2, 2]
1480000: [13, 29, 30, 9, 19, 2, 12, 13, 2, 16, 11, 4, 11, 2, 10, 2, 2, 2]
1485000: [13, 28, 30, 8, 18, 12, 12, 16, 11, 5, 8, 10, 2]
1490000: [14, 28, 29, 8, 19, 12, 12, 9, 16, 9, 4, 11, 2, 2]
1495000: [16, 28, 28, 9, 20, 12, 16, 2, 11, 9, 2, 2, 3, 8, 11, 2, 2]
1500000: [14, 28, 28, 8, 2, 12, 16, 12, 10, 5, 18, 7, 2, 10]
1505000: [10, 15, 28, 27, 9, 6, 11, 2, 16, 12, 10, 3, 18, 8, 2, 2, 2, 2, 2, 2]
1510000: [11, 15, 28, 27, 10, 11, 16, 11, 9, 4, 19, 10, 2, 2, 2, 2]
1515000: [12, 12, 28, 28, 9, 2, 11, 14, 10, 8, 5, 17, 8, 2, 2, 2]
1520000: [12, 29, 28, 10, 2, 11, 15, 12, 10, 5, 2, 17, 2, 8, 11, 2, 2, 2]
1525000: [14, 28, 29, 10, 12, 15, 11, 10, 5, 2, 2, 18, 2, 8, 2, 11]
1530000: [15, 29, 29, 9, 12, 2, 2, 16, 11, 12, 5, 18, 8, 2, 11, 2, 2, 2, 2]
1535000: [29, 14, 29, 9, 15, 11, 18, 11, 6, 18, 2, 2, 10, 2, 11]
1540000: [14, 27, 30, 2, 2, 11, 10, 17, 10, 5, 3, 18, 13, 2, 11, 12, 2]
1545000: [21, 27, 29, 12, 2, 2, 11, 11, 3, 17, 2, 5, 14, 13, 2, 10, 13, 2]
1550000: [19, 27, 28, 11, 10, 2, 11, 18, 4, 12, 2, 13, 8, 2, 11, 2, 2]
1555000: [19, 29, 27, 12, 5, 10, 17, 12, 2, 9, 12, 8, 11, 2]
1560000: [18, 29, 25, 13, 13, 5, 10, 19, 9, 8, 12, 12, 2]
1565000: [17, 26, 30, 11, 12, 5, 9, 17, 7, 8, 11, 13, 2, 2]
1570000: [18, 26, 29, 12, 11, 6, 9, 2, 16, 9, 8, 12, 2, 12, 2]
1575000: [17, 28, 29, 11, 12, 5, 9, 16, 2, 10, 9, 12, 12]
1580000: [17, 27, 33, 12, 12, 5, 9, 16, 12, 2, 9, 7, 2, 13, 2, 2, 2]
1585000: [21, 28, 30, 10, 11, 4, 11, 15, 10, 9, 8, 2, 13, 2, 2]
1590000: [21, 31, 10, 11, 25, 5, 11, 2, 16, 11, 8, 8, 14, 2]
1595000: [21, 2, 32, 10, 13, 27, 7, 13, 16, 10, 2, 8, 14, 7, 2, 2]
1600000: [20, 32, 10, 13, 27, 6, 12, 16, 11, 2, 8, 14, 7, 2]
1605000: [20, 32, 9, 13, 8, 27, 8, 11, 16, 10, 8, 2, 12, 2, 2, 3, 2, 2]
1610000: [21, 33, 9, 13, 10, 25, 4, 12, 16, 9, 9, 11, 2, 2]
1615000: [23, 33, 10, 15, 8, 25, 5, 13, 10, 17, 11, 2, 13, 2, 2, 2, 2]
1620000: [20, 11, 14, 9, 26, 32, 11, 10, 17, 11, 2, 15, 4, 2, 2, 2]
1625000: [19, 14, 2, 11, 26, 32, 14, 9, 19, 10, 2, 2, 2, 8, 2, 12, 4, 2, 2, 2]
1630000: [21, 11, 12, 25, 33, 6, 11, 8, 18, 11, 8, 13, 2, 2, 2, 2]
1635000: [19, 12, 9, 12, 25, 2, 33, 4, 12, 2, 17, 10, 9, 12, 2, 2, 2]
1640000: [19, 12, 8, 11, 25, 2, 34, 4, 12, 2, 18, 10, 2, 3, 10, 12, 2, 2]
1645000: [19, 8, 12, 11, 26, 2, 34, 11, 20, 9, 2, 9, 12, 2, 3, 2]
1650000: [21, 12, 9, 11, 26, 32, 10, 19, 11, 12, 3, 7]
1655000: [22, 2, 9, 2, 11, 26, 12, 31, 11, 17, 10, 2, 2, 12, 2, 2, 7, 2, 2]
1660000: [21, 10, 10, 28, 13, 11, 30, 16, 8, 2, 2, 12, 10, 2, 3, 2]
1665000: [19, 10, 10, 27, 13, 10, 30, 16, 10, 2, 2, 13, 2, 2, 2, 10, 2, 2, 3, 2, 2]
1670000: [18, 10, 2, 10, 26, 12, 10, 30, 16, 12, 3, 14, 2, 2, 12, 2, 2, 2, 3]
1675000: [17, 10, 10, 15, 10, 27, 28, 19, 2, 11, 14, 4, 10, 2]
1680000: [19, 11, 10, 14, 3, 10, 25, 27, 19, 10, 13, 5, 9, 2]
1685000: [19, 10, 9, 12, 10, 25, 25, 21, 2, 2, 2, 5, 9, 13, 2, 10, 2]
1690000: [19, 11, 12, 11, 25, 10, 29, 20, 5, 9, 11, 11, 2, 2, 2, 2, 2]
1695000: [18, 10, 11, 12, 24, 28, 18, 10, 5, 14, 2, 9, 3, 2, 11, 2]
1700000: [20, 10, 24, 12, 13, 28, 2, 15, 18, 2, 6, 3, 11, 2, 11]
1705000: [18, 9, 24, 12, 14, 26, 15, 18, 7, 2, 4, 2, 10, 2, 2, 10, 2]
1710000: [19, 10, 26, 13, 14, 26, 13, 17, 6, 3, 8, 10, 2, 2]
1715000: [20, 9, 28, 13, 15, 27, 12, 17, 7, 3, 9, 2, 11, 2, 2, 2, 2]
1720000: [19, 10, 28, 11, 2, 13, 26, 2, 2, 18, 7, 5, 11, 8, 2, 11, 2, 2, 2, 2]
1725000: [18, 10, 29, 11, 13, 29, 17, 8, 5, 12, 8, 10, 2, 2]
1730000: [10, 28, 11, 18, 14, 30, 13, 8, 4, 2, 8, 11, 17]
1735000: [10, 28, 11, 20, 14, 29, 12, 10, 5, 9, 8, 14, 2, 2, 2, 2]
1740000: [11, 11, 10, 18, 14, 28, 30, 12, 9, 9, 4, 15]
1745000: [11, 12, 13, 20, 14, 28, 31, 2, 13, 11, 9, 4, 15, 2, 2]
1750000: [11, 13, 20, 12, 28, 29, 13, 15, 10, 9, 4, 16, 2, 2]
1755000: [12, 13, 20, 13, 26, 29, 15, 6, 2, 13, 10, 4, 16, 2, 2, 2]
1760000: [12, 13, 22, 14, 27, 28, 2, 15, 6, 11, 2, 9, 15, 3, 2]
1765000: [11, 10, 20, 14, 26, 28, 14, 2, 7, 11, 8, 2, 2, 15, 3]
1770000: [13, 11, 2, 19, 12, 24, 32, 2, 3, 5, 11, 7, 7, 12, 2, 16, 2, 2, 2, 2]
1775000: [2, 13, 26, 13, 18, 11, 33, 2, 6, 12, 2, 12, 7, 16, 7]
1780000: [14, 26, 2, 19, 13, 12, 32, 2, 13, 4, 18, 2, 12, 7, 2, 2, 7]
1785000: [12, 27, 12, 17, 13, 33, 13, 3, 12, 8, 19, 10, 2]
1790000: [28, 21, 12, 11, 31, 11, 14, 11, 3, 2, 9, 17, 7, 2]
1795000: [2, 27, 18, 19, 11, 13, 32, 12, 14, 12, 2, 9, 2, 2, 8, 2, 3, 2]
1800000: [27, 18, 18, 12, 15, 31, 2, 11, 15, 11, 9, 7, 2, 2, 2]
1805000: [28, 19, 19, 11, 13, 30, 2, 12, 13, 13, 8, 2, 2, 2, 2, 7, 2, 2]
1810000: [8, 27, 18, 20, 10, 11, 28, 12, 2, 12, 14, 7, 2, 2, 2]
1815000: [7, 25, 17, 22, 10, 11, 11, 16, 8, 12, 2, 28, 2, 2, 2]
1820000: [7, 26, 18, 21, 9, 10, 10, 3, 15, 8, 11, 27, 2, 2, 2, 2, 2]
1825000: [7, 26, 18, 21, 9, 10, 10, 2, 13, 9, 10, 27, 2, 2, 2, 2, 2]
1830000: [6, 26, 19, 22, 9, 10, 10, 13, 9, 12, 27, 2, 2, 2, 2]
1835000: [26, 16, 21, 9, 2, 9, 2, 14, 7, 12, 9, 29, 3, 3, 5, 2, 2, 2]
1840000: [27, 17, 21, 9, 10, 2, 2, 14, 8, 11, 9, 30, 3, 3, 7, 2]
1845000: [26, 17, 22, 10, 10, 14, 7, 13, 9, 31, 2, 8, 2, 2]
1850000: [27, 19, 11, 18, 9, 2, 15, 7, 2, 12, 30, 9, 12, 2, 2]
1855000: [25, 18, 11, 19, 2, 15, 12, 9, 11, 31, 8, 12, 2, 2, 3]
1860000: [24, 17, 10, 20, 14, 9, 9, 12, 30, 8, 10, 2, 2, 2, 2, 2]
1865000: [31, 3, 26, 16, 10, 20, 14, 9, 2, 9, 12, 8, 10, 2, 2, 2]
1870000: [29, 25, 16, 10, 23, 12, 13, 9, 7, 12, 9, 2, 2, 2]
1875000: [29, 3, 25, 16, 15, 10, 23, 13, 10, 8, 11, 8, 2, 2, 2, 2]
1880000: [29, 25, 17, 14, 9, 23, 13, 11, 9, 11, 9, 2, 2, 2]
1885000: [31, 24, 17, 15, 9, 24, 11, 10, 12, 12, 2, 8, 2, 2, 2]
1890000: [31, 25, 16, 11, 22, 14, 11, 9, 11, 9, 9, 2, 2, 2]
1895000: [27, 26, 18, 23, 12, 12, 11, 2, 12, 11, 8, 9, 2, 2, 2, 2]
1900000: [25, 25, 17, 23, 12, 11, 10, 10, 2, 9, 9, 3, 8, 2]
1905000: [26, 26, 21, 9, 11, 12, 2, 2, 12, 2, 10, 16, 9, 9, 2, 2, 2, 2, 2]
1910000: [25, 11, 28, 22, 11, 12, 12, 13, 16, 9, 2, 9, 2, 2]
1915000: [25, 28, 21, 8, 13, 11, 12, 14, 16, 9, 9, 2, 2]
1920000: [26, 20, 7, 13, 2, 11, 11, 14, 25, 16, 9, 2, 14, 2]
1925000: [27, 2, 7, 13, 10, 11, 14, 24, 17, 7, 18, 12, 2]
1930000: [27, 7, 14, 12, 12, 12, 24, 19, 8, 19, 2, 11, 2, 2, 2, 2]
1935000: [26, 7, 13, 13, 10, 25, 19, 9, 19, 2, 12, 2, 12, 2]
1940000: [27, 6, 2, 12, 12, 13, 25, 16, 9, 17, 12, 14, 2, 4, 2, 2]
1945000: [27, 2, 8, 12, 13, 14, 26, 15, 9, 21, 13, 2, 13]
1950000: [28, 9, 11, 13, 12, 26, 15, 2, 10, 19, 2, 13, 12, 4]
1955000: [29, 2, 10, 10, 2, 14, 11, 26, 17, 9, 18, 13, 11, 2, 2, 2]
1960000: [31, 9, 16, 11, 11, 26, 18, 10, 17, 13, 11, 2, 2, 2]
1965000: [32, 9, 15, 3, 10, 2, 11, 25, 19, 8, 17, 14, 12, 2, 2]
1970000: [30, 10, 16, 12, 13, 9, 26, 2, 18, 2, 17, 15, 2, 11, 2, 2]
1975000: [30, 9, 13, 12, 2, 11, 8, 27, 18, 13, 19, 13, 3, 2, 2]
1980000: [28, 8, 13, 11, 11, 9, 28, 16, 13, 18, 13, 2, 2, 3, 2, 2]
1985000: [28, 2, 9, 15, 9, 12, 9, 25, 2, 17, 13, 19, 12, 2, 2]
1990000: [27, 12, 10, 16, 10, 9, 24, 15, 13, 2, 18, 13, 2, 2]
1995000: [27, 13, 2, 2, 15, 11, 10, 10, 2, 24, 17, 13, 17, 14, 2, 2, 2]
2000000: [27, 14, 16, 2, 9, 11, 2, 10, 2, 24, 15, 10, 2, 17, 11, 2, 2]
