# Timesteps, No of clusters, Mean cluster size, Size largest cluster, No clusters size 1, No proteins bound to type 2 poly
1000000 14 21.42857 59 1 299
1005000 14 21.42857 59 1 299
1010000 13 23.07692 59 0 300
1015000 13 23.07692 59 0 299
1020000 13 23.07692 59 0 300
1025000 13 23.07692 59 0 300
1030000 12 25.00000 59 0 300
1035000 12 25.00000 59 0 300
1040000 12 25.00000 59 0 300
1045000 12 25.00000 59 0 300
1050000 12 25.00000 59 0 300
1055000 12 25.00000 59 0 300
1060000 12 25.00000 59 0 300
1065000 12 25.00000 59 0 300
1070000 12 25.00000 59 0 300
1075000 12 25.00000 59 0 300
1080000 12 25.00000 59 0 300
1085000 12 25.00000 59 0 300
1090000 12 25.00000 59 0 300
1095000 12 25.00000 59 0 300
1100000 11 27.27273 59 0 300
1105000 11 27.27273 59 0 300
1110000 11 27.27273 59 0 300
1115000 11 27.27273 59 0 300
1120000 11 27.27273 59 0 300
1125000 11 27.27273 59 0 300
1130000 11 27.27273 59 0 300
1135000 11 27.27273 59 0 300
1140000 11 27.27273 59 0 300
1145000 12 25.00000 59 1 299
1150000 12 25.00000 59 1 299
1155000 12 25.00000 59 1 300
1160000 12 25.00000 59 1 299
1165000 12 25.00000 59 1 300
1170000 12 25.00000 59 1 300
1175000 12 25.00000 59 1 299
1180000 11 27.27273 59 0 300
1185000 11 27.27273 59 0 300
1190000 11 27.27273 59 0 300
1195000 11 27.27273 59 0 300
1200000 11 27.27273 59 0 300
1205000 11 27.27273 59 0 300
1210000 11 27.27273 59 0 300
1215000 11 27.27273 59 0 300
1220000 11 27.27273 59 0 300
1225000 11 27.27273 59 0 300
1230000 11 27.27273 59 0 300
1235000 11 27.27273 59 0 300
1240000 11 27.27273 59 0 300
1245000 11 27.27273 59 0 300
1250000 11 27.27273 59 0 300
1255000 11 27.27273 59 0 300
1260000 11 27.27273 59 0 300
1265000 11 27.27273 59 0 300
1270000 11 27.27273 59 0 299
1275000 11 27.27273 59 0 300
1280000 11 27.27273 59 0 300
1285000 11 27.27273 59 0 300
1290000 11 27.27273 59 0 300
1295000 11 27.27273 59 0 300
1300000 12 25.00000 59 1 299
1305000 11 27.27273 59 0 300
1310000 11 27.27273 59 0 300
1315000 11 27.27273 59 0 300
1320000 11 27.27273 59 0 300
1325000 11 27.27273 59 0 300
1330000 11 27.27273 59 0 300
1335000 11 27.27273 59 0 300
1340000 11 27.27273 59 0 300
1345000 11 27.27273 59 0 300
1350000 11 27.27273 59 0 300
1355000 11 27.27273 59 0 300
1360000 11 27.27273 59 0 300
1365000 11 27.27273 59 0 300
1370000 11 27.27273 59 0 300
1375000 11 27.27273 59 0 300
1380000 11 27.27273 59 0 300
1385000 11 27.27273 59 0 300
1390000 11 27.27273 59 0 300
1395000 11 27.27273 59 0 300
1400000 11 27.27273 59 0 300
1405000 11 27.27273 59 0 299
1410000 12 25.00000 59 1 299
1415000 12 25.00000 59 1 300
1420000 12 25.00000 59 1 299
1425000 12 25.00000 59 1 299
1430000 12 25.00000 59 1 299
1435000 12 25.00000 59 1 299
1440000 12 25.00000 59 1 299
1445000 12 25.00000 59 1 300
1450000 12 25.00000 59 1 299
1455000 12 25.00000 59 1 299
1460000 12 25.00000 59 1 300
1465000 12 25.00000 59 1 299
1470000 12 25.00000 59 1 299
1475000 12 25.00000 59 1 299
1480000 11 27.27273 59 0 300
1485000 11 27.27273 59 0 300
1490000 11 27.27273 59 0 300
1495000 11 27.27273 59 0 300
1500000 11 27.27273 59 0 300
1505000 11 27.27273 59 0 300
1510000 11 27.27273 59 0 300
1515000 11 27.27273 59 0 300
1520000 11 27.27273 59 0 300
1525000 12 25.00000 59 1 299
1530000 12 25.00000 59 1 300
1535000 12 25.00000 59 1 299
1540000 12 25.00000 59 1 300
1545000 12 25.00000 59 1 300
1550000 12 25.00000 59 1 300
1555000 12 25.00000 59 1 300
1560000 12 25.00000 59 1 300
1565000 12 25.00000 59 1 300
1570000 12 25.00000 59 1 300
1575000 12 25.00000 59 1 300
1580000 12 25.00000 59 1 300
1585000 12 25.00000 59 1 300
1590000 12 25.00000 59 1 300
1595000 11 27.27273 59 0 300
1600000 11 27.27273 59 0 300
1605000 11 27.27273 59 0 300
1610000 11 27.27273 59 0 300
1615000 11 27.27273 59 0 300
1620000 11 27.27273 59 0 300
1625000 11 27.27273 59 0 300
1630000 11 27.27273 59 0 300
1635000 11 27.27273 59 0 300
1640000 11 27.27273 59 0 300
1645000 11 27.27273 59 0 300
1650000 11 27.27273 59 0 300
1655000 11 27.27273 59 0 300
1660000 11 27.27273 59 0 300
1665000 11 27.27273 59 0 300
1670000 11 27.27273 59 0 300
1675000 11 27.27273 59 0 300
1680000 11 27.27273 59 0 300
1685000 12 25.00000 59 1 299
1690000 12 25.00000 59 1 299
1695000 12 25.00000 59 1 299
1700000 11 27.27273 59 0 300
1705000 11 27.27273 59 0 300
1710000 11 27.27273 60 0 300
1715000 11 27.27273 60 0 300
1720000 10 30.00000 83 0 300
1725000 10 30.00000 83 0 300
1730000 10 30.00000 83 0 300
1735000 10 30.00000 83 0 300
1740000 10 30.00000 83 0 300
1745000 10 30.00000 83 0 300
1750000 10 30.00000 83 0 300
1755000 10 30.00000 83 0 300
1760000 10 30.00000 83 0 300
1765000 10 30.00000 83 0 300
1770000 10 30.00000 83 0 300
1775000 10 30.00000 83 0 300
1780000 10 30.00000 83 0 300
1785000 10 30.00000 83 0 300
1790000 10 30.00000 83 0 300
1795000 10 30.00000 83 0 300
1800000 10 30.00000 83 0 300
1805000 10 30.00000 83 0 300
1810000 10 30.00000 83 0 300
1815000 10 30.00000 83 0 300
1820000 10 30.00000 83 0 300
1825000 10 30.00000 83 0 300
1830000 10 30.00000 83 0 300
1835000 10 30.00000 83 0 300
1840000 10 30.00000 83 0 300
1845000 10 30.00000 83 0 300
1850000 10 30.00000 83 0 300
1855000 10 30.00000 83 0 300
1860000 10 30.00000 83 0 300
1865000 10 30.00000 83 0 300
1870000 10 30.00000 83 0 300
1875000 10 30.00000 83 0 300
1880000 10 30.00000 83 0 300
1885000 10 30.00000 83 0 300
1890000 10 30.00000 83 0 300
1895000 10 30.00000 83 0 300
1900000 10 30.00000 83 0 300
1905000 10 30.00000 83 0 300
1910000 10 30.00000 83 0 300
1915000 10 30.00000 83 0 300
1920000 10 30.00000 83 0 300
1925000 10 30.00000 83 0 300
1930000 10 30.00000 83 0 300
1935000 10 30.00000 83 0 300
1940000 10 30.00000 83 0 300
1945000 10 30.00000 83 0 300
1950000 10 30.00000 83 0 300
1955000 10 30.00000 83 0 300
1960000 10 30.00000 83 0 300
1965000 10 30.00000 83 0 300
1970000 10 30.00000 83 0 300
1975000 10 30.00000 83 0 300
1980000 10 30.00000 83 0 300
1985000 10 30.00000 83 0 300
1990000 10 30.00000 83 0 300
1995000 10 30.00000 83 0 300
2000000 11 27.27273 83 1 300
