# Timesteps, No of clusters, Mean cluster size, Size largest cluster, No clusters size 1, No proteins bound to type 2 poly
1000000 4 75.00000 107 0 25
1005000 4 75.00000 107 0 23
1010000 4 75.00000 107 0 13
1015000 4 75.00000 107 0 28
1020000 4 75.00000 107 0 25
1025000 4 75.00000 107 0 14
1030000 4 75.00000 107 0 8
1035000 4 75.00000 107 0 8
1040000 4 75.00000 107 0 12
1045000 4 75.00000 107 0 16
1050000 4 75.00000 107 0 20
1055000 4 75.00000 107 0 21
1060000 4 75.00000 107 0 18
1065000 4 75.00000 107 0 18
1070000 4 75.00000 107 0 17
1075000 4 75.00000 107 0 13
1080000 4 75.00000 107 0 13
1085000 4 75.00000 107 0 16
1090000 4 75.00000 107 0 13
1095000 4 75.00000 107 0 25
1100000 4 75.00000 107 0 19
1105000 4 75.00000 107 0 8
1110000 4 75.00000 107 0 11
1115000 4 75.00000 107 0 20
1120000 4 75.00000 107 0 18
1125000 4 75.00000 107 0 8
1130000 4 75.00000 107 0 6
1135000 4 75.00000 107 0 15
1140000 4 75.00000 107 0 18
1145000 4 75.00000 107 0 6
1150000 3 100.00000 124 0 1
1155000 3 100.00000 124 0 0
1160000 3 100.00000 124 0 15
1165000 3 100.00000 124 0 7
1170000 3 100.00000 124 0 4
1175000 3 100.00000 124 0 7
1180000 3 100.00000 124 0 10
1185000 3 100.00000 124 0 13
1190000 3 100.00000 124 0 26
1195000 3 100.00000 124 0 11
1200000 3 100.00000 124 0 13
1205000 3 100.00000 124 0 18
1210000 3 100.00000 124 0 20
1215000 3 100.00000 124 0 9
1220000 3 100.00000 124 0 18
1225000 3 100.00000 124 0 13
1230000 3 100.00000 124 0 9
1235000 3 100.00000 124 0 11
1240000 3 100.00000 124 0 1
1245000 3 100.00000 124 0 23
1250000 3 100.00000 124 0 8
1255000 3 100.00000 124 0 0
1260000 3 100.00000 124 0 6
1265000 3 100.00000 124 0 19
1270000 3 100.00000 124 0 16
1275000 3 100.00000 124 0 3
1280000 3 100.00000 124 0 7
1285000 3 100.00000 124 0 15
1290000 3 100.00000 124 0 9
1295000 3 100.00000 124 0 17
1300000 3 100.00000 124 0 14
1305000 3 100.00000 124 0 8
1310000 3 100.00000 124 0 12
1315000 3 100.00000 124 0 7
1320000 3 100.00000 124 0 27
1325000 3 100.00000 124 0 13
1330000 3 100.00000 124 0 14
1335000 3 100.00000 124 0 14
1340000 3 100.00000 124 0 6
1345000 3 100.00000 124 0 14
1350000 3 100.00000 124 0 7
1355000 3 100.00000 124 0 17
1360000 3 100.00000 124 0 3
1365000 3 100.00000 124 0 15
1370000 3 100.00000 124 0 7
1375000 3 100.00000 124 0 13
1380000 3 100.00000 124 0 5
1385000 3 100.00000 124 0 14
1390000 3 100.00000 124 0 5
1395000 3 100.00000 124 0 8
1400000 3 100.00000 124 0 13
1405000 3 100.00000 124 0 1
1410000 3 100.00000 124 0 14
1415000 3 100.00000 124 0 11
1420000 3 100.00000 124 0 12
1425000 3 100.00000 124 0 8
1430000 3 100.00000 124 0 1
1435000 3 100.00000 124 0 1
1440000 3 100.00000 124 0 10
1445000 3 100.00000 124 0 14
1450000 3 100.00000 124 0 5
1455000 3 100.00000 124 0 11
1460000 3 100.00000 124 0 5
1465000 3 100.00000 124 0 5
1470000 3 100.00000 124 0 7
1475000 3 100.00000 124 0 9
1480000 3 100.00000 124 0 8
1485000 3 100.00000 124 0 5
1490000 3 100.00000 124 0 8
1495000 3 100.00000 124 0 16
1500000 3 100.00000 124 0 10
1505000 3 100.00000 124 0 4
1510000 2 150.00000 176 0 10
1515000 2 150.00000 176 0 8
1520000 2 150.00000 176 0 2
1525000 2 150.00000 176 0 11
1530000 2 150.00000 176 0 2
1535000 2 150.00000 176 0 11
1540000 2 150.00000 176 0 5
1545000 2 150.00000 176 0 11
1550000 2 150.00000 176 0 4
1555000 2 150.00000 176 0 25
1560000 2 150.00000 176 0 7
1565000 2 150.00000 176 0 5
1570000 2 150.00000 176 0 3
1575000 2 150.00000 176 0 5
1580000 2 150.00000 176 0 0
1585000 2 150.00000 176 0 8
1590000 2 150.00000 176 0 7
1595000 2 150.00000 176 0 5
1600000 2 150.00000 176 0 3
1605000 2 150.00000 176 0 9
1610000 2 150.00000 176 0 4
1615000 2 150.00000 176 0 3
1620000 2 150.00000 176 0 9
1625000 2 150.00000 176 0 2
1630000 2 150.00000 176 0 3
1635000 2 150.00000 176 0 0
1640000 2 150.00000 176 0 12
1645000 2 150.00000 176 0 16
1650000 2 150.00000 176 0 5
1655000 2 150.00000 176 0 10
1660000 2 150.00000 176 0 12
1665000 2 150.00000 176 0 13
1670000 2 150.00000 176 0 10
1675000 2 150.00000 176 0 7
1680000 2 150.00000 176 0 16
1685000 2 150.00000 176 0 14
1690000 2 150.00000 176 0 19
1695000 2 150.00000 176 0 19
1700000 2 150.00000 176 0 20
1705000 2 150.00000 176 0 10
1710000 2 150.00000 176 0 12
1715000 2 150.00000 176 0 11
1720000 2 150.00000 176 0 7
1725000 2 150.00000 176 0 2
1730000 2 150.00000 176 0 6
1735000 2 150.00000 176 0 10
1740000 2 150.00000 176 0 15
1745000 2 150.00000 176 0 5
1750000 2 150.00000 176 0 11
1755000 2 150.00000 176 0 11
1760000 2 150.00000 176 0 7
1765000 2 150.00000 176 0 13
1770000 2 150.00000 176 0 11
1775000 2 150.00000 176 0 2
1780000 2 150.00000 176 0 14
1785000 2 150.00000 176 0 12
1790000 2 150.00000 176 0 1
1795000 2 150.00000 176 0 4
1800000 2 150.00000 176 0 6
1805000 2 150.00000 176 0 15
1810000 2 150.00000 176 0 4
1815000 2 150.00000 176 0 11
1820000 2 150.00000 176 0 8
1825000 2 150.00000 176 0 0
1830000 2 150.00000 176 0 3
1835000 2 150.00000 176 0 6
1840000 2 150.00000 176 0 4
1845000 2 150.00000 176 0 14
1850000 2 150.00000 176 0 4
1855000 2 150.00000 176 0 12
1860000 2 150.00000 176 0 3
1865000 2 150.00000 176 0 2
1870000 2 150.00000 176 0 3
1875000 2 150.00000 176 0 8
1880000 2 150.00000 176 0 8
1885000 2 150.00000 176 0 6
1890000 2 150.00000 176 0 17
1895000 2 150.00000 176 0 9
1900000 2 150.00000 176 0 8
1905000 2 150.00000 176 0 6
1910000 2 150.00000 176 0 4
1915000 2 150.00000 176 0 4
1920000 2 150.00000 176 0 2
1925000 2 150.00000 176 0 2
1930000 2 150.00000 176 0 1
1935000 2 150.00000 176 0 3
1940000 2 150.00000 176 0 0
1945000 2 150.00000 176 0 5
1950000 2 150.00000 176 0 3
1955000 2 150.00000 176 0 6
1960000 2 150.00000 176 0 13
1965000 2 150.00000 176 0 11
1970000 2 150.00000 176 0 5
1975000 2 150.00000 176 0 2
1980000 2 150.00000 176 0 1
1985000 2 150.00000 176 0 11
1990000 2 150.00000 176 0 14
1995000 2 150.00000 176 0 14
2000000 2 150.00000 176 0 5
